KEPLER/4.2/binaries/lib/outreach-2.3.0/workflows/data/garp/H1K_SA_Mask.asc
nrows  360
ncols  720
xllcorner  -180.0
yllcorner  -90.0
cellsize  0.5
NODATA_value  -9999
[rows 204 to 237 of 360, columns 231 to 307 of 720]
788.0 1322.0 808.0 971.0 1020.0 665.0 678.0 1027.0 696.0 852.0 691.0 720.0 691.0 522.0 718.0 497.0 573.0 754.0 1092.0 669.0 1013.0 611.0 989.0 539.0 661.0 619.0 829.0 503.0 801.0 635.0 863.0 530.0 600.0 500.0 860.0 607.0 354.0 731.0 646.0 650.0 593.0 563.0 627.0 653.0 277.0 436.0 639.0 499.0 626.0 411.0 530.0 505.0 568.0 749.0 -9999 -9999 -9999 -9999 -9999 -9999 -9999 -9999 -9999 -9999 -9999 -9999 -9999 -9999 -9999 -9999 -9999 -9999 -9999 -9999 -9999 -9999 -9999
1049.0 1193.0 1099.0 899.0 321.0 829.0 706.0 1104.0 463.0 569.0 596.0 842.0 668.0 864.0 637.0 424.0 504.0 1673.0 1147.0 571.0 760.0 853.0 1455.0 725.0 1059.0 725.0 743.0 765.0 734.0 584.0 728.0 682.0 584.0 1899.0 646.0 618.0 795.0 786.0 655.0 443.0 521.0 448.0 613.0 896.0 729.0 626.0 353.0 929.0 811.0 655.0 603.0 557.0 599.0 778.0 -9999 -9999 -9999 -9999 -9999 -9999 -9999 -9999 -9999 -9999 -9999 -9999 -9999 -9999 -9999 -9999 -9999 -9999 -9999 -9999 -9999 -9999 -9999
850.0 912.0 864.0 1032.0 1126.0 1000.0 760.0 671.0 346.0 606.0 592.0 575.0 882.0 722.0 784.0 818.0 631.0 501.0 618.0 512.0 694.0 968.0 516.0 653.0 759.0 864.0 650.0 862.0 735.0 478.0 394.0 748.0 575.0 604.0 439.0 457.0 556.0 528.0 503.0 554.0 861.0 844.0 728.0 362.0 721.0 514.0 356.0 528.0 417.0 956.0 642.0 1173.0 760.0 -9999 -9999 -9999 -9999 -9999 -9999 -9999 -9999 -9999 -9999 -9999 -9999 -9999 -9999 -9999 -9999 -9999 -9999 -9999 -9999 -9999 -9999 -9999 -9999
744.0 829.0 725.0 1061.0 1331.0 624.0 611.0 939.0 921.0 460.0 522.0 800.0 766.0 663.0 593.0 646.0 600.0 790.0 803.0 737.0 460.0 591.0 691.0 905.0 1171.0 711.0 615.0 841.0 739.0 583.0 673.0 531.0 689.0 403.0 325.0 722.0 611.0 795.0 624.0 639.0 656.0 604.0 2010.0 495.0 801.0 482.0 951.0 558.0 374.0 628.0 488.0 899.0 -9999 -9999 -9999 -9999 -9999 -9999 -9999 -9999 -9999 -9999 -9999 -9999 -9999 -9999 -9999 -9999 -9999 -9999 -9999 -9999 -9999 -9999 -9999 -9999 -9999
519.0 1003.0 893.0 691.0 783.0 725.0 853.0 546.0 439.0 769.0 673.0 847.0 496.0 667.0 843.0 545.0 763.0 1147.0 606.0 515.0 438.0 664.0 483.0 573.0 473.0 512.0 1207.0 699.0 500.0 499.0 665.0 429.0 794.0 384.0 336.0 989.0 549.0 829.0 461.0 703.0 616.0 801.0 829.0 454.0 460.0 531.0 1430.0 857.0 603.0 464.0 717.0 864.0 -9999 -9999 -9999 -9999 -9999 -9999 -9999 -9999 -9999 -9999 -9999 -9999 -9999 -9999 -9999 -9999 -9999 -9999 -9999 -9999 -9999 -9999 -9999 -9999 -9999
801.0 955.0 692.0 939.0 639.0 910.0 829.0 693.0 506.0 719.0 325.0 553.0 616.0 511.0 790.0 559.0 503.0 688.0 756.0 910.0 916.0 576.0 1147.0 591.0 479.0 703.0 931.0 789.0 711.0 521.0 393.0 711.0 491.0 1030.0 587.0 934.0 584.0 533.0 784.0 718.0 498.0 698.0 613.0 495.0 480.0 437.0 443.0 422.0 364.0 459.0 642.0 -9999 -9999 -9999 -9999 -9999 -9999 -9999 -9999 -9999 -9999 -9999 -9999 -9999 -9999 -9999 -9999 -9999 -9999 -9999 -9999 -9999 -9999 -9999 -9999 -9999 -9999
772.0 691.0 653.0 691.0 885.0 1693.0 978.0 728.0 569.0 619.0 925.0 479.0 485.0 458.0 846.0 757.0 470.0 387.0 386.0 347.0 664.0 634.0 650.0 515.0 469.0 980.0 590.0 466.0 626.0 426.0 763.0 581.0 422.0 475.0 688.0 490.0 443.0 442.0 568.0 549.0 1150.0 1190.0 478.0 353.0 410.0 526.0 1138.0 527.0 641.0 467.0 501.0 -9999 -9999 -9999 -9999 -9999 -9999 -9999 -9999 -9999 -9999 -9999 -9999 -9999 -9999 -9999 -9999 -9999 -9999 -9999 -9999 -9999 -9999 -9999 -9999 -9999 -9999
1032.0 848.0 1084.0 1308.0 845.0 1310.0 639.0 1568.0 662.0 1099.0 776.0 488.0 519.0 494.0 586.0 614.0 1062.0 1189.0 599.0 431.0 452.0 611.0 596.0 501.0 353.0 645.0 720.0 784.0 567.0 701.0 758.0 453.0 536.0 1030.0 666.0 502.0 409.0 840.0 691.0 696.0 513.0 551.0 656.0 691.0 373.0 459.0 299.0 471.0 345.0 480.0 485.0 980.0 -9999 -9999 -9999 -9999 -9999 -9999 -9999 -9999 -9999 -9999 -9999 -9999 -9999 -9999 -9999 -9999 -9999 -9999 -9999 -9999 -9999 -9999 -9999 -9999 -9999
1028.0 739.0 847.0 709.0 515.0 829.0 499.0 719.0 1435.0 614.0 290.0 580.0 772.0 841.0 889.0 979.0 784.0 631.0 795.0 583.0 458.0 696.0 602.0 956.0 680.0 398.0 397.0 623.0 627.0 629.0 734.0 531.0 724.0 363.0 508.0 851.0 428.0 1214.0 760.0 622.0 1118.0 554.0 601.0 533.0 436.0 600.0 670.0 360.0 382.0 1617.0 424.0 636.0 -9999 -9999 -9999 -9999 -9999 -9999 -9999 -9999 -9999 -9999 -9999 -9999 -9999 -9999 -9999 -9999 -9999 -9999 -9999 -9999 -9999 -9999 -9999 -9999 -9999
789.0 731.0 585.0 829.0 470.0 545.0 649.0 749.0 805.0 957.0 772.0 654.0 697.0 972.0 630.0 680.0 684.0 667.0 649.0 899.0 864.0 714.0 679.0 817.0 468.0 611.0 522.0 651.0 504.0 640.0 828.0 645.0 475.0 885.0 355.0 485.0 651.0 549.0 518.0 775.0 513.0 868.0 483.0 885.0 1282.0 274.0 633.0 410.0 918.0 1268.0 505.0 -9999 -9999 -9999 -9999 -9999 -9999 -9999 -9999 -9999 -9999 -9999 -9999 -9999 -9999 -9999 -9999 -9999 -9999 -9999 -9999 -9999 -9999 -9999 -9999 -9999 -9999
861.0 1079.0 697.0 838.0 659.0 1576.0 710.0 802.0 825.0 661.0 629.0 718.0 829.0 876.0 969.0 778.0 899.0 704.0 1234.0 737.0 510.0 601.0 748.0 685.0 713.0 506.0 784.0 646.0 445.0 882.0 572.0 531.0 846.0 603.0 722.0 485.0 703.0 683.0 702.0 531.0 520.0 596.0 279.0 410.0 507.0 768.0 473.0 346.0 416.0 473.0 373.0 -9999 -9999 -9999 -9999 -9999 -9999 -9999 -9999 -9999 -9999 -9999 -9999 -9999 -9999 -9999 -9999 -9999 -9999 -9999 -9999 -9999 -9999 -9999 -9999 -9999 -9999
345.0 569.0 693.0 833.0 784.0 722.0 559.0 1496.0 772.0 829.0 405.0 947.0 748.0 1052.0 1990.0 806.0 1245.0 1000.0 765.0 603.0 619.0 601.0 795.0 402.0 491.0 991.0 668.0 522.0 701.0 672.0 469.0 601.0 465.0 599.0 404.0 829.0 725.0 712.0 678.0 1789.0 588.0 522.0 632.0 613.0 917.0 520.0 604.0 713.0 870.0 893.0 594.0 -9999 -9999 -9999 -9999 -9999 -9999 -9999 -9999 -9999 -9999 -9999 -9999 -9999 -9999 -9999 -9999 -9999 -9999 -9999 -9999 -9999 -9999 -9999 -9999 -9999 -9999
306.0 291.0 373.0 721.0 864.0 742.0 760.0 578.0 864.0 625.0 714.0 647.0 929.0 614.0 364.0 1646.0 1113.0 1441.0 1003.0 697.0 422.0 424.0 534.0 614.0 1364.0 751.0 569.0 642.0 492.0 642.0 855.0 498.0 553.0 582.0 679.0 616.0 438.0 667.0 529.0 665.0 350.0 589.0 801.0 331.0 702.0 434.0 631.0 1135.0 490.0 486.0 -9999 -9999 -9999 -9999 -9999 -9999 -9999 -9999 -9999 -9999 -9999 -9999 -9999 -9999 -9999 -9999 -9999 -9999 -9999 -9999 -9999 -9999 -9999 -9999 -9999 -9999 -9999
246.0 397.0 431.0 939.0 944.0 649.0 1127.0 992.0 963.0 692.0 1067.0 862.0 1092.0 681.0 666.0 1000.0 921.0 749.0 749.0 974.0 453.0 980.0 490.0 730.0 623.0 481.0 753.0 627.0 801.0 713.0 581.0 640.0 414.0 801.0 551.0 496.0 806.0 579.0 544.0 610.0 990.0 788.0 394.0 473.0 385.0 473.0 609.0 613.0 1128.0 628.0 -9999 -9999 -9999 -9999 -9999 -9999 -9999 -9999 -9999 -9999 -9999 -9999 -9999 -9999 -9999 -9999 -9999 -9999 -9999 -9999 -9999 -9999 -9999 -9999 -9999 -9999 -9999
501.0 214.0 701.0 536.0 1033.0 635.0 590.0 574.0 1141.0 1046.0 643.0 770.0 848.0 613.0 1000.0 714.0 725.0 765.0 650.0 553.0 357.0 523.0 463.0 499.0 541.0 615.0 618.0 874.0 696.0 580.0 643.0 570.0 754.0 529.0 947.0 396.0 643.0 685.0 947.0 852.0 555.0 708.0 919.0 546.0 489.0 503.0 238.0 785.0 686.0 806.0 -9999 -9999 -9999 -9999 -9999 -9999 -9999 -9999 -9999 -9999 -9999 -9999 -9999 -9999 -9999 -9999 -9999 -9999 -9999 -9999 -9999 -9999 -9999 -9999 -9999 -9999 -9999
535.0 381.0 928.0 553.0 932.0 703.0 666.0 558.0 714.0 595.0 1061.0 668.0 968.0 1176.0 955.0 829.0 955.0 909.0 1203.0 327.0 563.0 494.0 637.0 703.0 423.0 842.0 615.0 708.0 594.0 491.0 711.0 645.0 738.0 722.0 606.0 1153.0 1245.0 644.0 729.0 563.0 766.0 686.0 745.0 818.0 349.0 853.0 439.0 434.0 452.0 748.0 -9999 -9999 -9999 -9999 -9999 -9999 -9999 -9999 -9999 -9999 -9999 -9999 -9999 -9999 -9999 -9999 -9999 -9999 -9999 -9999 -9999 -9999 -9999 -9999 -9999 -9999 -9999
244.0 406.0 884.0 634.0 1121.0 571.0 589.0 940.0 1316.0 577.0 615.0 684.0 795.0 853.0 2150.0 610.0 689.0 777.0 437.0 387.0 472.0 491.0 668.0 681.0 609.0 535.0 725.0 952.0 864.0 611.0 549.0 737.0 553.0 631.0 594.0 557.0 605.0 946.0 489.0 661.0 438.0 319.0 538.0 623.0 1308.0 501.0 545.0 339.0 375.0 -9999 -9999 -9999 -9999 -9999 -9999 -9999 -9999 -9999 -9999 -9999 -9999 -9999 -9999 -9999 -9999 -9999 -9999 -9999 -9999 -9999 -9999 -9999 -9999 -9999 -9999 -9999 -9999
180.0 481.0 541.0 688.0 537.0 550.0 667.0 634.0 746.0 957.0 1142.0 760.0 990.0 1111.0 1000.0 825.0 713.0 493.0 293.0 375.0 499.0 489.0 667.0 739.0 644.0 1631.0 718.0 586.0 1440.0 784.0 575.0 795.0 740.0 966.0 1032.0 510.0 477.0 589.0 592.0 585.0 624.0 276.0 360.0 368.0 490.0 680.0 458.0 696.0 938.0 -9999 -9999 -9999 -9999 -9999 -9999 -9999 -9999 -9999 -9999 -9999 -9999 -9999 -9999 -9999 -9999 -9999 -9999 -9999 -9999 -9999 -9999 -9999 -9999 -9999 -9999 -9999 -9999
170.0 1710.0 311.0 453.0 650.0 781.0 624.0 1486.0 813.0 709.0 1074.0 861.0 1034.0 1171.0 782.0 363.0 780.0 537.0 279.0 562.0 460.0 638.0 634.0 643.0 498.0 864.0 615.0 682.0 599.0 594.0 691.0 640.0 778.0 555.0 496.0 559.0 615.0 393.0 610.0 952.0 1117.0 960.0 686.0 530.0 616.0 578.0 533.0 1137.0 -9999 -9999 -9999 -9999 -9999 -9999 -9999 -9999 -9999 -9999 -9999 -9999 -9999 -9999 -9999 -9999 -9999 -9999 -9999 -9999 -9999 -9999 -9999 -9999 -9999 -9999 -9999 -9999 -9999
551.0 423.0 695.0 522.0 1317.0 620.0 656.0 749.0 795.0 693.0 738.0 731.0 691.0 1202.0 501.0 335.0 645.0 979.0 701.0 503.0 614.0 532.0 656.0 577.0 430.0 772.0 1251.0 694.0 820.0 680.0 814.0 905.0 721.0 879.0 517.0 609.0 303.0 552.0 620.0 813.0 626.0 626.0 642.0 386.0 361.0 341.0 514.0 -9999 -9999 -9999 -9999 -9999 -9999 -9999 -9999 -9999 -9999 -9999 -9999 -9999 -9999 -9999 -9999 -9999 -9999 -9999 -9999 -9999 -9999 -9999 -9999 -9999 -9999 -9999 -9999 -9999 -9999
373.0 499.0 600.0 581.0 577.0 747.0 616.0 803.0 1118.0 503.0 1255.0 840.0 1037.0 1803.0 377.0 491.0 439.0 371.0 421.0 600.0 633.0 593.0 713.0 1104.0 718.0 1032.0 874.0 742.0 546.0 563.0 702.0 656.0 743.0 545.0 627.0 1296.0 656.0 430.0 344.0 739.0 1185.0 342.0 531.0 412.0 622.0 265.0 1113.0 -9999 -9999 -9999 -9999 -9999 -9999 -9999 -9999 -9999 -9999 -9999 -9999 -9999 -9999 -9999 -9999 -9999 -9999 -9999 -9999 -9999 -9999 -9999 -9999 -9999 -9999 -9999 -9999 -9999 -9999
227.0 657.0 519.0 784.0 1080.0 953.0 761.0 573.0 754.0 740.0 829.0 478.0 1037.0 543.0 593.0 511.0 689.0 518.0 776.0 939.0 824.0 533.0 849.0 677.0 587.0 736.0 745.0 766.0 789.0 652.0 534.0 701.0 569.0 555.0 674.0 552.0 611.0 411.0 628.0 246.0 1496.0 584.0 387.0 163.0 318.0 513.0 -9999 -9999 -9999 -9999 -9999 -9999 -9999 -9999 -9999 -9999 -9999 -9999 -9999 -9999 -9999 -9999 -9999 -9999 -9999 -9999 -9999 -9999 -9999 -9999 -9999 -9999 -9999 -9999 -9999 -9999 -9999
778.0 497.0 644.0 1088.0 1118.0 1173.0 1018.0 580.0 688.0 528.0 749.0 478.0 968.0 668.0 458.0 810.0 359.0 350.0 657.0 497.0 674.0 542.0 853.0 607.0 557.0 661.0 462.0 1099.0 760.0 630.0 555.0 593.0 531.0 673.0 792.0 561.0 1252.0 481.0 492.0 479.0 232.0 -9999 243.0 825.0 -9999 -9999 -9999 -9999 -9999 -9999 -9999 -9999 -9999 -9999 -9999 -9999 -9999 -9999 -9999 -9999 -9999 -9999 -9999 -9999 -9999 -9999 -9999 -9999 -9999 -9999 -9999 -9999 -9999 -9999 -9999 -9999 -9999
324.0 989.0 955.0 576.0 667.0 533.0 1441.0 867.0 828.0 722.0 691.0 590.0 645.0 679.0 1088.0 607.0 382.0 447.0 527.0 620.0 491.0 1985.0 570.0 516.0 702.0 608.0 777.0 732.0 504.0 651.0 592.0 598.0 789.0 794.0 635.0 382.0 636.0 576.0 474.0 -9999 -9999 -9999 -9999 -9999 -9999 -9999 -9999 -9999 -9999 -9999 -9999 -9999 -9999 -9999 -9999 -9999 -9999 -9999 -9999 -9999 -9999 -9999 -9999 -9999 -9999 -9999 -9999 -9999 -9999 -9999 -9999 -9999 -9999 -9999 -9999 -9999 -9999
232.0 778.0 910.0 650.0 696.0 553.0 680.0 945.0 770.0 687.0 645.0 760.0 703.0 806.0 654.0 474.0 408.0 421.0 519.0 529.0 701.0 564.0 893.0 1278.0 1022.0 624.0 939.0 974.0 296.0 1363.0 805.0 573.0 593.0 653.0 466.0 555.0 472.0 -9999 -9999 -9999 -9999 -9999 -9999 -9999 -9999 -9999 -9999 -9999 -9999 -9999 -9999 -9999 -9999 -9999 -9999 -9999 -9999 -9999 -9999 -9999 -9999 -9999 -9999 -9999 -9999 -9999 -9999 -9999 -9999 -9999 -9999 -9999 -9999 -9999 -9999 -9999 -9999
243.0 629.0 682.0 617.0 828.0 986.0 1289.0 784.0 829.0 1057.0 844.0 919.0 964.0 678.0 760.0 686.0 357.0 461.0 473.0 507.0 729.0 612.0 653.0 618.0 465.0 1094.0 852.0 534.0 1504.0 594.0 701.0 756.0 642.0 670.0 746.0 -9999 -9999 -9999 -9999 -9999 -9999 -9999 -9999 -9999 -9999 -9999 -9999 -9999 -9999 -9999 -9999 -9999 -9999 -9999 -9999 -9999 -9999 -9999 -9999 -9999 -9999 -9999 -9999 -9999 -9999 -9999 -9999 -9999 -9999 -9999 -9999 -9999 -9999 -9999 -9999 -9999 -9999
676.0 888.0 1197.0 770.0 659.0 646.0 975.0 738.0 725.0 1075.0 739.0 623.0 1003.0 795.0 976.0 1572.0 656.0 426.0 456.0 371.0 902.0 398.0 734.0 467.0 714.0 479.0 772.0 1156.0 588.0 896.0 1304.0 552.0 316.0 503.0 -9999 -9999 -9999 -9999 -9999 -9999 -9999 -9999 -9999 -9999 -9999 -9999 -9999 -9999 -9999 -9999 -9999 -9999 -9999 -9999 -9999 -9999 -9999 -9999 -9999 -9999 -9999 -9999 -9999 -9999 -9999 -9999 -9999 -9999 -9999 -9999 -9999 -9999 -9999 -9999 -9999 -9999 -9999
387.0 763.0 999.0 642.0 714.0 642.0 725.0 670.0 754.0 555.0 678.0 963.0 1173.0 661.0 491.0 437.0 466.0 441.0 623.0 510.0 584.0 686.0 587.0 559.0 769.0 579.0 634.0 545.0 974.0 852.0 1097.0 386.0 392.0 -9999 -9999 -9999 -9999 -9999 -9999 -9999 -9999 -9999 -9999 -9999 -9999 -9999 -9999 -9999 -9999 -9999 -9999 -9999 -9999 -9999 -9999 -9999 -9999 -9999 -9999 -9999 -9999 -9999 -9999 -9999 -9999 -9999 -9999 -9999 -9999 -9999 -9999 -9999 -9999 -9999 -9999 -9999 -9999
1353.0 854.0 864.0 920.0 661.0 543.0 749.0 824.0 607.0 618.0 1403.0 736.0 846.0 829.0 722.0 434.0 557.0 781.0 396.0 445.0 685.0 538.0 816.0 548.0 886.0 397.0 293.0 618.0 551.0 728.0 509.0 315.0 -9999 -9999 -9999 -9999 -9999 -9999 -9999 -9999 -9999 -9999 -9999 -9999 -9999 -9999 -9999 -9999 -9999 -9999 -9999 -9999 -9999 -9999 -9999 -9999 -9999 -9999 -9999 -9999 -9999 -9999 -9999 -9999 -9999 -9999 -9999 -9999 -9999 -9999 -9999 -9999 -9999 -9999 -9999 -9999 -9999
576.0 691.0 557.0 1581.0 749.0 909.0 1464.0 713.0 736.0 574.0 772.0 886.0 634.0 960.0 962.0 914.0 816.0 417.0 339.0 819.0 475.0 490.0 1043.0 653.0 440.0 672.0 682.0 363.0 692.0 768.0 667.0 514.0 -9999 -9999 -9999 -9999 -9999 -9999 -9999 -9999 -9999 -9999 -9999 -9999 -9999 -9999 -9999 -9999 -9999 -9999 -9999 -9999 -9999 -9999 -9999 -9999 -9999 -9999 -9999 -9999 -9999 -9999 -9999 -9999 -9999 -9999 -9999 -9999 -9999 -9999 -9999 -9999 -9999 -9999 -9999 -9999 -9999
642.0 598.0 722.0 1003.0 586.0 1670.0 1303.0 571.0 714.0 728.0 772.0 604.0 974.0 746.0 875.0 1032.0 1020.0 407.0 526.0 434.0 429.0 357.0 581.0 538.0 567.0 689.0 500.0 602.0 674.0 723.0 538.0 438.0 -9999 -9999 -9999 -9999 -9999 -9999 -9999 -9999 -9999 -9999 -9999 -9999 -9999 -9999 -9999 -9999 -9999 -9999 -9999 -9999 -9999 -9999 -9999 -9999 -9999 -9999 -9999 -9999 -9999 -9999 -9999 -9999 -9999 -9999 -9999 -9999 -9999 -9999 -9999 -9999 -9999 -9999 -9999 -9999 -9999
554.0 824.0 1076.0 1659.0 760.0 678.0 673.0 617.0 749.0 1005.0 797.0 608.0 581.0 980.0 578.0 803.0 749.0 472.0 455.0 385.0 636.0 471.0 1068.0 470.0 531.0 566.0 490.0 527.0 295.0 581.0 564.0 303.0 443.0 -9999 -9999 -9999 -9999 -9999 -9999 -9999 -9999 -9999 -9999 -9999 -9999 -9999 -9999 -9999 -9999 -9999 -9999 -9999 -9999 -9999 -9999 -9999 -9999 -9999 -9999 -9999 -9999 -9999 -9999 -9999 -9999 -9999 -9999 -9999 -9999 -9999 -9999 -9999 -9999 -9999 -9999 -9999 -9999
484.0 696.0 541.0 731.0 801.0 559.0 704.0 672.0 722.0 607.0 474.0 754.0 840.0 1301.0 1014.0 543.0 719.0 527.0 620.0 562.0 503.0 669.0 777.0 809.0 690.0 801.0 475.0 1359.0 736.0 414.0 412.0 299.0 -9999 -9999 -9999 -9999 -9999 -9999 -9999 -9999 -9999 -9999 -9999 -9999 -9999 -9999 -9999 -9999 -9999 -9999 -9999 -9999 -9999 -9999 -9999 -9999 -9999 -9999 -9999 -9999 -9999 -9999 -9999 -9999 -9999 -9999 -9999 -9999 -9999 -9999 -9999 -9999 -9999 -9999 -9999 -9999 -9999
595.0 1077.0 722.0 1365.0 621.0 544.0 805.0 979.0 749.0 899.0 1044.0 556.0 547.0 631.0 910.0 996.0 546.0 666.0 468.0 513.0 951.0 789.0 502.0 708.0 1065.0 678.0 397.0 594.0 661.0 1317.0 214.0 557.0 -9999 -9999 -9999 -9999 -9999 -9999 -9999 -9999 -9999 -9999 -9999 -9999 -9999 -9999 -9999 -9999 -9999 -9999 -9999 -9999 -9999 -9999 -9999 -9999 -9999 -9999 -9999 -9999 -9999 -9999 -9999 -9999 -9999 -9999 -9999 -9999 -9999 -9999 -9999 -9999 -9999 -9999 -9999 -9999 -9999
