KEPLER/4.2/binaries/lib/outreach-2.3.0/workflows/data/garp/H1K_NA_Mask.asc
nrows  360
ncols  720
xllcorner  -180.0
yllcorner  -90.0
cellsize  0.5
NODATA_value  -9999
[rows 34 to 67 of 360, columns 77 to 153 of 720]
-9999 -9999 -9999 -9999 -9999 -9999 -9999 -9999 -9999 -9999 -9999 -9999 -9999 -9999 -9999 -9999 -9999 -9999 -9999 -9999 -9999 -9999 -9999 -9999 -9999 -9999 -9999 -9999 -9999 -9999 -9999 -9999 -9999 -9999 -9999 697.0 628.0 1156.0 546.0 415.0 1561.0 545.0 963.0 705.0 598.0 443.0 369.0 373.0 280.0 -9999 493.0 1011.0 593.0 975.0 605.0 402.0 -9999 -9999 -9999 -9999 -9999 -9999 -9999 -9999 -9999 -9999 -9999 325.0 385.0 360.0 468.0 533.0 525.0 768.0 -9999 -9999 -9999
-9999 -9999 -9999 -9999 -9999 -9999 -9999 -9999 -9999 -9999 -9999 -9999 -9999 -9999 -9999 -9999 -9999 -9999 -9999 -9999 -9999 -9999 -9999 -9999 -9999 -9999 -9999 -9999 -9999 -9999 -9999 -9999 -9999 829.0 693.0 617.0 634.0 574.0 905.0 503.0 526.0 446.0 815.0 760.0 1273.0 -9999 -9999 638.0 714.0 542.0 829.0 884.0 331.0 422.0 1319.0 629.0 318.0 555.0 487.0 638.0 475.0 -9999 378.0 -9999 367.0 355.0 719.0 -9999 869.0 870.0 430.0 361.0 453.0 -9999 -9999 -9999 -9999
-9999 -9999 -9999 -9999 -9999 -9999 -9999 -9999 -9999 -9999 -9999 -9999 -9999 -9999 -9999 -9999 -9999 -9999 -9999 -9999 -9999 -9999 -9999 -9999 -9999 -9999 -9999 -9999 -9999 -9999 -9999 -9999 578.0 432.0 738.0 711.0 558.0 550.0 601.0 430.0 497.0 599.0 476.0 -9999 -9999 -9999 342.0 448.0 550.0 349.0 608.0 366.0 518.0 717.0 520.0 618.0 603.0 501.0 434.0 434.0 356.0 344.0 326.0 827.0 758.0 689.0 437.0 537.0 957.0 410.0 638.0 662.0 627.0 725.0 -9999 -9999 -9999
-9999 -9999 -9999 -9999 -9999 -9999 -9999 -9999 -9999 -9999 -9999 -9999 -9999 -9999 -9999 -9999 -9999 -9999 -9999 -9999 -9999 -9999 -9999 -9999 -9999 -9999 -9999 -9999 -9999 -9999 -9999 -9999 -9999 -9999 -9999 -9999 -9999 735.0 523.0 421.0 464.0 441.0 435.0 -9999 -9999 -9999 -9999 353.0 402.0 666.0 535.0 449.0 -9999 586.0 480.0 426.0 945.0 440.0 325.0 511.0 582.0 376.0 680.0 829.0 617.0 678.0 792.0 842.0 666.0 792.0 778.0 642.0 690.0 1024.0 902.0 -9999 -9999
-9999 -9999 -9999 -9999 -9999 -9999 -9999 -9999 -9999 -9999 -9999 -9999 -9999 -9999 -9999 -9999 -9999 -9999 -9999 -9999 -9999 -9999 -9999 -9999 -9999 -9999 -9999 -9999 -9999 -9999 -9999 -9999 -9999 -9999 -9999 -9999 -9999 -9999 -9999 -9999 -9999 -9999 -9999 -9999 -9999 -9999 -9999 409.0 437.0 379.0 787.0 380.0 427.0 712.0 590.0 628.0 654.0 617.0 647.0 1156.0 429.0 603.0 492.0 587.0 583.0 831.0 564.0 486.0 1062.0 518.0 537.0 634.0 447.0 504.0 1229.0 -9999 -9999
-9999 -9999 -9999 -9999 -9999 -9999 -9999 -9999 -9999 -9999 -9999 -9999 -9999 -9999 -9999 -9999 -9999 -9999 -9999 -9999 -9999 -9999 -9999 -9999 -9999 -9999 -9999 -9999 -9999 -9999 -9999 -9999 -9999 -9999 -9999 -9999 -9999 -9999 -9999 -9999 -9999 -9999 -9999 -9999 -9999 -9999 -9999 -9999 -9999 -9999 -9999 -9999 -9999 -9999 -9999 -9999 -9999 -9999 -9999 559.0 1165.0 550.0 469.0 532.0 487.0 508.0 660.0 629.0 598.0 829.0 887.0 981.0 450.0 722.0 591.0 551.0 869.0
-9999 -9999 -9999 -9999 -9999 -9999 -9999 -9999 -9999 -9999 -9999 -9999 -9999 -9999 -9999 -9999 -9999 -9999 -9999 -9999 -9999 -9999 691.0 801.0 703.0 -9999 -9999 507.0 597.0 571.0 -9999 -9999 -9999 633.0 647.0 -9999 -9999 -9999 -9999 -9999 -9999 -9999 -9999 -9999 -9999 -9999 -9999 -9999 -9999 438.0 696.0 527.0 688.0 492.0 749.0 373.0 1137.0 484.0 506.0 516.0 496.0 367.0 498.0 468.0 795.0 921.0 663.0 847.0 621.0 480.0 543.0 485.0 599.0 572.0 567.0 1075.0 518.0
282.0 553.0 361.0 546.0 433.0 558.0 -9999 -9999 -9999 -9999 -9999 -9999 429.0 -9999 -9999 673.0 -9999 -9999 568.0 763.0 1065.0 506.0 -9999 621.0 614.0 743.0 1113.0 603.0 801.0 517.0 347.0 -9999 691.0 994.0 668.0 -9999 -9999 754.0 474.0 408.0 463.0 314.0 371.0 -9999 -9999 -9999 -9999 -9999 -9999 -9999 -9999 481.0 364.0 398.0 515.0 669.0 672.0 422.0 349.0 508.0 581.0 698.0 486.0 554.0 569.0 741.0 642.0 471.0 483.0 593.0 521.0 506.0 451.0 868.0 789.0 796.0 489.0
776.0 359.0 419.0 219.0 788.0 352.0 484.0 511.0 611.0 -9999 -9999 -9999 933.0 870.0 921.0 568.0 580.0 829.0 555.0 449.0 493.0 555.0 514.0 587.0 373.0 308.0 510.0 524.0 523.0 535.0 500.0 404.0 427.0 393.0 1200.0 896.0 562.0 362.0 887.0 433.0 881.0 749.0 561.0 711.0 411.0 407.0 1026.0 673.0 -9999 -9999 -9999 -9999 -9999 -9999 -9999 -9999 -9999 612.0 1106.0 722.0 862.0 669.0 1060.0 667.0 523.0 408.0 604.0 574.0 447.0 -9999 -9999 -9999 -9999 777.0 668.0 728.0 542.0
280.0 506.0 282.0 535.0 202.0 317.0 313.0 251.0 313.0 254.0 450.0 1156.0 440.0 1140.0 1099.0 1017.0 566.0 575.0 910.0 543.0 619.0 1037.0 539.0 659.0 1410.0 536.0 301.0 545.0 528.0 527.0 1490.0 465.0 465.0 358.0 733.0 552.0 347.0 438.0 452.0 582.0 466.0 484.0 488.0 469.0 580.0 584.0 535.0 725.0 1044.0 482.0 358.0 625.0 530.0 507.0 467.0 -9999 -9999 629.0 -9999 -9999 -9999 -9999 -9999 -9999 -9999 -9999 -9999 766.0 446.0 763.0 591.0 -9999 569.0 -9999 630.0 -9999 -9999
345.0 279.0 1024.0 1060.0 910.0 1017.0 529.0 491.0 927.0 568.0 314.0 155.0 312.0 1074.0 2123.0 1057.0 1030.0 504.0 393.0 497.0 390.0 796.0 354.0 306.0 511.0 460.0 417.0 1184.0 1048.0 602.0 379.0 968.0 982.0 530.0 795.0 706.0 625.0 816.0 550.0 862.0 462.0 326.0 382.0 979.0 399.0 655.0 520.0 779.0 434.0 1473.0 425.0 433.0 639.0 -9999 -9999 -9999 760.0 -9999 -9999 -9999 -9999 -9999 -9999 601.0 -9999 -9999 -9999 -9999 510.0 929.0 408.0 437.0 690.0 684.0 1023.0 713.0 584.0
374.0 280.0 459.0 1028.0 829.0 931.0 607.0 334.0 334.0 934.0 189.0 278.0 330.0 374.0 489.0 582.0 426.0 1040.0 471.0 652.0 610.0 523.0 930.0 407.0 441.0 429.0 887.0 430.0 341.0 818.0 947.0 585.0 962.0 760.0 864.0 846.0 745.0 690.0 1094.0 1191.0 523.0 506.0 553.0 757.0 669.0 525.0 450.0 622.0 558.0 914.0 547.0 545.0 494.0 575.0 534.0 1142.0 768.0 578.0 467.0 313.0 580.0 508.0 547.0 735.0 494.0 350.0 687.0 347.0 415.0 525.0 702.0 645.0 642.0 667.0 680.0 835.0 534.0
366.0 263.0 219.0 873.0 417.0 403.0 329.0 1259.0 852.0 704.0 505.0 246.0 347.0 259.0 489.0 634.0 703.0 822.0 832.0 714.0 571.0 420.0 457.0 382.0 513.0 617.0 625.0 470.0 470.0 517.0 1003.0 968.0 647.0 605.0 712.0 760.0 691.0 894.0 585.0 647.0 790.0 702.0 393.0 561.0 713.0 688.0 484.0 310.0 549.0 361.0 270.0 388.0 550.0 655.0 734.0 855.0 410.0 510.0 591.0 478.0 517.0 339.0 622.0 471.0 786.0 398.0 282.0 524.0 385.0 742.0 537.0 867.0 599.0 523.0 560.0 531.0 701.0
603.0 524.0 270.0 188.0 340.0 644.0 269.0 518.0 588.0 510.0 317.0 298.0 706.0 504.0 456.0 247.0 1088.0 533.0 513.0 770.0 661.0 1027.0 710.0 570.0 1032.0 828.0 684.0 550.0 1511.0 326.0 882.0 423.0 624.0 859.0 317.0 893.0 514.0 719.0 899.0 990.0 1140.0 1043.0 1013.0 761.0 626.0 557.0 864.0 899.0 795.0 1656.0 525.0 498.0 367.0 577.0 703.0 460.0 372.0 717.0 424.0 589.0 578.0 592.0 696.0 482.0 635.0 478.0 558.0 517.0 432.0 838.0 370.0 1057.0 578.0 784.0 750.0 1314.0 624.0
663.0 908.0 686.0 345.0 730.0 176.0 567.0 927.0 1048.0 585.0 539.0 992.0 324.0 824.0 470.0 237.0 414.0 272.0 278.0 472.0 353.0 598.0 467.0 433.0 843.0 509.0 594.0 401.0 509.0 329.0 582.0 531.0 564.0 939.0 980.0 761.0 529.0 679.0 405.0 749.0 538.0 1203.0 1184.0 1169.0 1136.0 1092.0 1239.0 255.0 980.0 795.0 705.0 678.0 502.0 466.0 422.0 497.0 710.0 449.0 567.0 574.0 920.0 504.0 488.0 599.0 524.0 592.0 615.0 535.0 545.0 816.0 373.0 659.0 537.0 581.0 1272.0 575.0 1362.0
181.0 284.0 239.0 448.0 850.0 406.0 312.0 246.0 385.0 289.0 270.0 262.0 365.0 484.0 536.0 316.0 550.0 300.0 285.0 417.0 416.0 408.0 1016.0 545.0 632.0 485.0 274.0 626.0 1089.0 534.0 267.0 628.0 332.0 679.0 610.0 1492.0 635.0 610.0 1020.0 1219.0 1084.0 309.0 428.0 1009.0 610.0 915.0 549.0 824.0 911.0 670.0 606.0 842.0 664.0 703.0 690.0 1047.0 484.0 679.0 1126.0 467.0 786.0 711.0 813.0 550.0 801.0 650.0 586.0 951.0 647.0 508.0 784.0 615.0 592.0 1072.0 649.0 659.0 644.0
750.0 200.0 714.0 352.0 268.0 455.0 327.0 221.0 200.0 872.0 169.0 452.0 327.0 394.0 284.0 169.0 545.0 235.0 112.0 281.0 480.0 412.0 342.0 154.0 243.0 300.0 742.0 142.0 339.0 425.0 591.0 703.0 546.0 674.0 642.0 618.0 831.0 762.0 782.0 1020.0 1166.0 501.0 671.0 469.0 745.0 980.0 910.0 852.0 878.0 882.0 641.0 997.0 758.0 426.0 522.0 503.0 1251.0 604.0 749.0 567.0 1222.0 546.0 635.0 520.0 853.0 870.0 853.0 795.0 703.0 703.0 835.0 703.0 736.0 691.0 483.0 566.0 604.0
211.0 282.0 244.0 828.0 214.0 287.0 386.0 229.0 171.0 435.0 505.0 192.0 209.0 595.0 355.0 351.0 233.0 300.0 219.0 524.0 267.0 303.0 364.0 138.0 230.0 256.0 376.0 741.0 535.0 256.0 215.0 389.0 380.0 708.0 891.0 508.0 642.0 1026.0 649.0 760.0 743.0 501.0 639.0 963.0 458.0 668.0 1049.0 645.0 910.0 489.0 870.0 590.0 597.0 680.0 457.0 869.0 629.0 1540.0 768.0 663.0 694.0 1000.0 701.0 641.0 576.0 768.0 640.0 760.0 647.0 725.0 606.0 606.0 437.0 568.0 688.0 413.0 472.0
666.0 297.0 349.0 253.0 559.0 250.0 552.0 370.0 305.0 265.0 258.0 754.0 492.0 142.0 273.0 296.0 1290.0 402.0 380.0 279.0 699.0 320.0 298.0 142.0 385.0 187.0 144.0 337.0 248.0 432.0 801.0 222.0 397.0 542.0 786.0 336.0 371.0 1080.0 517.0 503.0 852.0 797.0 623.0 644.0 1003.0 931.0 911.0 565.0 445.0 870.0 681.0 432.0 813.0 749.0 702.0 925.0 1368.0 443.0 1025.0 832.0 1078.0 404.0 299.0 697.0 352.0 968.0 899.0 632.0 955.0 795.0 568.0 571.0 983.0 741.0 1040.0 653.0 704.0
352.0 247.0 488.0 428.0 351.0 641.0 297.0 887.0 296.0 386.0 307.0 968.0 201.0 252.0 773.0 243.0 153.0 341.0 381.0 570.0 141.0 504.0 585.0 717.0 314.0 416.0 284.0 537.0 324.0 333.0 320.0 216.0 247.0 1031.0 888.0 321.0 340.0 383.0 375.0 762.0 611.0 1375.0 714.0 644.0 495.0 529.0 678.0 939.0 543.0 460.0 522.0 611.0 504.0 538.0 852.0 793.0 701.0 350.0 482.0 333.0 385.0 681.0 443.0 451.0 456.0 452.0 759.0 635.0 503.0 801.0 1181.0 670.0 734.0 529.0 621.0 512.0 703.0
1082.0 397.0 200.0 435.0 457.0 369.0 310.0 410.0 448.0 254.0 329.0 366.0 228.0 332.0 251.0 384.0 374.0 312.0 244.0 410.0 152.0 322.0 341.0 259.0 312.0 614.0 190.0 398.0 446.0 374.0 193.0 247.0 223.0 508.0 413.0 574.0 491.0 607.0 451.0 805.0 849.0 439.0 816.0 1153.0 763.0 1085.0 853.0 829.0 827.0 608.0 757.0 968.0 1429.0 804.0 1126.0 519.0 736.0 772.0 766.0 557.0 302.0 349.0 434.0 1426.0 472.0 505.0 829.0 745.0 587.0 749.0 789.0 1178.0 628.0 534.0 486.0 749.0 665.0
414.0 279.0 675.0 300.0 825.0 339.0 200.0 352.0 663.0 511.0 599.0 254.0 458.0 318.0 445.0 1580.0 169.0 220.0 276.0 376.0 320.0 338.0 188.0 269.0 339.0 446.0 800.0 302.0 293.0 452.0 210.0 640.0 415.0 478.0 360.0 601.0 186.0 547.0 616.0 372.0 547.0 739.0 454.0 362.0 566.0 372.0 477.0 567.0 530.0 609.0 628.0 595.0 1440.0 784.0 581.0 870.0 813.0 585.0 444.0 864.0 714.0 1009.0 920.0 559.0 701.0 457.0 655.0 913.0 691.0 870.0 722.0 478.0 760.0 614.0 476.0 488.0 678.0
218.0 189.0 210.0 290.0 260.0 564.0 279.0 210.0 542.0 315.0 630.0 229.0 444.0 827.0 751.0 264.0 311.0 216.0 1178.0 329.0 558.0 782.0 875.0 305.0 190.0 249.0 214.0 253.0 273.0 162.0 167.0 262.0 360.0 296.0 684.0 417.0 374.0 517.0 633.0 715.0 954.0 680.0 539.0 535.0 393.0 411.0 604.0 644.0 949.0 684.0 852.0 763.0 608.0 640.0 1090.0 1017.0 801.0 1037.0 639.0 801.0 685.0 1071.0 703.0 608.0 893.0 499.0 561.0 547.0 742.0 864.0 737.0 719.0 688.0 670.0 776.0 718.0 710.0
168.0 442.0 645.0 209.0 206.0 453.0 227.0 247.0 266.0 1003.0 443.0 202.0 547.0 306.0 220.0 342.0 280.0 188.0 178.0 207.0 283.0 249.0 330.0 364.0 445.0 827.0 907.0 233.0 389.0 245.0 1013.0 197.0 664.0 179.0 381.0 798.0 360.0 372.0 419.0 722.0 883.0 640.0 1395.0 545.0 674.0 714.0 789.0 931.0 749.0 1413.0 650.0 760.0 1076.0 1165.0 1148.0 1114.0 1175.0 1067.0 343.0 847.0 669.0 503.0 640.0 610.0 1182.0 573.0 545.0 1169.0 492.0 736.0 481.0 561.0 801.0 533.0 801.0 611.0 870.0
146.0 164.0 290.0 200.0 143.0 722.0 295.0 346.0 284.0 227.0 222.0 232.0 410.0 749.0 254.0 389.0 348.0 180.0 639.0 1038.0 939.0 232.0 194.0 264.0 310.0 444.0 539.0 294.0 367.0 548.0 522.0 303.0 312.0 430.0 319.0 294.0 615.0 419.0 322.0 400.0 822.0 457.0 1417.0 1071.0 506.0 649.0 661.0 558.0 680.0 515.0 765.0 1180.0 1153.0 1193.0 1620.0 840.0 795.0 566.0 1020.0 500.0 575.0 1222.0 800.0 990.0 618.0 599.0 674.0 736.0 655.0 1031.0 1119.0 493.0 540.0 899.0 1065.0 488.0 899.0
349.0 310.0 268.0 524.0 176.0 247.0 332.0 877.0 784.0 157.0 333.0 289.0 551.0 342.0 387.0 266.0 378.0 246.0 538.0 261.0 495.0 497.0 303.0 800.0 543.0 1292.0 725.0 206.0 633.0 717.0 726.0 479.0 600.0 217.0 340.0 282.0 235.0 541.0 529.0 597.0 527.0 728.0 385.0 589.0 649.0 790.0 1515.0 637.0 760.0 598.0 742.0 717.0 985.0 585.0 760.0 885.0 766.0 684.0 1203.0 930.0 710.0 607.0 613.0 792.0 940.0 717.0 679.0 1036.0 737.0 834.0 592.0 946.0 604.0 858.0 691.0 931.0 725.0
-9999 373.0 404.0 488.0 108.0 150.0 384.0 202.0 723.0 319.0 406.0 235.0 202.0 183.0 288.0 155.0 331.0 308.0 347.0 493.0 221.0 285.0 271.0 347.0 460.0 444.0 675.0 547.0 1621.0 1439.0 349.0 455.0 328.0 311.0 439.0 1265.0 644.0 551.0 375.0 353.0 669.0 603.0 724.0 435.0 1330.0 583.0 607.0 849.0 853.0 459.0 827.0 635.0 733.0 537.0 656.0 749.0 849.0 665.0 1057.0 968.0 939.0 938.0 829.0 768.0 588.0 645.0 594.0 447.0 754.0 1124.0 784.0 674.0 1053.0 632.0 1150.0 1035.0 688.0
-9999 -9999 -9999 -9999 -9999 1023.0 398.0 314.0 1340.0 205.0 206.0 111.0 226.0 115.0 466.0 148.0 867.0 339.0 175.0 385.0 355.0 202.0 371.0 284.0 266.0 1182.0 414.0 561.0 308.0 380.0 1158.0 350.0 524.0 387.0 452.0 428.0 352.0 494.0 963.0 750.0 543.0 507.0 835.0 833.0 829.0 1277.0 482.0 350.0 454.0 1016.0 686.0 390.0 693.0 437.0 344.0 672.0 864.0 1194.0 870.0 581.0 631.0 1390.0 691.0 521.0 1046.0 441.0 495.0 424.0 434.0 630.0 345.0 414.0 470.0 356.0 641.0 849.0 619.0
-9999 -9999 -9999 -9999 -9999 -9999 -9999 -9999 90.0 114.0 -9999 -9999 483.0 178.0 317.0 218.0 236.0 422.0 228.0 389.0 861.0 403.0 597.0 608.0 370.0 336.0 451.0 528.0 423.0 214.0 217.0 402.0 494.0 244.0 439.0 375.0 301.0 428.0 580.0 485.0 663.0 644.0 789.0 571.0 1097.0 546.0 832.0 754.0 578.0 637.0 598.0 1029.0 625.0 599.0 770.0 363.0 801.0 584.0 814.0 574.0 771.0 520.0 1139.0 1040.0 739.0 734.0 568.0 660.0 1413.0 540.0 406.0 677.0 856.0 1059.0 604.0 614.0 327.0
-9999 -9999 -9999 -9999 -9999 -9999 -9999 -9999 -9999 614.0 467.0 288.0 290.0 119.0 407.0 299.0 166.0 583.0 707.0 1181.0 307.0 353.0 301.0 574.0 263.0 250.0 238.0 246.0 170.0 197.0 431.0 190.0 335.0 194.0 639.0 318.0 474.0 375.0 691.0 990.0 352.0 608.0 672.0 568.0 561.0 931.0 633.0 693.0 566.0 801.0 641.0 899.0 570.0 734.0 1823.0 624.0 678.0 1078.0 1014.0 1049.0 864.0 829.0 564.0 1236.0 661.0 660.0 436.0 699.0 374.0 427.0 868.0 759.0 397.0 565.0 515.0 701.0 249.0
-9999 -9999 -9999 -9999 -9999 -9999 -9999 -9999 -9999 -9999 -9999 304.0 427.0 357.0 340.0 474.0 714.0 694.0 195.0 447.0 368.0 424.0 209.0 880.0 111.0 673.0 478.0 575.0 592.0 369.0 208.0 288.0 295.0 250.0 658.0 540.0 758.0 543.0 316.0 320.0 1401.0 690.0 491.0 640.0 570.0 471.0 862.0 561.0 573.0 674.0 416.0 350.0 878.0 578.0 593.0 1038.0 427.0 426.0 540.0 338.0 477.0 650.0 398.0 690.0 463.0 802.0 515.0 685.0 667.0 642.0 507.0 570.0 770.0 642.0 691.0 623.0 870.0
-9999 -9999 -9999 -9999 -9999 -9999 -9999 -9999 -9999 -9999 -9999 -9999 238.0 -9999 -9999 591.0 -9999 199.0 179.0 243.0 198.0 612.0 311.0 206.0 201.0 384.0 1114.0 311.0 365.0 229.0 513.0 627.0 183.0 505.0 192.0 455.0 295.0 239.0 263.0 239.0 397.0 620.0 326.0 499.0 444.0 829.0 511.0 469.0 474.0 1586.0 575.0 616.0 414.0 750.0 513.0 390.0 600.0 405.0 575.0 471.0 466.0 468.0 453.0 701.0 639.0 551.0 653.0 754.0 429.0 1041.0 1072.0 643.0 678.0 725.0 656.0 684.0 590.0
-9999 -9999 -9999 -9999 -9999 -9999 -9999 -9999 -9999 -9999 -9999 -9999 -9999 181.0 -9999 -9999 741.0 189.0 394.0 167.0 201.0 395.0 141.0 121.0 196.0 200.0 234.0 285.0 291.0 303.0 430.0 358.0 429.0 612.0 321.0 244.0 241.0 149.0 294.0 359.0 450.0 438.0 685.0 537.0 373.0 561.0 586.0 709.0 555.0 505.0 791.0 682.0 680.0 708.0 1467.0 954.0 444.0 699.0 763.0 581.0 779.0 579.0 527.0 522.0 401.0 1034.0 530.0 751.0 680.0 747.0 652.0 513.0 593.0 829.0 777.0 443.0 1072.0
-9999 -9999 -9999 -9999 -9999 -9999 -9999 -9999 -9999 -9999 -9999 -9999 -9999 -9999 -9999 -9999 240.0 -9999 -9999 153.0 376.0 670.0 165.0 651.0 200.0 315.0 295.0 210.0 306.0 698.0 317.0 558.0 334.0 275.0 198.0 356.0 160.0 211.0 664.0 901.0 649.0 481.0 379.0 503.0 457.0 486.0 323.0 615.0 749.0 266.0 435.0 1145.0 613.0 1197.0 560.0 520.0 717.0 654.0 609.0 849.0 540.0 607.0 502.0 606.0 568.0 593.0 758.0 616.0 598.0 691.0 704.0 582.0 761.0 722.0 496.0 963.0 805.0
