KEPLER/2.4/binaries/lib/outreach-2.3.0/workflows/data/garp/NA_ASC/frs6190_ann.asc
nrows  200
ncols  400
xllcorner  -179.99962860149
yllcorner  6.7208489478326
cellsize  0.4
NODATA_value  -9999
[rows 34 to 67 of 200, columns 231 to 307 of 400]
241.0 241.0 241.0 240.0 238.0 239.0 237.0 237.0 239.0 239.0 239.0 240.0 240.0 241.0 240.0 239.0 237.0 237.0 234.0 239.0 239.0 241.0 241.0 246.0 244.0 238.0 234.0 234.0 230.0 228.0 -9999 -9999 -9999 -9999 -9999 -9999 -9999 -9999 -9999 -9999 -9999 -9999 -9999 -9999 -9999 -9999 -9999 -9999 -9999 -9999 -9999 -9999 -9999 -9999 -9999 -9999 -9999 -9999 -9999 -9999 -9999 -9999 -9999 -9999 -9999 -9999 -9999 -9999 -9999 -9999 -9999 -9999 -9999 -9999 -9999 -9999 -9999
239.0 238.0 238.0 235.0 -9999 234.0 234.0 234.0 235.0 233.0 234.0 237.0 237.0 241.0 241.0 238.0 235.0 235.0 230.0 232.0 231.0 234.0 234.0 234.0 235.0 234.0 239.0 239.0 238.0 233.0 -9999 -9999 -9999 -9999 -9999 -9999 -9999 -9999 -9999 -9999 -9999 -9999 -9999 -9999 -9999 -9999 -9999 -9999 -9999 -9999 -9999 -9999 -9999 -9999 -9999 -9999 -9999 -9999 -9999 -9999 -9999 -9999 -9999 -9999 -9999 -9999 -9999 -9999 -9999 -9999 -9999 -9999 -9999 -9999 -9999 -9999 -9999
237.0 238.0 238.0 235.0 233.0 -9999 232.0 232.0 231.0 230.0 233.0 237.0 237.0 241.0 240.0 238.0 235.0 235.0 231.0 230.0 233.0 233.0 233.0 231.0 233.0 235.0 239.0 239.0 240.0 240.0 238.0 235.0 235.0 232.0 -9999 -9999 -9999 -9999 -9999 -9999 -9999 -9999 -9999 -9999 -9999 -9999 -9999 -9999 -9999 -9999 -9999 -9999 -9999 -9999 -9999 -9999 -9999 -9999 -9999 -9999 -9999 -9999 -9999 -9999 -9999 -9999 -9999 -9999 -9999 -9999 -9999 -9999 -9999 -9999 -9999 -9999 -9999
237.0 238.0 238.0 237.0 235.0 231.0 231.0 231.0 231.0 232.0 236.0 236.0 236.0 236.0 236.0 234.0 233.0 233.0 232.0 233.0 232.0 232.0 232.0 233.0 233.0 236.0 238.0 238.0 239.0 238.0 237.0 238.0 238.0 234.0 230.0 233.0 -9999 -9999 237.0 238.0 -9999 -9999 -9999 -9999 -9999 -9999 -9999 -9999 -9999 -9999 -9999 -9999 -9999 -9999 -9999 -9999 -9999 -9999 -9999 -9999 -9999 -9999 -9999 -9999 -9999 -9999 -9999 -9999 -9999 -9999 -9999 -9999 -9999 -9999 -9999 -9999 -9999
231.0 233.0 233.0 233.0 233.0 231.0 230.0 230.0 229.0 232.0 233.0 234.0 234.0 235.0 235.0 235.0 234.0 234.0 238.0 232.0 231.0 232.0 232.0 232.0 233.0 236.0 237.0 237.0 237.0 237.0 237.0 236.0 236.0 234.0 233.0 236.0 237.0 237.0 240.0 240.0 237.0 234.0 234.0 -9999 -9999 -9999 -9999 -9999 -9999 -9999 -9999 -9999 -9999 -9999 -9999 -9999 -9999 -9999 -9999 -9999 -9999 -9999 -9999 -9999 -9999 -9999 -9999 -9999 -9999 -9999 -9999 -9999 -9999 -9999 -9999 -9999 -9999
231.0 233.0 233.0 233.0 233.0 231.0 230.0 230.0 229.0 232.0 233.0 234.0 234.0 235.0 235.0 235.0 234.0 234.0 238.0 232.0 231.0 232.0 232.0 232.0 233.0 236.0 237.0 237.0 237.0 237.0 237.0 236.0 236.0 234.0 233.0 236.0 237.0 237.0 240.0 240.0 237.0 234.0 234.0 -9999 -9999 -9999 -9999 -9999 -9999 -9999 -9999 -9999 -9999 -9999 -9999 -9999 -9999 -9999 -9999 -9999 -9999 -9999 -9999 -9999 -9999 -9999 -9999 -9999 -9999 -9999 -9999 -9999 -9999 -9999 -9999 -9999 -9999
229.0 230.0 230.0 229.0 230.0 229.0 229.0 229.0 229.0 231.0 232.0 233.0 233.0 231.0 233.0 230.0 230.0 230.0 230.0 230.0 229.0 229.0 229.0 231.0 232.0 234.0 235.0 235.0 234.0 236.0 238.0 240.0 240.0 242.0 242.0 242.0 243.0 243.0 241.0 238.0 245.0 247.0 247.0 238.0 238.0 239.0 240.0 240.0 242.0 -9999 -9999 -9999 -9999 -9999 -9999 -9999 -9999 -9999 -9999 -9999 -9999 -9999 -9999 -9999 -9999 -9999 -9999 -9999 -9999 -9999 -9999 -9999 -9999 -9999 -9999 -9999 -9999
228.0 228.0 228.0 228.0 229.0 230.0 228.0 228.0 229.0 229.0 231.0 230.0 230.0 229.0 230.0 230.0 229.0 229.0 228.0 229.0 229.0 229.0 229.0 229.0 229.0 230.0 230.0 230.0 231.0 234.0 236.0 238.0 238.0 238.0 240.0 242.0 243.0 243.0 243.0 242.0 241.0 242.0 242.0 239.0 245.0 244.0 244.0 244.0 242.0 241.0 240.0 -9999 -9999 -9999 -9999 -9999 -9999 -9999 -9999 -9999 -9999 -9999 -9999 -9999 -9999 -9999 -9999 -9999 -9999 -9999 -9999 -9999 -9999 -9999 -9999 -9999 -9999
-9999 227.0 227.0 228.0 -9999 -9999 231.0 231.0 232.0 232.0 230.0 228.0 228.0 229.0 227.0 230.0 230.0 230.0 230.0 227.0 229.0 226.0 226.0 226.0 225.0 225.0 226.0 226.0 226.0 225.0 227.0 228.0 228.0 230.0 232.0 237.0 238.0 238.0 239.0 243.0 240.0 242.0 242.0 245.0 249.0 247.0 247.0 247.0 252.0 251.0 244.0 238.0 238.0 -9999 -9999 -9999 -9999 -9999 -9999 -9999 -9999 -9999 -9999 -9999 -9999 -9999 -9999 -9999 -9999 -9999 -9999 -9999 -9999 -9999 -9999 -9999 -9999
-9999 -9999 -9999 -9999 -9999 -9999 230.0 230.0 233.0 235.0 235.0 233.0 233.0 230.0 228.0 227.0 228.0 228.0 -9999 -9999 -9999 225.0 225.0 230.0 225.0 -9999 226.0 226.0 224.0 223.0 223.0 224.0 224.0 225.0 228.0 230.0 230.0 230.0 231.0 233.0 236.0 239.0 239.0 242.0 246.0 247.0 248.0 248.0 252.0 251.0 241.0 239.0 239.0 234.0 -9999 -9999 -9999 -9999 -9999 -9999 -9999 -9999 -9999 -9999 -9999 -9999 -9999 -9999 -9999 -9999 -9999 -9999 -9999 -9999 -9999 -9999 -9999
-9999 -9999 -9999 -9999 -9999 -9999 230.0 230.0 233.0 235.0 235.0 233.0 233.0 230.0 228.0 227.0 228.0 228.0 -9999 -9999 -9999 225.0 225.0 230.0 225.0 -9999 226.0 226.0 224.0 223.0 223.0 224.0 224.0 225.0 228.0 230.0 230.0 230.0 231.0 233.0 236.0 239.0 239.0 242.0 246.0 247.0 248.0 248.0 252.0 251.0 241.0 239.0 239.0 234.0 -9999 -9999 -9999 -9999 -9999 -9999 -9999 -9999 -9999 -9999 -9999 -9999 -9999 -9999 -9999 -9999 -9999 -9999 -9999 -9999 -9999 -9999 -9999
-9999 -9999 -9999 -9999 -9999 237.0 232.0 232.0 233.0 236.0 234.0 233.0 233.0 230.0 226.0 225.0 227.0 227.0 -9999 -9999 -9999 225.0 225.0 224.0 -9999 -9999 -9999 -9999 223.0 223.0 222.0 221.0 221.0 221.0 221.0 221.0 221.0 221.0 222.0 226.0 233.0 236.0 236.0 225.0 227.0 239.0 237.0 237.0 237.0 236.0 -9999 -9999 -9999 -9999 -9999 -9999 -9999 -9999 -9999 -9999 -9999 -9999 -9999 -9999 -9999 -9999 -9999 -9999 -9999 -9999 -9999 -9999 -9999 -9999 -9999 -9999 -9999
226.0 -9999 -9999 226.0 -9999 231.0 237.0 237.0 236.0 234.0 234.0 232.0 232.0 230.0 225.0 227.0 -9999 -9999 -9999 -9999 -9999 224.0 224.0 224.0 -9999 -9999 -9999 -9999 222.0 222.0 221.0 220.0 220.0 221.0 220.0 222.0 220.0 220.0 221.0 224.0 231.0 235.0 235.0 223.0 225.0 235.0 236.0 236.0 239.0 242.0 238.0 239.0 239.0 234.0 -9999 -9999 -9999 -9999 -9999 -9999 -9999 -9999 -9999 -9999 -9999 -9999 -9999 -9999 -9999 -9999 -9999 -9999 -9999 -9999 -9999 -9999 -9999
-9999 -9999 -9999 225.0 228.0 235.0 236.0 236.0 235.0 235.0 233.0 232.0 232.0 231.0 228.0 225.0 -9999 -9999 -9999 -9999 -9999 -9999 -9999 -9999 -9999 -9999 224.0 224.0 223.0 222.0 221.0 220.0 220.0 221.0 219.0 219.0 -9999 -9999 221.0 219.0 220.0 223.0 223.0 225.0 226.0 232.0 235.0 235.0 237.0 239.0 244.0 245.0 245.0 247.0 247.0 245.0 244.0 244.0 242.0 243.0 -9999 -9999 -9999 -9999 -9999 -9999 -9999 -9999 -9999 -9999 -9999 -9999 -9999 -9999 -9999 -9999 -9999
228.0 223.0 223.0 226.0 232.0 232.0 232.0 232.0 231.0 232.0 231.0 231.0 231.0 230.0 228.0 226.0 226.0 226.0 -9999 -9999 -9999 -9999 -9999 -9999 -9999 -9999 222.0 222.0 222.0 221.0 220.0 221.0 221.0 -9999 -9999 -9999 -9999 -9999 219.0 218.0 219.0 220.0 220.0 224.0 225.0 227.0 229.0 229.0 234.0 237.0 238.0 250.0 250.0 255.0 256.0 258.0 254.0 254.0 246.0 244.0 232.0 230.0 230.0 224.0 -9999 -9999 -9999 -9999 -9999 -9999 -9999 -9999 -9999 -9999 -9999 -9999 -9999
228.0 223.0 223.0 226.0 232.0 232.0 232.0 232.0 231.0 232.0 231.0 231.0 231.0 230.0 228.0 226.0 226.0 226.0 -9999 -9999 -9999 -9999 -9999 -9999 -9999 -9999 222.0 222.0 222.0 221.0 220.0 221.0 221.0 -9999 -9999 -9999 -9999 -9999 219.0 218.0 219.0 220.0 220.0 224.0 225.0 227.0 229.0 229.0 234.0 237.0 238.0 250.0 250.0 255.0 256.0 258.0 254.0 254.0 246.0 244.0 232.0 230.0 230.0 224.0 -9999 -9999 -9999 -9999 -9999 -9999 -9999 -9999 -9999 -9999 -9999 -9999 -9999
231.0 228.0 228.0 226.0 227.0 228.0 228.0 228.0 229.0 226.0 227.0 227.0 227.0 226.0 224.0 226.0 -9999 -9999 -9999 -9999 -9999 -9999 -9999 -9999 -9999 -9999 -9999 -9999 -9999 -9999 -9999 -9999 -9999 -9999 -9999 -9999 220.0 220.0 218.0 218.0 218.0 219.0 219.0 222.0 219.0 221.0 222.0 222.0 224.0 225.0 226.0 228.0 228.0 234.0 243.0 251.0 254.0 254.0 248.0 249.0 245.0 244.0 244.0 240.0 241.0 235.0 234.0 234.0 -9999 -9999 -9999 -9999 -9999 -9999 -9999 -9999 -9999
229.0 227.0 227.0 224.0 223.0 -9999 227.0 227.0 224.0 225.0 225.0 224.0 224.0 -9999 -9999 -9999 -9999 -9999 -9999 -9999 -9999 -9999 -9999 -9999 -9999 -9999 -9999 -9999 -9999 -9999 -9999 -9999 -9999 -9999 217.0 218.0 218.0 218.0 218.0 218.0 219.0 218.0 218.0 221.0 220.0 219.0 221.0 221.0 221.0 222.0 223.0 223.0 223.0 230.0 238.0 241.0 242.0 242.0 238.0 241.0 249.0 251.0 251.0 238.0 233.0 236.0 -9999 -9999 -9999 -9999 -9999 -9999 -9999 -9999 -9999 -9999 -9999
225.0 224.0 224.0 221.0 222.0 220.0 222.0 222.0 222.0 225.0 222.0 224.0 224.0 -9999 -9999 -9999 -9999 -9999 -9999 -9999 -9999 -9999 -9999 -9999 -9999 -9999 -9999 -9999 -9999 -9999 -9999 -9999 -9999 -9999 218.0 216.0 217.0 217.0 220.0 219.0 220.0 220.0 220.0 220.0 221.0 224.0 225.0 225.0 225.0 223.0 220.0 223.0 223.0 -9999 -9999 231.0 228.0 228.0 232.0 240.0 244.0 240.0 240.0 233.0 228.0 -9999 -9999 -9999 -9999 -9999 -9999 -9999 -9999 -9999 -9999 -9999 -9999
220.0 219.0 219.0 -9999 219.0 220.0 221.0 221.0 222.0 224.0 225.0 -9999 -9999 -9999 -9999 -9999 -9999 -9999 -9999 -9999 -9999 -9999 -9999 -9999 -9999 219.0 220.0 220.0 219.0 218.0 216.0 216.0 216.0 216.0 217.0 218.0 218.0 218.0 219.0 219.0 219.0 218.0 218.0 218.0 221.0 222.0 222.0 222.0 222.0 223.0 224.0 224.0 224.0 226.0 -9999 -9999 229.0 229.0 229.0 228.0 235.0 -9999 -9999 -9999 -9999 -9999 -9999 -9999 -9999 -9999 -9999 -9999 -9999 -9999 -9999 -9999 -9999
220.0 219.0 219.0 -9999 219.0 220.0 221.0 221.0 222.0 224.0 225.0 -9999 -9999 -9999 -9999 -9999 -9999 -9999 -9999 -9999 -9999 -9999 -9999 -9999 -9999 219.0 220.0 220.0 219.0 218.0 216.0 216.0 216.0 216.0 217.0 218.0 218.0 218.0 219.0 219.0 219.0 218.0 218.0 218.0 221.0 222.0 222.0 222.0 222.0 223.0 224.0 224.0 224.0 226.0 -9999 -9999 229.0 229.0 229.0 228.0 235.0 -9999 -9999 -9999 -9999 -9999 -9999 -9999 -9999 -9999 -9999 -9999 -9999 -9999 -9999 -9999 -9999
219.0 218.0 218.0 -9999 217.0 218.0 220.0 220.0 223.0 226.0 225.0 226.0 226.0 223.0 221.0 -9999 -9999 -9999 -9999 -9999 -9999 -9999 -9999 -9999 218.0 223.0 223.0 223.0 221.0 219.0 216.0 216.0 216.0 215.0 215.0 216.0 218.0 218.0 219.0 218.0 217.0 218.0 218.0 217.0 217.0 218.0 220.0 220.0 220.0 225.0 229.0 231.0 231.0 230.0 228.0 228.0 -9999 -9999 -9999 -9999 231.0 -9999 -9999 -9999 -9999 -9999 -9999 -9999 -9999 -9999 -9999 -9999 -9999 -9999 -9999 -9999 -9999
216.0 -9999 -9999 -9999 216.0 216.0 217.0 217.0 219.0 221.0 221.0 220.0 220.0 221.0 221.0 220.0 -9999 -9999 -9999 -9999 -9999 -9999 -9999 -9999 -9999 219.0 220.0 220.0 218.0 219.0 217.0 218.0 218.0 216.0 215.0 216.0 214.0 214.0 217.0 218.0 219.0 220.0 220.0 220.0 218.0 217.0 216.0 216.0 217.0 223.0 227.0 230.0 230.0 232.0 236.0 238.0 230.0 230.0 -9999 -9999 -9999 -9999 -9999 -9999 -9999 -9999 -9999 -9999 -9999 -9999 -9999 -9999 -9999 -9999 -9999 -9999 -9999
-9999 213.0 213.0 214.0 214.0 215.0 217.0 217.0 218.0 217.0 216.0 216.0 216.0 217.0 217.0 217.0 219.0 219.0 219.0 217.0 -9999 -9999 -9999 -9999 -9999 216.0 217.0 217.0 217.0 -9999 -9999 -9999 -9999 -9999 -9999 -9999 -9999 -9999 215.0 214.0 214.0 218.0 218.0 220.0 222.0 221.0 218.0 218.0 210.0 213.0 220.0 228.0 228.0 233.0 236.0 239.0 239.0 239.0 234.0 -9999 -9999 -9999 -9999 -9999 -9999 -9999 -9999 -9999 -9999 -9999 -9999 -9999 -9999 -9999 -9999 -9999 -9999
-9999 -9999 -9999 -9999 -9999 213.0 214.0 214.0 214.0 -9999 -9999 -9999 -9999 -9999 -9999 -9999 215.0 215.0 -9999 -9999 -9999 -9999 -9999 -9999 220.0 220.0 215.0 215.0 214.0 -9999 -9999 -9999 -9999 -9999 -9999 -9999 -9999 -9999 -9999 -9999 213.0 218.0 218.0 217.0 219.0 219.0 221.0 221.0 221.0 217.0 217.0 221.0 221.0 225.0 228.0 235.0 234.0 234.0 230.0 -9999 -9999 -9999 -9999 -9999 -9999 -9999 -9999 -9999 -9999 -9999 -9999 -9999 -9999 -9999 -9999 -9999 -9999
-9999 -9999 -9999 -9999 -9999 213.0 214.0 214.0 214.0 -9999 -9999 -9999 -9999 -9999 -9999 -9999 215.0 215.0 -9999 -9999 -9999 -9999 -9999 -9999 220.0 220.0 215.0 215.0 214.0 -9999 -9999 -9999 -9999 -9999 -9999 -9999 -9999 -9999 -9999 -9999 213.0 218.0 218.0 217.0 219.0 219.0 221.0 221.0 221.0 217.0 217.0 221.0 221.0 225.0 228.0 235.0 234.0 234.0 230.0 -9999 -9999 -9999 -9999 -9999 -9999 -9999 -9999 -9999 -9999 -9999 -9999 -9999 -9999 -9999 -9999 -9999 -9999
-9999 -9999 -9999 -9999 -9999 -9999 -9999 -9999 -9999 -9999 212.0 214.0 214.0 215.0 214.0 212.0 -9999 -9999 -9999 -9999 -9999 -9999 -9999 -9999 211.0 212.0 -9999 -9999 -9999 -9999 -9999 -9999 -9999 -9999 211.0 -9999 -9999 -9999 -9999 -9999 -9999 215.0 215.0 213.0 214.0 213.0 216.0 216.0 219.0 223.0 227.0 228.0 228.0 225.0 220.0 226.0 227.0 227.0 226.0 -9999 -9999 -9999 -9999 -9999 -9999 -9999 -9999 -9999 -9999 -9999 -9999 -9999 -9999 -9999 -9999 -9999 -9999
-9999 -9999 -9999 -9999 -9999 -9999 -9999 -9999 -9999 -9999 211.0 212.0 212.0 212.0 210.0 -9999 -9999 -9999 -9999 210.0 214.0 210.0 210.0 -9999 210.0 217.0 220.0 220.0 220.0 217.0 214.0 215.0 215.0 213.0 213.0 216.0 215.0 215.0 215.0 -9999 -9999 -9999 -9999 -9999 -9999 -9999 213.0 213.0 214.0 216.0 218.0 223.0 223.0 228.0 225.0 -9999 -9999 -9999 222.0 223.0 -9999 -9999 -9999 -9999 -9999 -9999 -9999 -9999 -9999 -9999 -9999 -9999 -9999 -9999 -9999 -9999 -9999
-9999 -9999 -9999 -9999 -9999 -9999 -9999 -9999 -9999 -9999 -9999 -9999 -9999 -9999 -9999 -9999 -9999 -9999 -9999 209.0 212.0 208.0 208.0 -9999 208.0 212.0 213.0 213.0 215.0 216.0 217.0 218.0 218.0 217.0 218.0 219.0 221.0 221.0 218.0 214.0 213.0 -9999 -9999 -9999 -9999 -9999 -9999 -9999 -9999 -9999 -9999 -9999 -9999 218.0 217.0 -9999 223.0 223.0 225.0 -9999 -9999 -9999 -9999 -9999 -9999 -9999 -9999 -9999 -9999 -9999 -9999 -9999 -9999 -9999 -9999 -9999 -9999
-9999 -9999 -9999 -9999 -9999 -9999 -9999 -9999 -9999 -9999 -9999 -9999 -9999 -9999 -9999 -9999 -9999 -9999 -9999 -9999 -9999 -9999 -9999 -9999 -9999 209.0 212.0 212.0 213.0 213.0 214.0 214.0 214.0 215.0 216.0 218.0 218.0 218.0 219.0 219.0 213.0 213.0 213.0 -9999 213.0 -9999 -9999 -9999 -9999 -9999 -9999 -9999 -9999 -9999 -9999 -9999 217.0 217.0 219.0 -9999 -9999 -9999 -9999 -9999 -9999 -9999 -9999 -9999 -9999 -9999 -9999 -9999 -9999 -9999 -9999 -9999 -9999
-9999 -9999 -9999 -9999 -9999 -9999 -9999 -9999 -9999 -9999 -9999 -9999 -9999 -9999 -9999 -9999 -9999 -9999 -9999 -9999 -9999 -9999 -9999 -9999 -9999 209.0 212.0 212.0 213.0 213.0 214.0 214.0 214.0 215.0 216.0 218.0 218.0 218.0 219.0 219.0 213.0 213.0 213.0 -9999 213.0 -9999 -9999 -9999 -9999 -9999 -9999 -9999 -9999 -9999 -9999 -9999 217.0 217.0 219.0 -9999 -9999 -9999 -9999 -9999 -9999 -9999 -9999 -9999 -9999 -9999 -9999 -9999 -9999 -9999 -9999 -9999 -9999
-9999 -9999 -9999 -9999 -9999 -9999 -9999 -9999 -9999 -9999 -9999 -9999 -9999 -9999 -9999 -9999 -9999 -9999 -9999 -9999 -9999 -9999 -9999 204.0 204.0 207.0 208.0 208.0 208.0 209.0 210.0 211.0 211.0 211.0 212.0 212.0 214.0 214.0 214.0 215.0 215.0 216.0 216.0 217.0 216.0 214.0 211.0 211.0 -9999 212.0 210.0 -9999 -9999 -9999 -9999 -9999 -9999 -9999 212.0 -9999 -9999 -9999 -9999 -9999 -9999 -9999 -9999 -9999 -9999 -9999 -9999 -9999 -9999 -9999 -9999 -9999 -9999
-9999 -9999 -9999 -9999 -9999 -9999 -9999 -9999 -9999 -9999 -9999 -9999 -9999 -9999 -9999 -9999 -9999 -9999 -9999 -9999 -9999 -9999 -9999 -9999 -9999 202.0 204.0 204.0 205.0 206.0 206.0 206.0 206.0 208.0 209.0 209.0 209.0 209.0 209.0 209.0 209.0 210.0 210.0 211.0 210.0 211.0 -9999 -9999 -9999 210.0 210.0 -9999 -9999 -9999 -9999 -9999 -9999 -9999 219.0 211.0 -9999 -9999 -9999 -9999 -9999 -9999 -9999 -9999 -9999 -9999 -9999 -9999 -9999 -9999 -9999 -9999 -9999
-9999 -9999 -9999 -9999 -9999 -9999 -9999 -9999 -9999 -9999 -9999 -9999 -9999 -9999 -9999 -9999 -9999 -9999 -9999 -9999 -9999 -9999 -9999 -9999 -9999 200.0 202.0 202.0 203.0 203.0 203.0 203.0 203.0 203.0 204.0 204.0 206.0 206.0 205.0 206.0 207.0 208.0 208.0 208.0 208.0 205.0 -9999 -9999 -9999 -9999 -9999 -9999 -9999 -9999 -9999 -9999 214.0 214.0 223.0 225.0 211.0 -9999 -9999 -9999 -9999 -9999 -9999 -9999 -9999 -9999 -9999 -9999 -9999 -9999 -9999 -9999 -9999
