KEPLER/2.4/binaries/lib/outreach-2.3.0/workflows/data/garp/NA_ASC/frs6190_ann.asc
nrows  200
ncols  400
xllcorner  -179.99962860149
yllcorner  6.7208489478326
cellsize  0.4
NODATA_value  -9999
[rows 102 to 135 of 200, columns 154 to 230 of 400]
62.0 94.0 93.0 101.0 101.0 100.0 109.0 134.0 134.0 138.0 145.0 152.0 150.0 150.0 155.0 151.0 140.0 134.0 134.0 127.0 133.0 129.0 121.0 121.0 115.0 115.0 114.0 115.0 115.0 121.0 126.0 123.0 124.0 124.0 126.0 129.0 131.0 132.0 132.0 132.0 132.0 131.0 131.0 131.0 131.0 129.0 130.0 128.0 128.0 128.0 126.0 126.0 126.0 127.0 127.0 124.0 124.0 125.0 127.0 127.0 126.0 127.0 125.0 123.0 123.0 121.0 124.0 126.0 128.0 128.0 131.0 133.0 133.0 134.0 134.0 133.0 130.0
106.0 110.0 100.0 132.0 132.0 121.0 134.0 139.0 139.0 151.0 156.0 154.0 137.0 137.0 152.0 136.0 136.0 139.0 139.0 150.0 143.0 151.0 147.0 147.0 122.0 129.0 134.0 122.0 122.0 125.0 129.0 127.0 131.0 131.0 127.0 130.0 130.0 130.0 130.0 130.0 129.0 128.0 128.0 129.0 129.0 127.0 127.0 126.0 125.0 125.0 124.0 124.0 126.0 125.0 125.0 123.0 121.0 121.0 122.0 122.0 122.0 121.0 120.0 118.0 118.0 116.0 119.0 120.0 121.0 121.0 124.0 127.0 127.0 128.0 128.0 126.0 122.0
106.0 110.0 100.0 132.0 132.0 121.0 134.0 139.0 139.0 151.0 156.0 154.0 137.0 137.0 152.0 136.0 136.0 139.0 139.0 150.0 143.0 151.0 147.0 147.0 122.0 129.0 134.0 122.0 122.0 125.0 129.0 127.0 131.0 131.0 127.0 130.0 130.0 130.0 130.0 130.0 129.0 128.0 128.0 129.0 129.0 127.0 127.0 126.0 125.0 125.0 124.0 124.0 126.0 125.0 125.0 123.0 121.0 121.0 122.0 122.0 122.0 121.0 120.0 118.0 118.0 116.0 119.0 120.0 121.0 121.0 124.0 127.0 127.0 128.0 128.0 126.0 122.0
126.0 133.0 110.0 108.0 108.0 116.0 122.0 150.0 150.0 169.0 167.0 162.0 159.0 159.0 159.0 156.0 154.0 153.0 153.0 151.0 152.0 154.0 156.0 156.0 135.0 120.0 122.0 149.0 149.0 148.0 141.0 134.0 132.0 132.0 132.0 131.0 132.0 130.0 126.0 126.0 127.0 126.0 125.0 125.0 125.0 125.0 125.0 124.0 123.0 123.0 121.0 120.0 122.0 124.0 124.0 121.0 120.0 119.0 117.0 117.0 117.0 116.0 113.0 111.0 111.0 112.0 114.0 114.0 115.0 115.0 116.0 119.0 119.0 120.0 120.0 117.0 115.0
133.0 134.0 114.0 97.0 97.0 92.0 124.0 141.0 141.0 165.0 174.0 164.0 163.0 163.0 162.0 152.0 138.0 138.0 138.0 141.0 155.0 162.0 167.0 167.0 151.0 133.0 123.0 128.0 128.0 162.0 142.0 132.0 132.0 132.0 131.0 133.0 144.0 145.0 127.0 127.0 123.0 124.0 124.0 123.0 123.0 123.0 122.0 121.0 121.0 121.0 120.0 116.0 117.0 120.0 120.0 118.0 118.0 117.0 113.0 113.0 112.0 112.0 111.0 110.0 110.0 111.0 111.0 110.0 109.0 109.0 111.0 112.0 114.0 113.0 113.0 110.0 109.0
123.0 116.0 112.0 94.0 94.0 85.0 103.0 121.0 121.0 151.0 168.0 166.0 158.0 158.0 138.0 124.0 122.0 126.0 126.0 140.0 157.0 163.0 166.0 166.0 166.0 145.0 126.0 130.0 130.0 146.0 138.0 131.0 136.0 136.0 134.0 131.0 131.0 144.0 128.0 128.0 122.0 122.0 122.0 122.0 122.0 122.0 120.0 119.0 118.0 118.0 116.0 113.0 111.0 114.0 114.0 115.0 116.0 116.0 114.0 114.0 111.0 109.0 109.0 109.0 109.0 110.0 110.0 108.0 105.0 105.0 109.0 109.0 109.0 108.0 108.0 107.0 106.0
121.0 126.0 120.0 116.0 116.0 112.0 93.0 104.0 104.0 125.0 127.0 121.0 121.0 121.0 123.0 118.0 121.0 139.0 139.0 146.0 156.0 163.0 173.0 173.0 152.0 133.0 128.0 134.0 134.0 144.0 136.0 136.0 137.0 137.0 131.0 129.0 126.0 124.0 123.0 123.0 121.0 126.0 126.0 125.0 125.0 124.0 122.0 120.0 117.0 117.0 113.0 111.0 107.0 109.0 109.0 110.0 111.0 112.0 111.0 111.0 109.0 106.0 106.0 106.0 106.0 106.0 106.0 106.0 104.0 104.0 104.0 106.0 107.0 106.0 106.0 103.0 102.0
121.0 126.0 120.0 116.0 116.0 112.0 93.0 104.0 104.0 125.0 127.0 121.0 121.0 121.0 123.0 118.0 121.0 139.0 139.0 146.0 156.0 163.0 173.0 173.0 152.0 133.0 128.0 134.0 134.0 144.0 136.0 136.0 137.0 137.0 131.0 129.0 126.0 124.0 123.0 123.0 121.0 126.0 126.0 125.0 125.0 124.0 122.0 120.0 117.0 117.0 113.0 111.0 107.0 109.0 109.0 110.0 111.0 112.0 111.0 111.0 109.0 106.0 106.0 106.0 106.0 106.0 106.0 106.0 104.0 104.0 104.0 106.0 107.0 106.0 106.0 103.0 102.0
144.0 131.0 116.0 123.0 123.0 136.0 118.0 100.0 100.0 99.0 97.0 104.0 107.0 107.0 112.0 118.0 129.0 138.0 138.0 151.0 163.0 154.0 154.0 154.0 170.0 150.0 135.0 140.0 140.0 140.0 132.0 140.0 140.0 140.0 134.0 135.0 133.0 128.0 125.0 125.0 126.0 127.0 126.0 125.0 125.0 124.0 122.0 119.0 116.0 116.0 113.0 109.0 106.0 104.0 104.0 105.0 107.0 108.0 109.0 109.0 105.0 102.0 102.0 103.0 103.0 103.0 104.0 104.0 101.0 101.0 101.0 104.0 105.0 105.0 105.0 103.0 99.0
139.0 138.0 136.0 135.0 135.0 132.0 136.0 128.0 128.0 125.0 123.0 126.0 121.0 121.0 119.0 125.0 126.0 138.0 138.0 145.0 163.0 155.0 148.0 148.0 148.0 152.0 146.0 145.0 145.0 141.0 141.0 148.0 157.0 157.0 137.0 128.0 126.0 129.0 127.0 127.0 124.0 127.0 127.0 125.0 125.0 124.0 122.0 120.0 117.0 117.0 113.0 110.0 107.0 106.0 106.0 106.0 100.0 102.0 104.0 104.0 99.0 98.0 98.0 99.0 99.0 102.0 101.0 98.0 98.0 98.0 98.0 98.0 101.0 101.0 101.0 101.0 98.0
139.0 137.0 136.0 146.0 146.0 134.0 141.0 155.0 155.0 154.0 137.0 132.0 128.0 128.0 114.0 105.0 108.0 135.0 135.0 154.0 156.0 150.0 144.0 144.0 148.0 146.0 146.0 148.0 148.0 154.0 151.0 153.0 150.0 150.0 143.0 133.0 124.0 123.0 121.0 121.0 121.0 122.0 123.0 122.0 122.0 122.0 120.0 119.0 114.0 114.0 110.0 110.0 108.0 103.0 103.0 101.0 96.0 96.0 100.0 100.0 99.0 95.0 93.0 94.0 94.0 97.0 94.0 91.0 92.0 92.0 91.0 90.0 95.0 95.0 95.0 94.0 92.0
128.0 133.0 132.0 130.0 130.0 143.0 151.0 149.0 149.0 142.0 139.0 126.0 103.0 103.0 98.0 94.0 95.0 128.0 128.0 153.0 161.0 158.0 146.0 146.0 152.0 156.0 148.0 152.0 152.0 171.0 173.0 179.0 160.0 160.0 151.0 129.0 127.0 127.0 122.0 122.0 118.0 115.0 115.0 116.0 116.0 118.0 115.0 115.0 110.0 110.0 105.0 103.0 99.0 97.0 97.0 97.0 93.0 93.0 97.0 97.0 98.0 95.0 92.0 90.0 90.0 87.0 86.0 85.0 87.0 87.0 86.0 89.0 90.0 88.0 88.0 88.0 87.0
128.0 133.0 132.0 130.0 130.0 143.0 151.0 149.0 149.0 142.0 139.0 126.0 103.0 103.0 98.0 94.0 95.0 128.0 128.0 153.0 161.0 158.0 146.0 146.0 152.0 156.0 148.0 152.0 152.0 171.0 173.0 179.0 160.0 160.0 151.0 129.0 127.0 127.0 122.0 122.0 118.0 115.0 115.0 116.0 116.0 118.0 115.0 115.0 110.0 110.0 105.0 103.0 99.0 97.0 97.0 97.0 93.0 93.0 97.0 97.0 98.0 95.0 92.0 90.0 90.0 87.0 86.0 85.0 87.0 87.0 86.0 89.0 90.0 88.0 88.0 88.0 87.0
132.0 135.0 140.0 131.0 131.0 134.0 142.0 145.0 145.0 155.0 137.0 124.0 102.0 102.0 96.0 94.0 88.0 120.0 120.0 152.0 184.0 185.0 169.0 169.0 144.0 150.0 141.0 154.0 154.0 181.0 190.0 186.0 181.0 181.0 137.0 117.0 119.0 120.0 116.0 116.0 115.0 111.0 108.0 112.0 112.0 117.0 111.0 107.0 103.0 103.0 99.0 95.0 92.0 91.0 91.0 94.0 97.0 92.0 95.0 95.0 96.0 93.0 91.0 89.0 89.0 83.0 83.0 85.0 88.0 88.0 87.0 85.0 85.0 87.0 87.0 87.0 85.0
128.0 129.0 131.0 134.0 134.0 144.0 146.0 152.0 152.0 149.0 142.0 130.0 108.0 108.0 101.0 107.0 108.0 103.0 103.0 152.0 150.0 130.0 113.0 113.0 120.0 136.0 142.0 164.0 164.0 191.0 198.0 190.0 189.0 189.0 133.0 108.0 110.0 115.0 115.0 115.0 112.0 107.0 104.0 106.0 106.0 110.0 108.0 103.0 99.0 99.0 94.0 91.0 90.0 95.0 95.0 92.0 91.0 84.0 85.0 85.0 86.0 87.0 87.0 85.0 85.0 82.0 81.0 81.0 86.0 86.0 85.0 82.0 80.0 81.0 81.0 81.0 79.0
118.0 132.0 140.0 136.0 136.0 155.0 150.0 151.0 151.0 148.0 153.0 141.0 129.0 129.0 116.0 117.0 123.0 130.0 130.0 151.0 144.0 142.0 119.0 119.0 117.0 145.0 147.0 170.0 170.0 198.0 193.0 199.0 196.0 196.0 142.0 117.0 119.0 114.0 116.0 116.0 111.0 106.0 103.0 105.0 105.0 105.0 103.0 100.0 96.0 96.0 90.0 86.0 85.0 87.0 87.0 84.0 80.0 79.0 76.0 76.0 76.0 80.0 80.0 80.0 80.0 79.0 77.0 78.0 81.0 81.0 80.0 81.0 75.0 74.0 74.0 74.0 73.0
121.0 122.0 146.0 137.0 137.0 155.0 155.0 147.0 147.0 154.0 161.0 153.0 128.0 128.0 129.0 124.0 114.0 121.0 121.0 145.0 116.0 110.0 131.0 131.0 112.0 110.0 136.0 171.0 171.0 192.0 208.0 204.0 191.0 191.0 161.0 124.0 118.0 118.0 117.0 117.0 112.0 107.0 104.0 104.0 104.0 102.0 98.0 93.0 92.0 92.0 88.0 83.0 79.0 78.0 78.0 76.0 77.0 77.0 69.0 69.0 69.0 73.0 75.0 76.0 76.0 75.0 76.0 79.0 80.0 80.0 76.0 72.0 71.0 70.0 70.0 70.0 71.0
121.0 122.0 146.0 137.0 137.0 155.0 155.0 147.0 147.0 154.0 161.0 153.0 128.0 128.0 129.0 124.0 114.0 121.0 121.0 145.0 116.0 110.0 131.0 131.0 112.0 110.0 136.0 171.0 171.0 192.0 208.0 204.0 191.0 191.0 161.0 124.0 118.0 118.0 117.0 117.0 112.0 107.0 104.0 104.0 104.0 102.0 98.0 93.0 92.0 92.0 88.0 83.0 79.0 78.0 78.0 76.0 77.0 77.0 69.0 69.0 69.0 73.0 75.0 76.0 76.0 75.0 76.0 79.0 80.0 80.0 76.0 72.0 71.0 70.0 70.0 70.0 71.0
144.0 132.0 145.0 158.0 158.0 160.0 152.0 141.0 141.0 152.0 153.0 146.0 141.0 141.0 125.0 122.0 141.0 150.0 150.0 128.0 112.0 89.0 98.0 98.0 110.0 140.0 123.0 134.0 134.0 204.0 206.0 202.0 183.0 183.0 166.0 113.0 107.0 114.0 113.0 113.0 109.0 106.0 105.0 102.0 102.0 100.0 93.0 88.0 89.0 89.0 86.0 82.0 75.0 72.0 72.0 75.0 78.0 75.0 66.0 66.0 67.0 70.0 72.0 71.0 71.0 70.0 68.0 71.0 73.0 73.0 66.0 59.0 63.0 67.0 67.0 70.0 70.0
144.0 135.0 136.0 135.0 135.0 141.0 143.0 138.0 138.0 137.0 137.0 140.0 138.0 138.0 128.0 135.0 148.0 156.0 156.0 138.0 106.0 101.0 102.0 102.0 120.0 118.0 139.0 176.0 176.0 210.0 209.0 199.0 175.0 175.0 154.0 111.0 106.0 105.0 109.0 109.0 109.0 108.0 106.0 102.0 102.0 96.0 89.0 84.0 85.0 85.0 83.0 77.0 71.0 70.0 70.0 71.0 73.0 71.0 68.0 68.0 67.0 68.0 68.0 67.0 67.0 65.0 65.0 67.0 69.0 69.0 66.0 61.0 59.0 65.0 65.0 70.0 66.0
155.0 152.0 127.0 115.0 115.0 100.0 130.0 119.0 119.0 119.0 125.0 120.0 126.0 126.0 124.0 135.0 141.0 140.0 140.0 114.0 104.0 107.0 133.0 133.0 112.0 128.0 181.0 205.0 205.0 222.0 216.0 184.0 156.0 156.0 174.0 120.0 105.0 103.0 106.0 106.0 109.0 106.0 101.0 96.0 96.0 89.0 82.0 78.0 79.0 79.0 78.0 72.0 69.0 67.0 67.0 69.0 71.0 68.0 67.0 67.0 67.0 68.0 67.0 65.0 65.0 63.0 63.0 66.0 69.0 69.0 73.0 68.0 63.0 63.0 63.0 61.0 59.0
170.0 133.0 107.0 109.0 109.0 96.0 112.0 105.0 105.0 102.0 98.0 104.0 107.0 107.0 115.0 124.0 127.0 112.0 112.0 109.0 96.0 98.0 99.0 99.0 100.0 115.0 146.0 160.0 160.0 181.0 208.0 191.0 149.0 149.0 161.0 129.0 101.0 101.0 106.0 106.0 105.0 99.0 94.0 89.0 89.0 84.0 78.0 73.0 72.0 72.0 70.0 66.0 63.0 61.0 61.0 66.0 73.0 63.0 63.0 63.0 65.0 67.0 65.0 63.0 63.0 62.0 61.0 63.0 65.0 65.0 67.0 68.0 65.0 60.0 60.0 58.0 59.0
170.0 133.0 107.0 109.0 109.0 96.0 112.0 105.0 105.0 102.0 98.0 104.0 107.0 107.0 115.0 124.0 127.0 112.0 112.0 109.0 96.0 98.0 99.0 99.0 100.0 115.0 146.0 160.0 160.0 181.0 208.0 191.0 149.0 149.0 161.0 129.0 101.0 101.0 106.0 106.0 105.0 99.0 94.0 89.0 89.0 84.0 78.0 73.0 72.0 72.0 70.0 66.0 63.0 61.0 61.0 66.0 73.0 63.0 63.0 63.0 65.0 67.0 65.0 63.0 63.0 62.0 61.0 63.0 65.0 65.0 67.0 68.0 65.0 60.0 60.0 58.0 59.0
142.0 148.0 101.0 74.0 74.0 61.0 75.0 77.0 77.0 95.0 56.0 63.0 89.0 89.0 102.0 106.0 121.0 108.0 108.0 107.0 115.0 128.0 107.0 107.0 132.0 107.0 119.0 114.0 114.0 140.0 166.0 181.0 154.0 154.0 167.0 122.0 113.0 102.0 89.0 89.0 91.0 89.0 86.0 82.0 82.0 79.0 75.0 68.0 66.0 66.0 64.0 60.0 56.0 54.0 54.0 57.0 60.0 57.0 57.0 57.0 59.0 61.0 57.0 55.0 55.0 54.0 54.0 56.0 57.0 57.0 56.0 57.0 58.0 57.0 57.0 57.0 59.0
97.0 151.0 104.0 91.0 91.0 42.0 56.0 91.0 91.0 52.0 50.0 51.0 85.0 85.0 101.0 98.0 109.0 103.0 103.0 105.0 117.0 127.0 121.0 121.0 138.0 123.0 121.0 116.0 116.0 136.0 162.0 147.0 146.0 146.0 157.0 111.0 101.0 87.0 76.0 76.0 78.0 80.0 79.0 77.0 77.0 76.0 73.0 69.0 66.0 66.0 62.0 57.0 54.0 52.0 52.0 50.0 51.0 48.0 49.0 49.0 54.0 54.0 50.0 51.0 51.0 49.0 49.0 50.0 48.0 48.0 47.0 50.0 52.0 52.0 52.0 53.0 57.0
52.0 90.0 56.0 57.0 57.0 34.0 27.0 49.0 49.0 61.0 46.0 57.0 77.0 77.0 73.0 102.0 117.0 122.0 122.0 97.0 102.0 113.0 117.0 117.0 127.0 131.0 130.0 134.0 134.0 134.0 150.0 139.0 150.0 150.0 128.0 105.0 84.0 74.0 72.0 72.0 71.0 73.0 73.0 73.0 73.0 72.0 70.0 66.0 61.0 61.0 60.0 54.0 50.0 48.0 48.0 46.0 45.0 44.0 45.0 45.0 52.0 54.0 52.0 51.0 51.0 50.0 48.0 45.0 43.0 43.0 43.0 43.0 46.0 47.0 47.0 48.0 55.0
36.0 64.0 40.0 42.0 42.0 46.0 29.0 37.0 37.0 47.0 37.0 50.0 75.0 75.0 70.0 89.0 128.0 145.0 145.0 106.0 93.0 99.0 112.0 112.0 119.0 127.0 139.0 141.0 141.0 134.0 122.0 135.0 124.0 124.0 105.0 89.0 76.0 72.0 67.0 67.0 69.0 70.0 70.0 71.0 71.0 68.0 66.0 61.0 59.0 59.0 55.0 51.0 47.0 46.0 46.0 44.0 45.0 45.0 50.0 50.0 48.0 47.0 41.0 38.0 38.0 39.0 41.0 41.0 42.0 42.0 40.0 35.0 37.0 43.0 43.0 47.0 54.0
36.0 64.0 40.0 42.0 42.0 46.0 29.0 37.0 37.0 47.0 37.0 50.0 75.0 75.0 70.0 89.0 128.0 145.0 145.0 106.0 93.0 99.0 112.0 112.0 119.0 127.0 139.0 141.0 141.0 134.0 122.0 135.0 124.0 124.0 105.0 89.0 76.0 72.0 67.0 67.0 69.0 70.0 70.0 71.0 71.0 68.0 66.0 61.0 59.0 59.0 55.0 51.0 47.0 46.0 46.0 44.0 45.0 45.0 50.0 50.0 48.0 47.0 41.0 38.0 38.0 39.0 41.0 41.0 42.0 42.0 40.0 35.0 37.0 43.0 43.0 47.0 54.0
69.0 55.0 48.0 45.0 45.0 57.0 38.0 36.0 36.0 29.0 28.0 31.0 62.0 62.0 80.0 78.0 75.0 76.0 76.0 91.0 97.0 91.0 92.0 92.0 99.0 124.0 137.0 135.0 135.0 119.0 126.0 127.0 118.0 118.0 103.0 83.0 77.0 74.0 70.0 70.0 68.0 68.0 67.0 63.0 63.0 60.0 59.0 57.0 53.0 53.0 51.0 46.0 44.0 43.0 43.0 44.0 42.0 45.0 47.0 47.0 47.0 47.0 42.0 38.0 38.0 36.0 33.0 37.0 40.0 40.0 37.0 33.0 37.0 42.0 42.0 43.0 47.0
29.0 45.0 63.0 56.0 56.0 87.0 42.0 38.0 38.0 23.0 23.0 21.0 39.0 39.0 44.0 60.0 73.0 72.0 72.0 85.0 105.0 97.0 114.0 114.0 116.0 127.0 138.0 134.0 134.0 121.0 121.0 117.0 114.0 114.0 97.0 79.0 70.0 69.0 66.0 66.0 64.0 63.0 63.0 61.0 61.0 56.0 54.0 54.0 48.0 48.0 44.0 40.0 40.0 39.0 39.0 39.0 39.0 40.0 42.0 42.0 43.0 41.0 37.0 33.0 33.0 32.0 33.0 34.0 35.0 35.0 34.0 38.0 44.0 42.0 42.0 38.0 38.0
-9999 4.0 15.0 19.0 19.0 54.0 22.0 24.0 24.0 21.0 15.0 21.0 29.0 29.0 41.0 36.0 28.0 36.0 36.0 52.0 70.0 74.0 103.0 103.0 130.0 122.0 121.0 124.0 124.0 113.0 95.0 92.0 102.0 102.0 98.0 70.0 62.0 66.0 65.0 65.0 61.0 59.0 57.0 56.0 56.0 51.0 50.0 45.0 42.0 42.0 39.0 37.0 37.0 36.0 36.0 35.0 37.0 37.0 37.0 37.0 35.0 33.0 31.0 29.0 29.0 29.0 31.0 32.0 32.0 32.0 32.0 35.0 38.0 37.0 37.0 32.0 31.0
11.0 12.0 8.0 13.0 13.0 39.0 23.0 10.0 10.0 14.0 16.0 22.0 19.0 19.0 22.0 34.0 26.0 20.0 20.0 31.0 59.0 59.0 88.0 88.0 105.0 117.0 124.0 122.0 122.0 95.0 94.0 79.0 110.0 110.0 94.0 65.0 59.0 63.0 61.0 61.0 57.0 56.0 52.0 48.0 48.0 46.0 44.0 38.0 38.0 38.0 36.0 37.0 35.0 30.0 30.0 29.0 34.0 34.0 33.0 33.0 32.0 29.0 27.0 27.0 27.0 27.0 28.0 28.0 29.0 29.0 29.0 31.0 33.0 32.0 32.0 30.0 28.0
11.0 12.0 8.0 13.0 13.0 39.0 23.0 10.0 10.0 14.0 16.0 22.0 19.0 19.0 22.0 34.0 26.0 20.0 20.0 31.0 59.0 59.0 88.0 88.0 105.0 117.0 124.0 122.0 122.0 95.0 94.0 79.0 110.0 110.0 94.0 65.0 59.0 63.0 61.0 61.0 57.0 56.0 52.0 48.0 48.0 46.0 44.0 38.0 38.0 38.0 36.0 37.0 35.0 30.0 30.0 29.0 34.0 34.0 33.0 33.0 32.0 29.0 27.0 27.0 27.0 27.0 28.0 28.0 29.0 29.0 29.0 31.0 33.0 32.0 32.0 30.0 28.0
7.0 13.0 -9999 3.0 3.0 31.0 37.0 16.0 16.0 10.0 6.0 12.0 12.0 12.0 14.0 17.0 18.0 14.0 14.0 15.0 43.0 69.0 67.0 67.0 72.0 86.0 98.0 97.0 97.0 76.0 82.0 64.0 103.0 103.0 83.0 61.0 50.0 54.0 51.0 51.0 49.0 47.0 45.0 43.0 43.0 41.0 38.0 33.0 32.0 32.0 33.0 34.0 35.0 26.0 26.0 25.0 28.0 30.0 30.0 30.0 28.0 26.0 23.0 24.0 24.0 26.0 27.0 26.0 25.0 25.0 26.0 28.0 29.0 30.0 30.0 28.0 26.0
