KEPLER/2.4/binaries/lib/outreach-2.3.0/workflows/data/garp/NA_ASC/frs6190_ann.asc
nrows  200
ncols  400
xllcorner  -179.99962860149
yllcorner  6.7208489478326
cellsize  0.4
NODATA_value  -9999
[rows 68 to 101 of 200, columns 154 to 230 of 400]
176.0 174.0 171.0 168.0 168.0 170.0 173.0 180.0 180.0 180.0 178.0 175.0 165.0 165.0 163.0 164.0 164.0 163.0 163.0 164.0 164.0 162.0 159.0 159.0 158.0 158.0 159.0 163.0 163.0 166.0 170.0 174.0 177.0 177.0 177.0 176.0 178.0 178.0 179.0 179.0 180.0 181.0 183.0 184.0 184.0 186.0 185.0 185.0 186.0 186.0 187.0 189.0 190.0 190.0 190.0 190.0 191.0 191.0 190.0 190.0 191.0 -9999 -9999 -9999 -9999 -9999 -9999 -9999 -9999 -9999 -9999 -9999 -9999 -9999 -9999 -9999 -9999
176.0 174.0 171.0 168.0 168.0 170.0 173.0 180.0 180.0 180.0 178.0 175.0 165.0 165.0 163.0 164.0 164.0 163.0 163.0 164.0 164.0 162.0 159.0 159.0 158.0 158.0 159.0 163.0 163.0 166.0 170.0 174.0 177.0 177.0 177.0 176.0 178.0 178.0 179.0 179.0 180.0 181.0 183.0 184.0 184.0 186.0 185.0 185.0 186.0 186.0 187.0 189.0 190.0 190.0 190.0 190.0 191.0 191.0 190.0 190.0 191.0 -9999 -9999 -9999 -9999 -9999 -9999 -9999 -9999 -9999 -9999 -9999 -9999 -9999 -9999 -9999 -9999
171.0 171.0 172.0 169.0 169.0 166.0 167.0 169.0 169.0 172.0 168.0 162.0 159.0 159.0 159.0 160.0 161.0 160.0 160.0 160.0 159.0 157.0 157.0 157.0 158.0 161.0 163.0 165.0 165.0 168.0 171.0 172.0 171.0 171.0 174.0 175.0 174.0 174.0 175.0 175.0 176.0 177.0 178.0 180.0 180.0 181.0 182.0 181.0 182.0 182.0 184.0 185.0 188.0 189.0 189.0 189.0 188.0 189.0 189.0 189.0 189.0 190.0 190.0 189.0 189.0 -9999 -9999 -9999 -9999 -9999 -9999 -9999 -9999 -9999 -9999 -9999 -9999
174.0 173.0 171.0 167.0 167.0 160.0 155.0 154.0 154.0 154.0 155.0 155.0 156.0 156.0 158.0 160.0 160.0 157.0 157.0 157.0 157.0 157.0 156.0 156.0 157.0 160.0 162.0 164.0 164.0 167.0 167.0 169.0 170.0 170.0 172.0 172.0 172.0 171.0 173.0 173.0 174.0 174.0 175.0 176.0 176.0 178.0 179.0 179.0 181.0 181.0 182.0 183.0 185.0 187.0 187.0 187.0 188.0 188.0 188.0 188.0 188.0 188.0 188.0 186.0 186.0 186.0 -9999 -9999 -9999 -9999 -9999 -9999 -9999 -9999 -9999 -9999 -9999
175.0 175.0 174.0 167.0 167.0 161.0 165.0 166.0 166.0 157.0 156.0 158.0 161.0 161.0 166.0 168.0 168.0 159.0 159.0 155.0 156.0 157.0 159.0 159.0 159.0 160.0 162.0 163.0 163.0 164.0 164.0 165.0 168.0 168.0 171.0 170.0 170.0 170.0 171.0 171.0 170.0 169.0 171.0 173.0 173.0 175.0 176.0 177.0 178.0 178.0 178.0 180.0 182.0 183.0 183.0 184.0 185.0 185.0 186.0 186.0 187.0 186.0 185.0 184.0 184.0 183.0 -9999 -9999 -9999 -9999 -9999 -9999 -9999 -9999 -9999 -9999 -9999
180.0 177.0 174.0 166.0 166.0 162.0 163.0 165.0 165.0 156.0 156.0 161.0 164.0 164.0 164.0 162.0 160.0 154.0 154.0 155.0 159.0 158.0 158.0 158.0 157.0 157.0 158.0 160.0 160.0 162.0 161.0 163.0 166.0 166.0 168.0 169.0 170.0 169.0 170.0 170.0 168.0 167.0 170.0 172.0 172.0 174.0 174.0 174.0 173.0 173.0 174.0 177.0 179.0 181.0 181.0 181.0 181.0 181.0 183.0 183.0 184.0 183.0 181.0 180.0 180.0 180.0 179.0 180.0 180.0 180.0 180.0 181.0 -9999 -9999 -9999 -9999 -9999
180.0 177.0 174.0 166.0 166.0 162.0 163.0 165.0 165.0 156.0 156.0 161.0 164.0 164.0 164.0 162.0 160.0 154.0 154.0 155.0 159.0 158.0 158.0 158.0 157.0 157.0 158.0 160.0 160.0 162.0 161.0 163.0 166.0 166.0 168.0 169.0 170.0 169.0 170.0 170.0 168.0 167.0 170.0 172.0 172.0 174.0 174.0 174.0 173.0 173.0 174.0 177.0 179.0 181.0 181.0 181.0 181.0 181.0 183.0 183.0 184.0 183.0 181.0 180.0 180.0 180.0 179.0 180.0 180.0 180.0 180.0 181.0 -9999 -9999 -9999 -9999 -9999
177.0 169.0 165.0 160.0 160.0 162.0 163.0 161.0 161.0 157.0 159.0 159.0 156.0 156.0 157.0 157.0 156.0 155.0 155.0 154.0 155.0 155.0 155.0 155.0 153.0 153.0 154.0 156.0 156.0 158.0 161.0 162.0 165.0 165.0 165.0 167.0 169.0 169.0 168.0 168.0 168.0 169.0 171.0 172.0 172.0 172.0 172.0 170.0 170.0 170.0 172.0 176.0 178.0 179.0 179.0 179.0 178.0 178.0 179.0 179.0 180.0 180.0 179.0 177.0 177.0 177.0 177.0 178.0 179.0 179.0 179.0 180.0 180.0 180.0 180.0 180.0 181.0
159.0 154.0 155.0 154.0 154.0 158.0 160.0 158.0 158.0 157.0 157.0 156.0 153.0 153.0 157.0 156.0 156.0 159.0 159.0 161.0 155.0 154.0 154.0 154.0 152.0 151.0 151.0 153.0 153.0 155.0 158.0 160.0 162.0 162.0 164.0 166.0 169.0 170.0 166.0 166.0 166.0 167.0 168.0 170.0 170.0 172.0 170.0 170.0 170.0 170.0 172.0 175.0 177.0 176.0 176.0 174.0 173.0 174.0 175.0 175.0 175.0 176.0 175.0 173.0 173.0 173.0 174.0 175.0 176.0 176.0 177.0 178.0 177.0 178.0 178.0 178.0 180.0
148.0 146.0 149.0 149.0 149.0 155.0 159.0 158.0 158.0 157.0 158.0 159.0 158.0 158.0 158.0 157.0 160.0 161.0 161.0 160.0 159.0 158.0 157.0 157.0 154.0 149.0 148.0 151.0 151.0 153.0 155.0 156.0 159.0 159.0 161.0 164.0 168.0 169.0 167.0 167.0 164.0 163.0 163.0 166.0 166.0 166.0 167.0 167.0 168.0 168.0 170.0 174.0 175.0 171.0 171.0 170.0 170.0 168.0 169.0 169.0 170.0 171.0 171.0 171.0 171.0 171.0 171.0 170.0 171.0 171.0 173.0 174.0 176.0 177.0 177.0 177.0 179.0
153.0 152.0 152.0 146.0 146.0 152.0 158.0 159.0 159.0 159.0 160.0 163.0 161.0 161.0 158.0 158.0 158.0 159.0 159.0 160.0 160.0 159.0 158.0 158.0 157.0 152.0 150.0 151.0 151.0 153.0 155.0 155.0 157.0 157.0 159.0 163.0 165.0 166.0 165.0 165.0 161.0 158.0 156.0 160.0 160.0 161.0 163.0 164.0 165.0 165.0 166.0 168.0 166.0 165.0 165.0 166.0 166.0 164.0 164.0 164.0 165.0 166.0 167.0 167.0 167.0 167.0 168.0 166.0 167.0 167.0 169.0 170.0 172.0 173.0 173.0 174.0 175.0
153.0 152.0 152.0 146.0 146.0 152.0 158.0 159.0 159.0 159.0 160.0 163.0 161.0 161.0 158.0 158.0 158.0 159.0 159.0 160.0 160.0 159.0 158.0 158.0 157.0 152.0 150.0 151.0 151.0 153.0 155.0 155.0 157.0 157.0 159.0 163.0 165.0 166.0 165.0 165.0 161.0 158.0 156.0 160.0 160.0 161.0 163.0 164.0 165.0 165.0 166.0 168.0 166.0 165.0 165.0 166.0 166.0 164.0 164.0 164.0 165.0 166.0 167.0 167.0 167.0 167.0 168.0 166.0 167.0 167.0 169.0 170.0 172.0 173.0 173.0 174.0 175.0
161.0 161.0 155.0 146.0 146.0 150.0 160.0 171.0 171.0 170.0 164.0 160.0 156.0 156.0 147.0 154.0 155.0 158.0 158.0 160.0 159.0 156.0 159.0 159.0 158.0 158.0 153.0 154.0 154.0 155.0 157.0 160.0 160.0 160.0 162.0 162.0 165.0 160.0 160.0 160.0 156.0 152.0 148.0 155.0 155.0 157.0 158.0 159.0 160.0 160.0 159.0 157.0 158.0 159.0 159.0 160.0 161.0 162.0 162.0 162.0 161.0 161.0 163.0 164.0 164.0 164.0 165.0 165.0 166.0 166.0 166.0 167.0 168.0 169.0 169.0 170.0 172.0
163.0 168.0 164.0 157.0 157.0 151.0 157.0 164.0 164.0 167.0 163.0 152.0 149.0 149.0 146.0 152.0 155.0 157.0 157.0 159.0 156.0 153.0 160.0 160.0 158.0 154.0 152.0 154.0 154.0 155.0 158.0 160.0 160.0 160.0 161.0 162.0 163.0 157.0 158.0 158.0 156.0 155.0 154.0 157.0 157.0 154.0 155.0 155.0 156.0 156.0 154.0 152.0 152.0 154.0 154.0 156.0 157.0 157.0 157.0 157.0 156.0 157.0 159.0 160.0 160.0 161.0 161.0 161.0 162.0 162.0 163.0 164.0 165.0 166.0 166.0 167.0 168.0
189.0 183.0 176.0 167.0 167.0 167.0 169.0 171.0 171.0 167.0 154.0 143.0 142.0 142.0 142.0 141.0 150.0 152.0 152.0 152.0 154.0 153.0 155.0 155.0 156.0 157.0 158.0 157.0 157.0 157.0 159.0 160.0 157.0 157.0 158.0 158.0 156.0 153.0 155.0 155.0 154.0 155.0 156.0 155.0 155.0 152.0 153.0 151.0 151.0 151.0 155.0 156.0 151.0 152.0 152.0 153.0 154.0 154.0 154.0 154.0 154.0 155.0 156.0 157.0 157.0 158.0 159.0 160.0 162.0 162.0 163.0 164.0 161.0 162.0 162.0 164.0 164.0
197.0 199.0 188.0 181.0 181.0 173.0 176.0 175.0 175.0 168.0 152.0 143.0 150.0 150.0 148.0 141.0 146.0 146.0 146.0 147.0 151.0 147.0 146.0 146.0 152.0 155.0 158.0 158.0 158.0 157.0 158.0 157.0 156.0 156.0 155.0 155.0 155.0 148.0 155.0 155.0 160.0 162.0 155.0 155.0 155.0 152.0 151.0 149.0 148.0 148.0 152.0 153.0 153.0 150.0 150.0 151.0 152.0 152.0 152.0 152.0 152.0 152.0 153.0 154.0 154.0 155.0 156.0 158.0 159.0 159.0 160.0 162.0 159.0 160.0 160.0 161.0 160.0
197.0 199.0 188.0 181.0 181.0 173.0 176.0 175.0 175.0 168.0 152.0 143.0 150.0 150.0 148.0 141.0 146.0 146.0 146.0 147.0 151.0 147.0 146.0 146.0 152.0 155.0 158.0 158.0 158.0 157.0 158.0 157.0 156.0 156.0 155.0 155.0 155.0 148.0 155.0 155.0 160.0 162.0 155.0 155.0 155.0 152.0 151.0 149.0 148.0 148.0 152.0 153.0 153.0 150.0 150.0 151.0 152.0 152.0 152.0 152.0 152.0 152.0 153.0 154.0 154.0 155.0 156.0 158.0 159.0 159.0 160.0 162.0 159.0 160.0 160.0 161.0 160.0
193.0 199.0 201.0 212.0 212.0 199.0 188.0 179.0 179.0 165.0 158.0 153.0 152.0 152.0 151.0 144.0 140.0 145.0 145.0 148.0 149.0 147.0 145.0 145.0 146.0 148.0 145.0 151.0 151.0 152.0 150.0 149.0 148.0 148.0 150.0 149.0 151.0 153.0 157.0 157.0 160.0 160.0 161.0 158.0 158.0 152.0 148.0 150.0 147.0 147.0 146.0 150.0 150.0 151.0 151.0 149.0 150.0 149.0 149.0 149.0 150.0 150.0 151.0 155.0 155.0 152.0 153.0 158.0 159.0 159.0 159.0 160.0 162.0 162.0 162.0 162.0 161.0
187.0 191.0 200.0 212.0 212.0 215.0 199.0 199.0 199.0 172.0 161.0 158.0 154.0 154.0 152.0 147.0 142.0 146.0 146.0 151.0 152.0 149.0 146.0 146.0 147.0 147.0 146.0 148.0 148.0 147.0 144.0 144.0 143.0 143.0 145.0 146.0 148.0 152.0 156.0 156.0 159.0 162.0 162.0 155.0 155.0 152.0 146.0 144.0 145.0 145.0 146.0 148.0 148.0 148.0 148.0 147.0 148.0 148.0 148.0 148.0 148.0 148.0 148.0 151.0 151.0 149.0 150.0 156.0 158.0 158.0 157.0 159.0 161.0 162.0 162.0 162.0 160.0
186.0 186.0 187.0 190.0 190.0 203.0 214.0 211.0 211.0 199.0 172.0 152.0 152.0 152.0 149.0 143.0 149.0 150.0 150.0 157.0 153.0 148.0 147.0 147.0 148.0 148.0 148.0 148.0 148.0 143.0 141.0 143.0 143.0 143.0 144.0 146.0 147.0 152.0 152.0 152.0 153.0 155.0 156.0 160.0 160.0 156.0 149.0 141.0 142.0 142.0 146.0 149.0 151.0 150.0 150.0 146.0 147.0 149.0 148.0 148.0 148.0 147.0 146.0 145.0 145.0 150.0 152.0 149.0 152.0 152.0 154.0 158.0 165.0 166.0 166.0 165.0 163.0
159.0 168.0 192.0 191.0 191.0 193.0 204.0 211.0 211.0 204.0 179.0 158.0 151.0 151.0 151.0 145.0 147.0 151.0 151.0 147.0 144.0 144.0 143.0 143.0 145.0 147.0 144.0 142.0 142.0 138.0 140.0 144.0 145.0 145.0 143.0 142.0 148.0 150.0 146.0 146.0 146.0 148.0 152.0 157.0 157.0 152.0 151.0 140.0 140.0 140.0 142.0 149.0 151.0 152.0 152.0 147.0 145.0 148.0 147.0 147.0 145.0 144.0 143.0 143.0 143.0 147.0 149.0 146.0 149.0 149.0 151.0 156.0 165.0 168.0 168.0 169.0 167.0
159.0 168.0 192.0 191.0 191.0 193.0 204.0 211.0 211.0 204.0 179.0 158.0 151.0 151.0 151.0 145.0 147.0 151.0 151.0 147.0 144.0 144.0 143.0 143.0 145.0 147.0 144.0 142.0 142.0 138.0 140.0 144.0 145.0 145.0 143.0 142.0 148.0 150.0 146.0 146.0 146.0 148.0 152.0 157.0 157.0 152.0 151.0 140.0 140.0 140.0 142.0 149.0 151.0 152.0 152.0 147.0 145.0 148.0 147.0 147.0 145.0 144.0 143.0 143.0 143.0 147.0 149.0 146.0 149.0 149.0 151.0 156.0 165.0 168.0 168.0 169.0 167.0
142.0 155.0 154.0 179.0 179.0 194.0 190.0 197.0 197.0 208.0 201.0 167.0 149.0 149.0 146.0 144.0 143.0 143.0 143.0 139.0 137.0 138.0 140.0 140.0 141.0 139.0 139.0 138.0 138.0 140.0 139.0 142.0 141.0 141.0 141.0 141.0 146.0 145.0 142.0 142.0 143.0 143.0 146.0 147.0 147.0 149.0 159.0 155.0 141.0 141.0 139.0 142.0 145.0 145.0 145.0 141.0 140.0 140.0 142.0 142.0 141.0 140.0 143.0 143.0 143.0 144.0 145.0 147.0 149.0 149.0 155.0 161.0 165.0 170.0 170.0 172.0 170.0
147.0 158.0 146.0 159.0 159.0 181.0 191.0 171.0 171.0 194.0 185.0 176.0 146.0 146.0 138.0 138.0 139.0 135.0 135.0 133.0 133.0 138.0 140.0 140.0 142.0 143.0 142.0 138.0 138.0 141.0 140.0 144.0 143.0 143.0 141.0 141.0 144.0 145.0 145.0 145.0 146.0 141.0 140.0 144.0 144.0 146.0 153.0 152.0 142.0 142.0 139.0 138.0 140.0 141.0 141.0 140.0 137.0 137.0 140.0 140.0 138.0 137.0 142.0 141.0 141.0 141.0 142.0 145.0 146.0 146.0 152.0 159.0 163.0 170.0 170.0 174.0 170.0
172.0 161.0 158.0 156.0 156.0 177.0 176.0 151.0 151.0 177.0 170.0 166.0 141.0 141.0 134.0 130.0 130.0 131.0 131.0 132.0 136.0 147.0 151.0 151.0 153.0 153.0 150.0 148.0 148.0 146.0 145.0 145.0 144.0 144.0 142.0 141.0 143.0 142.0 145.0 145.0 142.0 143.0 142.0 141.0 141.0 142.0 144.0 140.0 138.0 138.0 137.0 137.0 139.0 139.0 139.0 142.0 142.0 142.0 144.0 144.0 140.0 136.0 139.0 140.0 140.0 140.0 142.0 146.0 148.0 148.0 152.0 159.0 161.0 164.0 164.0 159.0 158.0
160.0 149.0 142.0 141.0 141.0 154.0 152.0 144.0 144.0 140.0 158.0 165.0 144.0 144.0 135.0 137.0 129.0 130.0 130.0 129.0 134.0 147.0 155.0 155.0 153.0 144.0 145.0 149.0 149.0 152.0 150.0 145.0 142.0 142.0 142.0 141.0 141.0 139.0 138.0 138.0 137.0 140.0 142.0 143.0 143.0 141.0 141.0 139.0 140.0 140.0 140.0 135.0 136.0 136.0 136.0 139.0 141.0 143.0 143.0 143.0 137.0 137.0 137.0 138.0 138.0 142.0 144.0 149.0 152.0 152.0 157.0 162.0 163.0 161.0 161.0 158.0 156.0
160.0 149.0 142.0 141.0 141.0 154.0 152.0 144.0 144.0 140.0 158.0 165.0 144.0 144.0 135.0 137.0 129.0 130.0 130.0 129.0 134.0 147.0 155.0 155.0 153.0 144.0 145.0 149.0 149.0 152.0 150.0 145.0 142.0 142.0 142.0 141.0 141.0 139.0 138.0 138.0 137.0 140.0 142.0 143.0 143.0 141.0 141.0 139.0 140.0 140.0 140.0 135.0 136.0 136.0 136.0 139.0 141.0 143.0 143.0 143.0 137.0 137.0 137.0 138.0 138.0 142.0 144.0 149.0 152.0 152.0 157.0 162.0 163.0 161.0 161.0 158.0 156.0
147.0 135.0 127.0 132.0 132.0 142.0 132.0 136.0 136.0 140.0 151.0 160.0 181.0 181.0 153.0 143.0 133.0 128.0 128.0 131.0 131.0 138.0 143.0 143.0 141.0 140.0 140.0 141.0 141.0 143.0 143.0 143.0 140.0 140.0 141.0 138.0 138.0 137.0 137.0 137.0 138.0 140.0 140.0 142.0 142.0 139.0 140.0 141.0 139.0 139.0 137.0 136.0 132.0 132.0 132.0 136.0 138.0 143.0 142.0 142.0 140.0 137.0 140.0 138.0 138.0 143.0 146.0 152.0 155.0 155.0 157.0 165.0 166.0 157.0 157.0 153.0 147.0
129.0 122.0 119.0 121.0 121.0 119.0 128.0 136.0 136.0 137.0 145.0 145.0 164.0 164.0 163.0 151.0 131.0 122.0 122.0 121.0 125.0 130.0 139.0 139.0 140.0 134.0 133.0 133.0 133.0 132.0 130.0 132.0 133.0 133.0 134.0 134.0 135.0 135.0 134.0 134.0 137.0 138.0 137.0 138.0 138.0 136.0 136.0 137.0 136.0 136.0 136.0 135.0 132.0 131.0 131.0 134.0 135.0 139.0 140.0 140.0 138.0 137.0 138.0 138.0 138.0 143.0 146.0 151.0 154.0 154.0 157.0 161.0 157.0 147.0 147.0 149.0 146.0
81.0 82.0 95.0 97.0 97.0 100.0 108.0 116.0 116.0 129.0 130.0 127.0 156.0 156.0 155.0 151.0 129.0 119.0 119.0 116.0 118.0 123.0 127.0 127.0 129.0 129.0 126.0 126.0 126.0 127.0 127.0 126.0 129.0 129.0 131.0 132.0 133.0 132.0 135.0 135.0 135.0 136.0 137.0 138.0 138.0 139.0 139.0 136.0 135.0 135.0 135.0 134.0 133.0 132.0 132.0 132.0 134.0 136.0 138.0 138.0 137.0 138.0 138.0 139.0 139.0 139.0 143.0 147.0 152.0 152.0 153.0 154.0 142.0 142.0 142.0 141.0 139.0
76.0 75.0 84.0 93.0 93.0 97.0 113.0 125.0 125.0 134.0 133.0 128.0 150.0 150.0 149.0 152.0 134.0 121.0 121.0 119.0 128.0 126.0 124.0 124.0 128.0 122.0 121.0 121.0 121.0 122.0 123.0 122.0 125.0 125.0 126.0 129.0 131.0 132.0 133.0 133.0 133.0 133.0 134.0 135.0 135.0 136.0 137.0 136.0 135.0 135.0 133.0 132.0 132.0 130.0 130.0 130.0 132.0 135.0 136.0 136.0 136.0 135.0 137.0 138.0 138.0 136.0 139.0 143.0 142.0 142.0 131.0 133.0 134.0 136.0 136.0 140.0 139.0
76.0 75.0 84.0 93.0 93.0 97.0 113.0 125.0 125.0 134.0 133.0 128.0 150.0 150.0 149.0 152.0 134.0 121.0 121.0 119.0 128.0 126.0 124.0 124.0 128.0 122.0 121.0 121.0 121.0 122.0 123.0 122.0 125.0 125.0 126.0 129.0 131.0 132.0 133.0 133.0 133.0 133.0 134.0 135.0 135.0 136.0 137.0 136.0 135.0 135.0 133.0 132.0 132.0 130.0 130.0 130.0 132.0 135.0 136.0 136.0 136.0 135.0 137.0 138.0 138.0 136.0 139.0 143.0 142.0 142.0 131.0 133.0 134.0 136.0 136.0 140.0 139.0
73.0 70.0 65.0 79.0 79.0 80.0 95.0 113.0 113.0 131.0 144.0 134.0 137.0 137.0 134.0 139.0 138.0 133.0 133.0 137.0 140.0 134.0 126.0 126.0 130.0 120.0 119.0 119.0 119.0 119.0 122.0 121.0 124.0 124.0 127.0 129.0 132.0 133.0 134.0 134.0 135.0 134.0 134.0 135.0 135.0 134.0 134.0 134.0 135.0 135.0 132.0 130.0 129.0 128.0 128.0 128.0 130.0 133.0 134.0 134.0 133.0 133.0 133.0 135.0 135.0 132.0 133.0 135.0 138.0 138.0 136.0 131.0 139.0 138.0 138.0 138.0 139.0
60.0 63.0 90.0 79.0 79.0 81.0 91.0 101.0 101.0 131.0 145.0 136.0 154.0 154.0 158.0 141.0 147.0 134.0 134.0 130.0 132.0 134.0 120.0 120.0 117.0 117.0 116.0 115.0 115.0 120.0 122.0 120.0 122.0 122.0 125.0 127.0 130.0 132.0 132.0 132.0 133.0 133.0 132.0 132.0 132.0 133.0 132.0 132.0 133.0 133.0 131.0 128.0 127.0 126.0 126.0 126.0 127.0 130.0 131.0 131.0 130.0 131.0 130.0 131.0 131.0 127.0 129.0 130.0 132.0 132.0 134.0 138.0 139.0 139.0 139.0 138.0 137.0
