KEPLER/2.4/binaries/lib/outreach-2.3.0/workflows/data/garp/NA_ASC/frs6190_ann.asc
nrows  200
ncols  400
xllcorner  -179.99962860149
yllcorner  6.7208489478326
cellsize  0.4
NODATA_value  -9999
[rows 0 to 33 of 200, columns 308 to 384 of 400]
-9999 -9999 -9999 -9999 -9999 -9999 -9999 -9999 -9999 -9999 -9999 -9999 -9999 -9999 -9999 -9999 -9999 -9999 -9999 -9999 -9999 -9999 -9999 -9999 -9999 -9999 -9999 -9999 -9999 -9999 -9999 -9999 -9999 -9999 -9999 -9999 -9999 -9999 -9999 -9999 -9999 -9999 -9999 -9999 -9999 -9999 -9999 -9999 -9999 -9999 -9999 -9999 -9999 -9999 -9999 -9999 -9999 -9999 -9999 -9999 -9999 -9999 -9999 -9999 -9999 -9999 -9999 -9999 -9999 -9999 -9999 -9999 -9999 -9999 -9999 -9999 -9999
-9999 -9999 -9999 -9999 -9999 -9999 -9999 -9999 -9999 -9999 -9999 -9999 -9999 -9999 -9999 -9999 -9999 -9999 -9999 -9999 -9999 -9999 -9999 -9999 -9999 -9999 -9999 -9999 -9999 -9999 -9999 -9999 -9999 -9999 -9999 -9999 -9999 -9999 -9999 -9999 -9999 -9999 -9999 -9999 -9999 -9999 -9999 -9999 -9999 -9999 -9999 -9999 -9999 -9999 -9999 -9999 -9999 -9999 -9999 -9999 -9999 -9999 -9999 -9999 -9999 -9999 -9999 -9999 -9999 -9999 -9999 -9999 -9999 -9999 -9999 -9999 -9999
-9999 -9999 -9999 -9999 -9999 -9999 -9999 -9999 -9999 -9999 -9999 -9999 -9999 -9999 -9999 -9999 -9999 -9999 -9999 -9999 -9999 -9999 -9999 -9999 -9999 -9999 -9999 -9999 -9999 -9999 -9999 -9999 -9999 -9999 -9999 -9999 -9999 -9999 -9999 -9999 -9999 -9999 -9999 -9999 -9999 -9999 -9999 -9999 -9999 -9999 -9999 -9999 -9999 -9999 -9999 -9999 -9999 -9999 -9999 -9999 -9999 -9999 -9999 -9999 -9999 -9999 -9999 -9999 -9999 -9999 -9999 -9999 -9999 -9999 -9999 -9999 -9999
-9999 -9999 -9999 -9999 -9999 -9999 -9999 -9999 -9999 -9999 -9999 -9999 -9999 -9999 -9999 -9999 -9999 -9999 -9999 -9999 -9999 -9999 -9999 -9999 -9999 -9999 -9999 -9999 -9999 -9999 -9999 -9999 -9999 -9999 -9999 -9999 -9999 -9999 -9999 -9999 -9999 -9999 -9999 -9999 -9999 -9999 -9999 -9999 -9999 -9999 -9999 -9999 -9999 -9999 -9999 -9999 -9999 -9999 -9999 -9999 -9999 -9999 -9999 -9999 -9999 -9999 -9999 -9999 -9999 -9999 -9999 -9999 -9999 -9999 -9999 -9999 -9999
-9999 -9999 -9999 -9999 -9999 -9999 -9999 -9999 -9999 -9999 -9999 -9999 -9999 -9999 -9999 -9999 -9999 -9999 -9999 -9999 -9999 -9999 -9999 -9999 -9999 -9999 -9999 -9999 -9999 -9999 -9999 -9999 -9999 -9999 -9999 -9999 -9999 -9999 -9999 -9999 -9999 -9999 -9999 -9999 -9999 -9999 -9999 -9999 -9999 -9999 -9999 -9999 -9999 -9999 -9999 -9999 -9999 -9999 -9999 -9999 -9999 -9999 -9999 -9999 -9999 -9999 -9999 -9999 -9999 -9999 -9999 -9999 -9999 -9999 -9999 -9999 -9999
-9999 -9999 -9999 -9999 -9999 -9999 -9999 -9999 -9999 -9999 -9999 -9999 -9999 -9999 -9999 -9999 -9999 -9999 -9999 -9999 -9999 -9999 -9999 -9999 -9999 -9999 -9999 -9999 -9999 -9999 -9999 -9999 -9999 -9999 -9999 -9999 -9999 -9999 -9999 -9999 -9999 -9999 -9999 -9999 -9999 -9999 -9999 -9999 -9999 -9999 -9999 -9999 -9999 -9999 -9999 -9999 -9999 -9999 -9999 -9999 -9999 -9999 -9999 -9999 -9999 -9999 -9999 -9999 -9999 -9999 -9999 -9999 -9999 -9999 -9999 -9999 -9999
-9999 -9999 -9999 -9999 -9999 -9999 -9999 -9999 -9999 -9999 -9999 -9999 -9999 -9999 -9999 -9999 -9999 -9999 -9999 -9999 -9999 -9999 -9999 -9999 -9999 -9999 -9999 -9999 -9999 -9999 -9999 -9999 -9999 -9999 -9999 -9999 -9999 -9999 -9999 -9999 -9999 -9999 -9999 -9999 -9999 -9999 -9999 -9999 -9999 -9999 -9999 -9999 -9999 -9999 -9999 -9999 -9999 -9999 -9999 -9999 -9999 -9999 -9999 -9999 -9999 -9999 -9999 -9999 -9999 -9999 -9999 -9999 -9999 -9999 -9999 -9999 -9999
-9999 -9999 -9999 -9999 -9999 -9999 -9999 -9999 -9999 -9999 -9999 -9999 -9999 -9999 -9999 -9999 -9999 -9999 -9999 -9999 -9999 -9999 -9999 -9999 -9999 -9999 -9999 -9999 -9999 -9999 -9999 -9999 -9999 -9999 -9999 -9999 -9999 -9999 -9999 -9999 -9999 -9999 -9999 -9999 -9999 -9999 -9999 -9999 253.0 254.0 259.0 259.0 262.0 265.0 264.0 264.0 264.0 264.0 265.0 265.0 264.0 264.0 263.0 263.0 264.0 262.0 262.0 262.0 261.0 260.0 259.0 259.0 -9999 -9999 -9999 -9999 -9999
-9999 -9999 -9999 -9999 -9999 -9999 -9999 -9999 -9999 -9999 -9999 -9999 -9999 -9999 -9999 -9999 -9999 -9999 -9999 -9999 -9999 -9999 -9999 -9999 -9999 244.0 244.0 242.0 244.0 246.0 249.0 249.0 248.0 245.0 245.0 241.0 241.0 247.0 246.0 248.0 247.0 247.0 246.0 246.0 246.0 250.0 250.0 256.0 254.0 252.0 255.0 255.0 259.0 265.0 265.0 258.0 258.0 261.0 268.0 265.0 264.0 264.0 264.0 260.0 263.0 260.0 260.0 259.0 261.0 259.0 260.0 260.0 259.0 257.0 258.0 258.0 258.0
-9999 -9999 -9999 -9999 -9999 -9999 -9999 -9999 -9999 -9999 -9999 -9999 -9999 -9999 -9999 -9999 -9999 -9999 -9999 -9999 -9999 -9999 -9999 -9999 -9999 244.0 244.0 242.0 244.0 246.0 249.0 249.0 248.0 245.0 245.0 241.0 241.0 247.0 246.0 248.0 247.0 247.0 246.0 246.0 246.0 250.0 250.0 256.0 254.0 252.0 255.0 255.0 259.0 265.0 265.0 258.0 258.0 261.0 268.0 265.0 264.0 264.0 264.0 260.0 263.0 260.0 260.0 259.0 261.0 259.0 260.0 260.0 259.0 257.0 258.0 258.0 258.0
-9999 -9999 -9999 -9999 -9999 -9999 -9999 -9999 -9999 -9999 -9999 -9999 -9999 -9999 -9999 -9999 -9999 -9999 242.0 242.0 241.0 241.0 244.0 248.0 247.0 248.0 248.0 250.0 245.0 246.0 250.0 250.0 250.0 254.0 254.0 249.0 249.0 247.0 244.0 246.0 251.0 251.0 254.0 253.0 257.0 262.0 262.0 265.0 265.0 261.0 255.0 255.0 258.0 269.0 260.0 257.0 257.0 259.0 265.0 266.0 263.0 263.0 268.0 267.0 267.0 266.0 266.0 265.0 264.0 265.0 263.0 263.0 264.0 262.0 261.0 261.0 261.0
251.0 252.0 253.0 250.0 253.0 253.0 252.0 245.0 249.0 248.0 248.0 245.0 243.0 244.0 245.0 248.0 248.0 244.0 241.0 241.0 239.0 239.0 239.0 246.0 245.0 243.0 243.0 241.0 243.0 248.0 250.0 250.0 253.0 255.0 257.0 257.0 257.0 258.0 254.0 252.0 250.0 250.0 252.0 256.0 257.0 261.0 261.0 258.0 258.0 259.0 259.0 259.0 256.0 252.0 252.0 255.0 255.0 256.0 264.0 261.0 257.0 257.0 254.0 253.0 254.0 254.0 254.0 255.0 257.0 257.0 256.0 256.0 258.0 257.0 257.0 257.0 257.0
255.0 256.0 256.0 256.0 257.0 257.0 255.0 251.0 247.0 251.0 251.0 253.0 253.0 251.0 250.0 248.0 248.0 245.0 255.0 256.0 256.0 256.0 256.0 256.0 252.0 248.0 248.0 247.0 238.0 238.0 244.0 244.0 246.0 257.0 261.0 262.0 262.0 267.0 269.0 271.0 272.0 272.0 272.0 272.0 272.0 269.0 269.0 267.0 265.0 263.0 259.0 259.0 256.0 255.0 258.0 254.0 254.0 252.0 248.0 253.0 261.0 261.0 262.0 257.0 258.0 258.0 258.0 262.0 264.0 263.0 262.0 262.0 262.0 260.0 260.0 258.0 258.0
258.0 258.0 257.0 258.0 257.0 257.0 255.0 255.0 256.0 256.0 256.0 257.0 257.0 257.0 256.0 255.0 255.0 253.0 254.0 254.0 256.0 256.0 255.0 255.0 254.0 254.0 254.0 253.0 255.0 255.0 253.0 253.0 253.0 256.0 256.0 260.0 260.0 263.0 270.0 272.0 274.0 274.0 275.0 275.0 275.0 274.0 274.0 274.0 273.0 272.0 270.0 270.0 269.0 268.0 267.0 265.0 265.0 265.0 262.0 262.0 266.0 266.0 264.0 259.0 260.0 258.0 258.0 260.0 262.0 262.0 262.0 262.0 261.0 261.0 261.0 261.0 261.0
258.0 258.0 257.0 258.0 257.0 257.0 255.0 255.0 256.0 256.0 256.0 257.0 257.0 257.0 256.0 255.0 255.0 253.0 254.0 254.0 256.0 256.0 255.0 255.0 254.0 254.0 254.0 253.0 255.0 255.0 253.0 253.0 253.0 256.0 256.0 260.0 260.0 263.0 270.0 272.0 274.0 274.0 275.0 275.0 275.0 274.0 274.0 274.0 273.0 272.0 270.0 270.0 269.0 268.0 267.0 265.0 265.0 265.0 262.0 262.0 266.0 266.0 264.0 259.0 260.0 258.0 258.0 260.0 262.0 262.0 262.0 262.0 261.0 261.0 261.0 261.0 261.0
262.0 263.0 263.0 263.0 262.0 262.0 262.0 261.0 261.0 262.0 262.0 262.0 262.0 261.0 261.0 261.0 261.0 262.0 262.0 263.0 263.0 263.0 264.0 264.0 264.0 265.0 265.0 265.0 265.0 265.0 267.0 267.0 267.0 268.0 269.0 269.0 269.0 270.0 271.0 274.0 275.0 275.0 275.0 276.0 276.0 276.0 276.0 276.0 276.0 276.0 275.0 275.0 275.0 274.0 274.0 274.0 274.0 274.0 274.0 274.0 273.0 273.0 273.0 272.0 271.0 269.0 269.0 268.0 267.0 266.0 264.0 264.0 264.0 262.0 261.0 260.0 260.0
258.0 260.0 261.0 262.0 262.0 262.0 263.0 263.0 264.0 264.0 264.0 264.0 264.0 265.0 265.0 266.0 266.0 266.0 267.0 267.0 268.0 268.0 268.0 269.0 269.0 270.0 270.0 270.0 271.0 271.0 271.0 271.0 272.0 272.0 273.0 273.0 273.0 274.0 274.0 275.0 276.0 276.0 276.0 276.0 276.0 276.0 276.0 276.0 276.0 276.0 276.0 276.0 276.0 276.0 275.0 275.0 275.0 275.0 275.0 275.0 274.0 274.0 274.0 273.0 272.0 271.0 271.0 271.0 270.0 268.0 266.0 266.0 265.0 263.0 262.0 261.0 261.0
262.0 262.0 263.0 263.0 263.0 263.0 264.0 264.0 265.0 265.0 265.0 266.0 266.0 266.0 267.0 268.0 268.0 268.0 269.0 269.0 270.0 270.0 270.0 271.0 271.0 272.0 272.0 272.0 273.0 273.0 273.0 273.0 274.0 274.0 274.0 275.0 275.0 275.0 275.0 276.0 276.0 276.0 276.0 276.0 276.0 276.0 276.0 277.0 277.0 277.0 276.0 276.0 276.0 276.0 276.0 275.0 275.0 275.0 275.0 274.0 274.0 274.0 273.0 272.0 272.0 271.0 271.0 270.0 269.0 268.0 264.0 264.0 264.0 264.0 264.0 262.0 262.0
263.0 264.0 264.0 264.0 264.0 264.0 265.0 265.0 265.0 266.0 266.0 266.0 266.0 267.0 268.0 268.0 268.0 268.0 269.0 269.0 270.0 270.0 270.0 271.0 271.0 272.0 272.0 272.0 273.0 273.0 274.0 274.0 274.0 274.0 275.0 275.0 275.0 275.0 275.0 276.0 276.0 276.0 276.0 276.0 276.0 276.0 276.0 276.0 276.0 276.0 276.0 276.0 275.0 276.0 275.0 275.0 275.0 274.0 274.0 274.0 273.0 273.0 273.0 272.0 271.0 271.0 271.0 270.0 270.0 267.0 264.0 264.0 264.0 265.0 263.0 262.0 262.0
263.0 264.0 264.0 264.0 264.0 264.0 265.0 265.0 265.0 266.0 266.0 266.0 266.0 267.0 268.0 268.0 268.0 268.0 269.0 269.0 270.0 270.0 270.0 271.0 271.0 272.0 272.0 272.0 273.0 273.0 274.0 274.0 274.0 274.0 275.0 275.0 275.0 275.0 275.0 276.0 276.0 276.0 276.0 276.0 276.0 276.0 276.0 276.0 276.0 276.0 276.0 276.0 275.0 276.0 275.0 275.0 275.0 274.0 274.0 274.0 273.0 273.0 273.0 272.0 271.0 271.0 271.0 270.0 270.0 267.0 264.0 264.0 264.0 265.0 263.0 262.0 262.0
264.0 265.0 265.0 265.0 265.0 265.0 266.0 266.0 266.0 267.0 267.0 267.0 267.0 268.0 268.0 268.0 268.0 269.0 269.0 270.0 270.0 270.0 270.0 271.0 271.0 272.0 272.0 272.0 273.0 273.0 274.0 274.0 274.0 274.0 275.0 275.0 275.0 275.0 276.0 276.0 276.0 276.0 276.0 276.0 277.0 277.0 277.0 277.0 277.0 277.0 277.0 277.0 277.0 276.0 276.0 276.0 276.0 276.0 275.0 275.0 274.0 274.0 274.0 273.0 273.0 271.0 271.0 271.0 270.0 270.0 269.0 269.0 268.0 267.0 266.0 266.0 266.0
265.0 265.0 265.0 265.0 266.0 266.0 266.0 266.0 266.0 266.0 266.0 267.0 267.0 267.0 268.0 268.0 268.0 269.0 269.0 270.0 270.0 270.0 270.0 271.0 271.0 272.0 272.0 272.0 272.0 273.0 273.0 273.0 274.0 274.0 274.0 275.0 275.0 275.0 275.0 276.0 276.0 276.0 276.0 276.0 276.0 277.0 277.0 277.0 277.0 277.0 276.0 276.0 276.0 276.0 276.0 275.0 275.0 275.0 275.0 274.0 273.0 273.0 273.0 273.0 272.0 271.0 271.0 271.0 270.0 270.0 269.0 269.0 268.0 267.0 266.0 266.0 266.0
265.0 265.0 265.0 265.0 265.0 265.0 266.0 266.0 266.0 266.0 266.0 266.0 267.0 267.0 267.0 268.0 268.0 268.0 269.0 269.0 269.0 269.0 270.0 270.0 271.0 271.0 271.0 271.0 272.0 272.0 273.0 273.0 273.0 274.0 274.0 274.0 274.0 275.0 275.0 275.0 276.0 276.0 276.0 276.0 276.0 277.0 277.0 277.0 276.0 276.0 276.0 276.0 276.0 276.0 276.0 275.0 275.0 275.0 274.0 274.0 274.0 274.0 273.0 273.0 272.0 271.0 271.0 271.0 270.0 270.0 269.0 269.0 268.0 267.0 266.0 266.0 266.0
264.0 264.0 264.0 264.0 264.0 264.0 265.0 265.0 265.0 265.0 265.0 265.0 266.0 266.0 267.0 267.0 267.0 268.0 268.0 269.0 269.0 269.0 269.0 270.0 270.0 270.0 270.0 271.0 272.0 272.0 272.0 272.0 273.0 273.0 274.0 274.0 274.0 275.0 275.0 275.0 275.0 275.0 276.0 276.0 276.0 277.0 277.0 277.0 276.0 276.0 276.0 276.0 276.0 276.0 276.0 275.0 275.0 275.0 275.0 274.0 274.0 274.0 274.0 273.0 272.0 272.0 272.0 271.0 271.0 270.0 270.0 270.0 269.0 268.0 267.0 267.0 267.0
264.0 264.0 264.0 264.0 264.0 264.0 265.0 265.0 265.0 265.0 265.0 265.0 266.0 266.0 267.0 267.0 267.0 268.0 268.0 269.0 269.0 269.0 269.0 270.0 270.0 270.0 270.0 271.0 272.0 272.0 272.0 272.0 273.0 273.0 274.0 274.0 274.0 275.0 275.0 275.0 275.0 275.0 276.0 276.0 276.0 277.0 277.0 277.0 276.0 276.0 276.0 276.0 276.0 276.0 276.0 275.0 275.0 275.0 275.0 274.0 274.0 274.0 274.0 273.0 272.0 272.0 272.0 271.0 271.0 270.0 270.0 270.0 269.0 268.0 267.0 267.0 267.0
262.0 262.0 262.0 262.0 263.0 263.0 263.0 263.0 264.0 264.0 264.0 264.0 264.0 265.0 265.0 266.0 266.0 267.0 267.0 268.0 268.0 268.0 268.0 269.0 269.0 270.0 270.0 271.0 271.0 272.0 272.0 272.0 273.0 274.0 274.0 275.0 275.0 275.0 275.0 275.0 275.0 275.0 276.0 276.0 277.0 277.0 277.0 277.0 277.0 277.0 277.0 277.0 276.0 276.0 276.0 276.0 276.0 276.0 276.0 275.0 275.0 275.0 274.0 274.0 274.0 273.0 273.0 273.0 272.0 272.0 271.0 271.0 271.0 270.0 270.0 269.0 269.0
259.0 259.0 259.0 260.0 260.0 260.0 261.0 261.0 261.0 262.0 262.0 263.0 263.0 263.0 263.0 264.0 264.0 265.0 266.0 267.0 267.0 267.0 268.0 268.0 268.0 269.0 269.0 270.0 270.0 271.0 272.0 272.0 273.0 273.0 274.0 274.0 274.0 275.0 275.0 275.0 276.0 276.0 276.0 276.0 276.0 276.0 276.0 277.0 277.0 277.0 277.0 277.0 277.0 277.0 277.0 276.0 276.0 276.0 276.0 276.0 276.0 276.0 275.0 275.0 275.0 274.0 274.0 274.0 273.0 273.0 273.0 273.0 272.0 272.0 271.0 271.0 271.0
250.0 252.0 254.0 256.0 257.0 257.0 257.0 257.0 258.0 259.0 259.0 260.0 261.0 261.0 262.0 262.0 262.0 263.0 264.0 264.0 266.0 266.0 267.0 268.0 268.0 269.0 269.0 269.0 270.0 271.0 272.0 272.0 272.0 273.0 273.0 274.0 274.0 274.0 275.0 275.0 276.0 276.0 276.0 276.0 277.0 277.0 277.0 277.0 277.0 277.0 277.0 277.0 277.0 277.0 277.0 277.0 277.0 276.0 276.0 276.0 276.0 276.0 276.0 276.0 275.0 275.0 275.0 275.0 274.0 273.0 273.0 273.0 272.0 271.0 270.0 270.0 270.0
239.0 244.0 247.0 249.0 250.0 250.0 252.0 253.0 254.0 255.0 255.0 258.0 259.0 260.0 261.0 261.0 261.0 262.0 263.0 263.0 265.0 265.0 266.0 267.0 267.0 268.0 268.0 268.0 269.0 270.0 271.0 271.0 272.0 272.0 273.0 273.0 273.0 274.0 274.0 275.0 275.0 275.0 275.0 276.0 276.0 276.0 276.0 277.0 277.0 277.0 277.0 277.0 277.0 277.0 277.0 277.0 277.0 277.0 277.0 276.0 276.0 276.0 276.0 275.0 275.0 275.0 275.0 274.0 274.0 273.0 272.0 272.0 272.0 271.0 270.0 269.0 269.0
239.0 244.0 247.0 249.0 250.0 250.0 252.0 253.0 254.0 255.0 255.0 258.0 259.0 260.0 261.0 261.0 261.0 262.0 263.0 263.0 265.0 265.0 266.0 267.0 267.0 268.0 268.0 268.0 269.0 270.0 271.0 271.0 272.0 272.0 273.0 273.0 273.0 274.0 274.0 275.0 275.0 275.0 275.0 276.0 276.0 276.0 276.0 277.0 277.0 277.0 277.0 277.0 277.0 277.0 277.0 277.0 277.0 277.0 277.0 276.0 276.0 276.0 276.0 275.0 275.0 275.0 275.0 274.0 274.0 273.0 272.0 272.0 272.0 271.0 270.0 269.0 269.0
224.0 230.0 238.0 243.0 246.0 246.0 248.0 249.0 252.0 253.0 253.0 257.0 258.0 260.0 260.0 260.0 260.0 260.0 263.0 264.0 265.0 265.0 266.0 267.0 267.0 268.0 268.0 268.0 270.0 271.0 271.0 271.0 272.0 272.0 273.0 273.0 273.0 274.0 274.0 275.0 275.0 275.0 275.0 276.0 276.0 276.0 276.0 277.0 277.0 277.0 277.0 277.0 277.0 277.0 277.0 277.0 277.0 277.0 277.0 277.0 276.0 276.0 276.0 275.0 275.0 274.0 274.0 274.0 273.0 273.0 271.0 271.0 271.0 270.0 268.0 267.0 267.0
221.0 223.0 230.0 237.0 243.0 243.0 246.0 248.0 251.0 252.0 252.0 256.0 258.0 259.0 259.0 260.0 260.0 260.0 263.0 264.0 264.0 264.0 265.0 266.0 267.0 268.0 268.0 268.0 269.0 270.0 271.0 271.0 271.0 272.0 272.0 273.0 273.0 273.0 273.0 274.0 274.0 274.0 275.0 275.0 275.0 276.0 276.0 276.0 276.0 276.0 276.0 276.0 277.0 277.0 277.0 277.0 277.0 277.0 277.0 276.0 276.0 276.0 276.0 275.0 274.0 274.0 274.0 273.0 273.0 271.0 270.0 270.0 268.0 267.0 265.0 264.0 264.0
-9999 218.0 219.0 226.0 232.0 232.0 240.0 244.0 247.0 250.0 250.0 254.0 256.0 257.0 258.0 259.0 259.0 260.0 261.0 262.0 263.0 263.0 264.0 265.0 266.0 267.0 267.0 267.0 268.0 268.0 269.0 269.0 270.0 271.0 271.0 272.0 272.0 273.0 273.0 274.0 274.0 274.0 274.0 275.0 276.0 276.0 276.0 276.0 276.0 276.0 277.0 277.0 277.0 277.0 277.0 277.0 277.0 277.0 276.0 276.0 276.0 276.0 276.0 275.0 274.0 273.0 273.0 272.0 270.0 268.0 264.0 264.0 264.0 260.0 259.0 259.0 259.0
-9999 -9999 214.0 216.0 224.0 224.0 231.0 238.0 243.0 247.0 247.0 250.0 252.0 255.0 257.0 258.0 258.0 259.0 260.0 261.0 262.0 262.0 263.0 264.0 265.0 266.0 266.0 267.0 267.0 268.0 268.0 268.0 269.0 270.0 271.0 271.0 271.0 272.0 273.0 273.0 274.0 274.0 274.0 275.0 276.0 276.0 276.0 276.0 276.0 276.0 277.0 277.0 277.0 277.0 277.0 277.0 277.0 277.0 276.0 276.0 276.0 276.0 276.0 275.0 274.0 273.0 273.0 272.0 269.0 268.0 265.0 265.0 261.0 257.0 261.0 253.0 253.0
