KEPLER/2.4/binaries/lib/outreach-2.3.0/workflows/data/garp/NA_ASC/h_aspect.asc
nrows  200
ncols  400
xllcorner  -179.99962860149
yllcorner  6.7208489478326
cellsize  0.4
NODATA_value  -9999
[rows 132 to 164 of 200, columns 148 to 221 of 400]
-9999 -9999 -9999 -9999 -9999 -9999 -9999 19442.0 2752.0 30840.0 31190.0 18930.0 16497.0 35590.0 8508.0 20995.0 31205.0 34869.0 17244.0 1997.0 14557.0 13150.0 19900.0 26461.0 25132.0 19090.0 22170.0 30737.0 18716.0 1780.0 4029.0 35465.0 -1.0 24136.0 18576.0 27000.0 27639.0 22500.0 8440.0 9078.0 17758.0 10768.0 20881.0 18663.0 16747.0 11905.0 5397.0 12187.0 15343.0 14904.0 18429.0 13918.0 4500.0 8676.0 2193.0 4500.0 23631.0 9713.0 34157.0 29582.0 25347.0 9301.0 34596.0 7596.0 1493.0 10131.0 1299.0 9713.0 4261.0 33282.0 10189.0 21787.0 20582.0 -1.0
-9999 -9999 -9999 -9999 -9999 -9999 -9999 -9999 24859.0 31752.0 32718.0 11090.0 9000.0 20161.0 21499.0 11046.0 25494.0 2283.0 22536.0 7668.0 23541.0 29657.0 25448.0 19541.0 26169.0 16137.0 17880.0 9667.0 19289.0 6996.0 19708.0 24389.0 2770.0 6490.0 7427.0 17366.0 14806.0 14162.0 35795.0 25721.0 19843.0 27733.0 24095.0 18000.0 15210.0 9409.0 6680.0 15343.0 7157.0 16097.0 17765.0 7869.0 22091.0 11077.0 1759.0 29682.0 15343.0 33369.0 19590.0 4847.0 11830.0 2143.0 17366.0 5163.0 22500.0 20444.0 23904.0 19404.0 10209.0 9440.0 3945.0 12625.0 23904.0 7834.0
-9999 -9999 -9999 -9999 -9999 -9999 -9999 -9999 -9999 29487.0 21201.0 3337.0 6343.0 5446.0 23134.0 11753.0 27804.0 7643.0 -1.0 16596.0 24274.0 5568.0 31909.0 23884.0 33026.0 5694.0 4857.0 20190.0 27318.0 20604.0 7356.0 103.0 21338.0 11844.0 29864.0 26124.0 21201.0 25213.0 18863.0 34877.0 10843.0 9847.0 31809.0 10404.0 13500.0 11657.0 11056.0 13500.0 1646.0 17187.0 22309.0 18929.0 12647.0 34916.0 12291.0 6240.0 17589.0 6423.0 10483.0 18916.0 7670.0 34747.0 27925.0 12499.0 -1.0 25568.0 11303.0 25157.0 9000.0 22060.0 1131.0 6095.0 22858.0 10404.0
-9999 -9999 -9999 -9999 -9999 -9999 -9999 -9999 -9999 7157.0 27312.0 18181.0 5622.0 34474.0 33556.0 15235.0 20797.0 2772.0 25157.0 31773.0 16448.0 10339.0 11657.0 33343.0 27847.0 3331.0 757.0 23731.0 -1.0 23109.0 34526.0 26393.0 23169.0 14746.0 4544.0 22801.0 28001.0 30122.0 7039.0 731.0 9916.0 9591.0 17692.0 22500.0 16747.0 10944.0 13500.0 18897.0 16157.0 25791.0 4674.0 12007.0 21715.0 19538.0 25869.0 3064.0 14947.0 32313.0 22104.0 33282.0 1285.0 25661.0 10843.0 19843.0 25423.0 4091.0 26187.0 7389.0 30096.0 32966.0 32631.0 10686.0 27813.0 -1.0
-9999 -9999 -9999 -9999 -9999 -9999 -9999 -9999 -9999 -9999 32478.0 35653.0 993.0 25558.0 23313.0 24498.0 28177.0 1843.0 23717.0 23815.0 28459.0 20320.0 35727.0 -1.0 1324.0 22500.0 6093.0 10117.0 32056.0 5562.0 18343.0 19980.0 18395.0 12438.0 18813.0 22251.0 22500.0 31091.0 6175.0 10972.0 5932.0 3056.0 30579.0 13091.0 13295.0 6170.0 9000.0 27000.0 13895.0 19442.0 18978.0 14350.0 18755.0 13656.0 28299.0 6111.0 6680.0 966.0 9813.0 14631.0 11936.0 6738.0 23397.0 15290.0 23850.0 10062.0 22024.0 4076.0 19843.0 18387.0 27440.0 3866.0 -1.0 15962.0
-9999 -9999 -9999 -9999 -9999 -9999 -9999 -9999 -9999 -9999 -9999 27940.0 32468.0 29475.0 1843.0 22500.0 15343.0 22163.0 34036.0 25087.0 21772.0 568.0 25905.0 4866.0 25296.0 35069.0 9066.0 8063.0 28175.0 9621.0 25250.0 10131.0 13734.0 10001.0 23916.0 12554.0 27813.0 26818.0 18119.0 7121.0 12888.0 3772.0 3852.0 23957.0 21787.0 20974.0 12787.0 15680.0 11415.0 14855.0 5425.0 11790.0 22024.0 14682.0 9454.0 20161.0 21888.0 29754.0 20715.0 16157.0 12687.0 18000.0 25951.0 15585.0 1890.0 14188.0 3981.0 6078.0 4674.0 14631.0 14213.0 11657.0 8138.0 27000.0
-9999 -9999 -9999 -9999 -9999 -9999 -9999 -9999 -9999 -9999 -9999 18374.0 25339.0 18907.0 33394.0 -9999 -9999 -9999 25474.0 31500.0 27219.0 11848.0 11043.0 7006.0 8948.0 31593.0 854.0 19289.0 24170.0 20311.0 10677.0 547.0 -1.0 10253.0 -1.0 23446.0 15680.0 19131.0 4192.0 10156.0 24923.0 3470.0 5974.0 10693.0 6820.0 16157.0 22091.0 5019.0 14974.0 9122.0 21283.0 34157.0 1299.0 2807.0 9875.0 14807.0 19470.0 16747.0 10909.0 6498.0 11444.0 12247.0 6944.0 15711.0 16786.0 1289.0 9660.0 22850.0 30201.0 7295.0 9713.0 35006.0 -1.0 27000.0
-9999 -9999 -9999 -9999 -9999 -9999 -9999 -9999 -9999 -9999 -9999 -9999 21136.0 233.0 -1.0 -9999 -9999 -9999 -9999 -9999 24026.0 19041.0 25916.0 1749.0 35453.0 4286.0 8360.0 4749.0 20537.0 24771.0 16749.0 5512.0 9655.0 8472.0 7157.0 -1.0 35663.0 31672.0 26524.0 5124.0 9622.0 3694.0 9229.0 35287.0 4315.0 3017.0 5865.0 26589.0 15170.0 7762.0 27486.0 29968.0 301.0 31500.0 15079.0 15538.0 22875.0 21041.0 34706.0 19929.0 22640.0 1062.0 15210.0 24915.0 26481.0 20180.0 16720.0 1335.0 15111.0 10001.0 7802.0 0.0 13500.0 26538.0
-9999 -9999 -9999 -9999 -9999 -9999 -9999 -9999 -9999 -9999 -9999 -9999 24750.0 26303.0 8884.0 7320.0 -9999 -9999 -9999 -9999 28614.0 28030.0 25811.0 25228.0 29790.0 29189.0 29744.0 22271.0 29251.0 26696.0 24960.0 1327.0 1843.0 9479.0 31995.0 32085.0 35094.0 9000.0 15394.0 6328.0 22121.0 27677.0 18094.0 4256.0 34157.0 16797.0 26084.0 9937.0 18000.0 16020.0 20830.0 1929.0 10693.0 20207.0 14824.0 29412.0 16968.0 7938.0 19639.0 14813.0 3201.0 11238.0 26780.0 25661.0 4849.0 16791.0 16215.0 16157.0 19330.0 16869.0 22500.0 17187.0 22500.0 -1.0
-9999 -9999 -9999 -9999 -9999 -9999 -9999 -9999 -9999 -9999 -9999 -9999 -9999 13500.0 26609.0 4927.0 -9999 -9999 -9999 -9999 28081.0 27968.0 25491.0 219.0 5425.0 9607.0 9900.0 28160.0 26771.0 28719.0 22500.0 16491.0 9378.0 24820.0 29872.0 34002.0 24343.0 18634.0 25596.0 7549.0 24210.0 6392.0 15637.0 32837.0 8157.0 15304.0 4151.0 13029.0 13895.0 3096.0 21956.0 10595.0 12146.0 26919.0 11122.0 19707.0 2423.0 11535.0 17721.0 0.0 15186.0 15990.0 16802.0 17510.0 22271.0 24343.0 28843.0 18519.0 -1.0 22500.0 18000.0 -1.0 -1.0 31500.0
-9999 -9999 -9999 -9999 -9999 -9999 -9999 -9999 -9999 -9999 -9999 -9999 -9999 22712.0 30723.0 24343.0 -9999 -9999 -9999 -9999 -9999 24952.0 31124.0 19263.0 11320.0 21414.0 7659.0 8165.0 21756.0 24429.0 12289.0 26848.0 28840.0 3339.0 1347.0 3956.0 27164.0 26476.0 27978.0 2236.0 11330.0 6804.0 23662.0 15915.0 23323.0 5256.0 -1.0 21041.0 12581.0 286.0 14288.0 20388.0 22567.0 5001.0 2283.0 4867.0 31211.0 12895.0 27369.0 19843.0 20844.0 813.0 25157.0 9000.0 16157.0 -1.0 9000.0 -1.0 -1.0 -1.0 -1.0 -1.0 -1.0 20320.0
-9999 -9999 -9999 -9999 -9999 -9999 -9999 -9999 -9999 -9999 -9999 -9999 -9999 -9999 -9999 28097.0 5994.0 26992.0 32002.0 -9999 -9999 26403.0 8464.0 22716.0 23446.0 16448.0 22792.0 21383.0 29137.0 26819.0 13690.0 18399.0 16555.0 11722.0 25978.0 29344.0 -1.0 16046.0 27759.0 14179.0 26769.0 16157.0 31500.0 22212.0 18337.0 29038.0 29352.0 1749.0 7844.0 -1.0 7087.0 18256.0 1299.0 17809.0 1404.0 22573.0 14824.0 32184.0 2657.0 7228.0 21201.0 28131.0 18000.0 9519.0 9000.0 -9999 -9999 -9999 -9999 -9999 -9999 -9999 -9999 -9999
-9999 -9999 -9999 -9999 -9999 -9999 -9999 -9999 -9999 -9999 -9999 -9999 -9999 -9999 -9999 -9999 29711.0 21911.0 6844.0 20202.0 -9999 28431.0 -1.0 23313.0 21647.0 25129.0 30829.0 19202.0 14525.0 18000.0 27311.0 3825.0 4622.0 11704.0 27915.0 27916.0 35501.0 6919.0 4607.0 4925.0 5375.0 25499.0 7975.0 21476.0 -1.0 25080.0 29522.0 8586.0 17958.0 1131.0 18652.0 13957.0 20535.0 4500.0 33343.0 19265.0 9000.0 6392.0 8670.0 30899.0 14313.0 20657.0 13500.0 17187.0 -1.0 -9999 -9999 -9999 -9999 -9999 -9999 -9999 -9999 -9999
-9999 -9999 -9999 -9999 -9999 -9999 -9999 -9999 -9999 -9999 -9999 -9999 -9999 -9999 -9999 -9999 -9999 30759.0 11567.0 22472.0 -9999 -9999 -9999 23904.0 27000.0 5968.0 26147.0 23383.0 26072.0 30496.0 7008.0 20348.0 6585.0 -1.0 9788.0 4071.0 8597.0 35642.0 24230.0 7290.0 3062.0 26807.0 6604.0 21614.0 16783.0 6422.0 2234.0 23157.0 26774.0 33680.0 3096.0 13280.0 9000.0 24616.0 7720.0 1929.0 10404.0 24556.0 5446.0 5631.0 7869.0 18000.0 16157.0 -9999 -9999 -9999 -9999 -9999 -9999 -9999 -9999 -9999 -9999 -9999
-9999 -9999 -9999 -9999 -9999 -9999 -9999 -9999 -9999 -9999 -9999 -9999 -9999 -9999 -9999 -9999 -9999 33007.0 15960.0 19615.0 -9999 -9999 -9999 -9999 32904.0 28319.0 12823.0 19876.0 30635.0 35496.0 32154.0 34984.0 23190.0 4485.0 22724.0 1706.0 4361.0 12813.0 9303.0 34610.0 4794.0 30619.0 24099.0 33725.0 23514.0 9029.0 12369.0 6228.0 4655.0 2444.0 3411.0 10404.0 29350.0 33556.0 2974.0 6604.0 1131.0 19843.0 6896.0 -1.0 -9999 -9999 -9999 -9999 -9999 -9999 -9999 -9999 -9999 -9999 -9999 -9999 -9999 -9999
-9999 -9999 -9999 -9999 -9999 -9999 -9999 -9999 -9999 -9999 -9999 -9999 -9999 -9999 -9999 -9999 -9999 23631.0 22500.0 17103.0 -9999 -9999 -9999 -9999 -9999 -9999 5307.0 16996.0 34774.0 23292.0 35202.0 29556.0 24259.0 25698.0 5403.0 6095.0 3842.0 3073.0 34071.0 6702.0 25157.0 25280.0 6809.0 6809.0 23962.0 5239.0 16495.0 21238.0 1582.0 18000.0 23473.0 12422.0 16157.0 19299.0 8316.0 33625.0 15604.0 9337.0 2180.0 -9999 -9999 -9999 -9999 -9999 -9999 -9999 -9999 -9999 -9999 -9999 -9999 -9999 -9999 -9999
-9999 -9999 -9999 -9999 -9999 -9999 -9999 -9999 -9999 -9999 -9999 -9999 -9999 -9999 -9999 -9999 884.0 29056.0 4251.0 27167.0 26466.0 33136.0 -9999 -9999 -9999 -9999 27000.0 23904.0 17740.0 10789.0 29830.0 33767.0 22183.0 14557.0 1522.0 13500.0 21824.0 1749.0 32291.0 31636.0 4306.0 27951.0 17826.0 10903.0 23850.0 29020.0 10311.0 1263.0 21787.0 7701.0 33498.0 13500.0 9229.0 18553.0 15170.0 4500.0 9440.0 8187.0 32446.0 -9999 -9999 -9999 -9999 -9999 -9999 -9999 -9999 -9999 -9999 -9999 -9999 -9999 -9999 -9999
-9999 -9999 -9999 -9999 -9999 -9999 -9999 -9999 -9999 -9999 -9999 -9999 -9999 -9999 -9999 -9999 -9999 20865.0 8042.0 6343.0 30071.0 27196.0 -9999 -9999 -9999 -9999 -9999 -9999 27000.0 22725.0 16249.0 25752.0 23824.0 7788.0 5055.0 20799.0 6003.0 8521.0 9652.0 15614.0 28430.0 11137.0 13277.0 10131.0 29403.0 17350.0 1053.0 8155.0 591.0 26845.0 118.0 1661.0 19131.0 7157.0 10253.0 11038.0 10670.0 11905.0 13500.0 -9999 -9999 -9999 -9999 -9999 -9999 -9999 -9999 -9999 -9999 -9999 -9999 -9999 -9999 -9999
-9999 -9999 -9999 -9999 -9999 -9999 -9999 -9999 -9999 -9999 -9999 -9999 -9999 -9999 -9999 -9999 -9999 -9999 -9999 -9999 22734.0 2212.0 14231.0 -9999 -9999 -9999 -9999 -9999 -9999 22997.0 26670.0 6680.0 21251.0 3495.0 22812.0 7030.0 3956.0 6753.0 9242.0 10881.0 28961.0 12723.0 8777.0 35628.0 27467.0 12084.0 20459.0 2897.0 10404.0 19509.0 23336.0 29835.0 7082.0 9777.0 25869.0 18476.0 9000.0 34157.0 20104.0 -9999 -9999 -9999 -9999 -9999 -9999 -9999 -9999 -9999 -9999 -9999 -9999 -9999 -9999 -9999
-9999 -9999 -9999 -9999 -9999 -9999 -9999 -9999 -9999 -9999 -9999 -9999 -9999 -9999 -9999 -9999 -9999 -9999 -9999 -9999 -9999 28154.0 35342.0 7831.0 -9999 -9999 -9999 -9999 -9999 -9999 21750.0 7284.0 23932.0 25021.0 6345.0 26794.0 2386.0 4338.0 28809.0 3455.0 7035.0 35096.0 4500.0 25581.0 9286.0 5904.0 25482.0 5598.0 15391.0 5665.0 34942.0 29283.0 32841.0 8668.0 33139.0 2626.0 14904.0 9000.0 1131.0 -9999 -9999 -9999 -9999 -9999 -9999 -9999 -9999 -9999 -9999 -9999 -9999 -9999 -9999 -9999
-9999 -9999 -9999 -9999 -9999 -9999 -9999 -9999 -9999 -9999 -9999 -9999 -9999 -9999 -9999 -9999 -9999 -9999 -9999 -9999 -9999 -9999 19438.0 10255.0 -9999 -9999 -9999 -9999 -9999 24170.0 23709.0 17524.0 888.0 29553.0 21687.0 22365.0 27925.0 4396.0 6273.0 25432.0 7929.0 25898.0 7534.0 6343.0 13500.0 -1.0 -1.0 20252.0 3414.0 7734.0 32967.0 8500.0 12943.0 11525.0 24863.0 1404.0 8699.0 13500.0 -1.0 -1.0 -9999 -9999 -9999 -9999 -9999 -9999 -9999 -9999 -9999 -9999 -9999 -9999 -9999 -9999
-9999 -9999 -9999 -9999 -9999 -9999 -9999 -9999 -9999 -9999 -9999 -9999 -9999 -9999 -9999 -9999 -9999 -9999 -9999 -9999 -9999 -9999 26287.0 23689.0 28191.0 -9999 -9999 -9999 -9999 -9999 -1.0 19131.0 31221.0 16837.0 29844.0 11359.0 154.0 10722.0 25655.0 13500.0 25230.0 17655.0 14200.0 29328.0 2657.0 -1.0 84.0 663.0 2209.0 16824.0 21284.0 360.0 8187.0 32530.0 19442.0 23689.0 5799.0 4500.0 -9999 -9999 -9999 -9999 -9999 -9999 -9999 -9999 -9999 -9999 -9999 -9999 -9999 -9999 -9999 -9999
-9999 -9999 -9999 -9999 -9999 -9999 -9999 -9999 -9999 -9999 -9999 -9999 -9999 -9999 -9999 -9999 -9999 -9999 -9999 -9999 -9999 -9999 4163.0 22500.0 35619.0 -9999 -9999 -9999 -9999 -9999 -9999 -9999 21625.0 851.0 455.0 17309.0 22419.0 34215.0 5947.0 4623.0 16290.0 5057.0 1367.0 30353.0 14953.0 20413.0 9864.0 20615.0 21956.0 2280.0 -1.0 731.0 5972.0 7701.0 10661.0 3043.0 20830.0 13500.0 -9999 -9999 -9999 -9999 -9999 -9999 -9999 -9999 -9999 -9999 -9999 -9999 -9999 -9999 -9999 -9999
-9999 -9999 -9999 -9999 -9999 -9999 -9999 -9999 -9999 -9999 -9999 -9999 -9999 -9999 -9999 -9999 -9999 -9999 -9999 -9999 -9999 -9999 -9999 28131.0 24597.0 23178.0 -9999 -9999 -9999 -9999 -9999 -9999 0.0 17316.0 24704.0 -1.0 18777.0 29315.0 15607.0 31104.0 34209.0 1911.0 7474.0 10244.0 4440.0 23148.0 22837.0 5076.0 23592.0 25477.0 24755.0 28294.0 21035.0 5446.0 23022.0 5516.0 9533.0 8257.0 -9999 -9999 -9999 -9999 -9999 -9999 -9999 -9999 -9999 -9999 -9999 -9999 -9999 -9999 -9999 -9999
-9999 -9999 -9999 -9999 -9999 -9999 -9999 -9999 -9999 -9999 -9999 -9999 -9999 -9999 -9999 -9999 -9999 -9999 -9999 -9999 -9999 -9999 -9999 -9999 17013.0 18873.0 -9999 -9999 -9999 -9999 -9999 -9999 -9999 -9999 22500.0 26963.0 5364.0 10800.0 16235.0 11966.0 12470.0 29825.0 34985.0 31793.0 19299.0 29711.0 34951.0 7931.0 22579.0 33251.0 34381.0 24008.0 5356.0 8686.0 10008.0 17902.0 17316.0 9634.0 -9999 -9999 -9999 -9999 -9999 -9999 -9999 -9999 -9999 -9999 -9999 -9999 -9999 -9999 -9999 -9999
-9999 -9999 -9999 -9999 -9999 -9999 -9999 -9999 -9999 -9999 -9999 -9999 -9999 -9999 -9999 -9999 -9999 -9999 -9999 -9999 -9999 -9999 -9999 -9999 -9999 25580.0 5174.0 1732.0 -9999 -9999 -9999 -9999 -9999 -9999 -9999 21787.0 18396.0 12508.0 16863.0 31898.0 31123.0 4666.0 25850.0 23718.0 18449.0 29506.0 8746.0 30096.0 706.0 31745.0 22833.0 5824.0 25233.0 13374.0 2657.0 -1.0 3647.0 13782.0 -9999 -9999 -9999 -9999 -9999 -9999 -9999 -9999 -9999 -9999 -9999 -9999 -9999 -9999 -9999 -9999
-9999 -9999 -9999 -9999 -9999 -9999 -9999 -9999 -9999 -9999 -9999 -9999 -9999 -9999 -9999 -9999 -9999 -9999 -9999 -9999 -9999 -9999 -9999 -9999 -9999 -9999 -9999 3882.0 32972.0 -9999 -9999 -9999 -9999 -9999 -9999 -9999 28873.0 1217.0 2527.0 4370.0 15597.0 27549.0 2625.0 29402.0 33364.0 26075.0 27000.0 25565.0 23397.0 4006.0 9040.0 10063.0 31690.0 17373.0 14168.0 29381.0 34826.0 27140.0 -9999 -9999 -9999 -9999 -9999 -9999 -9999 -9999 -9999 -9999 -9999 -9999 -9999 -9999 -9999 -9999
-9999 -9999 -9999 -9999 -9999 -9999 -9999 -9999 -9999 -9999 -9999 -9999 -9999 -9999 -9999 -9999 -9999 -9999 -9999 -9999 -9999 -9999 -9999 -9999 -9999 -9999 -9999 22465.0 -9999 -9999 -9999 -9999 -9999 -9999 -9999 -9999 -9999 13801.0 25006.0 5795.0 2448.0 27623.0 30567.0 7693.0 27713.0 7232.0 5083.0 29794.0 5358.0 8528.0 24417.0 20149.0 13260.0 26262.0 23931.0 28918.0 25779.0 7719.0 -9999 -9999 -9999 -9999 -9999 -9999 -9999 -9999 -9999 -9999 -9999 -9999 -9999 -9999 -9999 -9999
-9999 -9999 -9999 -9999 -9999 -9999 -9999 -9999 -9999 -9999 -9999 -9999 -9999 -9999 -9999 -9999 -9999 -9999 -9999 -9999 -9999 -9999 -9999 -9999 -9999 -9999 -9999 -9999 -9999 -9999 -9999 -9999 -9999 -9999 -9999 -9999 -9999 -9999 25563.0 21119.0 24748.0 2361.0 30347.0 29757.0 12656.0 10856.0 4500.0 644.0 5884.0 6942.0 3507.0 21896.0 0.0 22924.0 7534.0 9519.0 33288.0 22749.0 -9999 -9999 -9999 -9999 -9999 -9999 -9999 -9999 -9999 -9999 -9999 -9999 -9999 -9999 -9999 -9999
-9999 -9999 -9999 -9999 -9999 -9999 -9999 -9999 -9999 -9999 -9999 -9999 -9999 -9999 -9999 -9999 -9999 -9999 -9999 -9999 -9999 -9999 -9999 -9999 -9999 -9999 -9999 -9999 -9999 -9999 -9999 -9999 -9999 -9999 -9999 -9999 -9999 -9999 34157.0 12126.0 9384.0 29079.0 10205.0 11562.0 33110.0 28382.0 19350.0 33221.0 20215.0 33448.0 25002.0 16500.0 12929.0 5986.0 8686.0 20681.0 32709.0 -1.0 -9999 -9999 -9999 -9999 -9999 -9999 -9999 -9999 -9999 -9999 -9999 -9999 -9999 -9999 -9999 -9999
-9999 -9999 -9999 -9999 -9999 -9999 -9999 -9999 -9999 -9999 -9999 -9999 -9999 -9999 -9999 -9999 -9999 -9999 -9999 -9999 -9999 -9999 -9999 -9999 -9999 -9999 -9999 -9999 -9999 -9999 -9999 -9999 -9999 -9999 -9999 -9999 -9999 -9999 -9999 23019.0 8418.0 4971.0 31115.0 20114.0 4546.0 11938.0 10056.0 26746.0 28504.0 7250.0 21096.0 26054.0 765.0 25860.0 -1.0 34596.0 3096.0 3507.0 -9999 -9999 -9999 -9999 -9999 -9999 -9999 -9999 -9999 -9999 -9999 -9999 -9999 -9999 -9999 -9999
-9999 -9999 -9999 -9999 -9999 -9999 -9999 -9999 -9999 -9999 -9999 -9999 -9999 -9999 -9999 -9999 -9999 -9999 -9999 -9999 -9999 -9999 -9999 -9999 -9999 -9999 -9999 -9999 -9999 -9999 -9999 -9999 -9999 -9999 -9999 -9999 7019.0 -9999 -9999 -9999 28372.0 28175.0 23695.0 22753.0 5973.0 16479.0 13500.0 11234.0 3174.0 27619.0 26481.0 5375.0 24579.0 7646.0 31487.0 31105.0 25922.0 31964.0 671.0 -9999 -9999 -9999 -9999 -9999 -9999 -9999 -9999 -9999 -9999 -9999 -9999 -9999 -9999 -9999
-9999 -9999 -9999 -9999 -9999 -9999 -9999 -9999 -9999 -9999 -9999 -9999 -9999 -9999 -9999 -9999 -9999 -9999 -9999 -9999 -9999 -9999 -9999 -9999 -9999 -9999 -9999 -9999 -9999 -9999 -9999 -9999 -9999 -9999 -9999 -9999 -9999 -9999 -9999 -9999 14617.0 21345.0 34112.0 17722.0 22679.0 22449.0 34596.0 32338.0 18770.0 4653.0 27278.0 33657.0 1001.0 10717.0 3553.0 3369.0 13466.0 5953.0 12497.0 -9999 -9999 -9999 -9999 -9999 -9999 -9999 -9999 -9999 -9999 -9999 -9999 -9999 -9999 -9999
