KEPLER/2.4/binaries/lib/outreach-2.3.0/workflows/data/garp/NA_ASC/h_aspect.asc
nrows  200
ncols  400
xllcorner  -179.99962860149
yllcorner  6.7208489478326
cellsize  0.4
NODATA_value  -9999
[rows 66 to 98 of 200, columns 222 to 295 of 400]
-9999 -9999 -9999 -9999 -9999 -9999 -9999 -9999 -9999 -9999 -9999 -9999 -9999 -9999 -9999 -9999 -9999 -9999 -9999 -9999 -9999 -9999 -9999 -9999 -9999 -9999 -9999 -9999 -9999 -9999 -9999 -9999 -9999 -9999 13500.0 26751.0 27000.0 13500.0 29444.0 10843.0 4500.0 29366.0 9273.0 4500.0 23829.0 18000.0 2974.0 2161.0 15238.0 17084.0 17187.0 8187.0 6071.0 6896.0 -9999 -9999 -9999 21844.0 -9999 -9999 -9999 -9999 -9999 -9999 -9999 -9999 30657.0 -9999 -9999 -9999 -9999 -9999 -9999 -9999
-9999 -9999 -9999 -9999 -9999 -9999 -9999 -9999 -9999 -9999 -9999 -9999 -9999 -9999 -9999 -9999 -9999 -9999 -9999 -9999 -9999 -9999 -9999 -9999 -9999 -9999 -9999 -9999 -9999 -9999 -9999 -9999 -9999 -9999 -9999 28474.0 5689.0 29657.0 29022.0 2657.0 -1.0 3470.0 21829.0 32101.0 7157.0 5213.0 7985.0 29597.0 -1.0 27440.0 3096.0 3369.0 3510.0 5993.0 -9999 -9999 -9999 -9999 -9999 -9999 -9999 -9999 -9999 -9999 -9999 -9999 22293.0 3788.0 -9999 -9999 -9999 -9999 -9999 -9999
-9999 -9999 -9999 -9999 -9999 -9999 -9999 -9999 -9999 -9999 -9999 -9999 -9999 -9999 -9999 -9999 -9999 -9999 -9999 -9999 -9999 -9999 -9999 -9999 -9999 -9999 -9999 -9999 -9999 -9999 -9999 -9999 -9999 -9999 31500.0 8143.0 4500.0 19253.0 29147.0 25596.0 6870.0 5530.0 -1.0 27358.0 17075.0 9000.0 2993.0 32134.0 23313.0 4500.0 10493.0 11180.0 6556.0 21409.0 -9999 -9999 -9999 -9999 -9999 -9999 -9999 -9999 -9999 -9999 -9999 18653.0 29582.0 9005.0 474.0 -9999 -9999 -9999 -9999 -9999
-9999 -9999 -9999 -9999 -9999 -9999 -9999 -9999 -9999 -9999 -9999 -9999 -9999 -9999 -9999 -9999 -9999 -9999 -9999 -9999 -9999 -9999 -9999 -9999 -9999 -9999 -9999 -9999 -9999 -9999 -9999 -9999 -9999 8461.0 30096.0 30554.0 21007.0 19843.0 2657.0 9229.0 18990.0 16869.0 32071.0 13500.0 34999.0 -1.0 27946.0 20657.0 9000.0 26366.0 5019.0 9978.0 6343.0 5404.0 1843.0 -9999 -9999 -9999 -9999 -9999 -9999 -9999 -9999 -9999 -9999 2827.0 20522.0 31996.0 209.0 -9999 -9999 -9999 -9999 -9999
-9999 -9999 -9999 -9999 -9999 -9999 -9999 -9999 -9999 -9999 -9999 -9999 -9999 -9999 -9999 -9999 -9999 -9999 -9999 -9999 -9999 -9999 -9999 -9999 -9999 -9999 -9999 -9999 -9999 -9999 -9999 -9999 27000.0 10324.0 17619.0 23530.0 11790.0 -1.0 33680.0 -1.0 23446.0 6343.0 25791.0 1131.0 8257.0 23631.0 22500.0 15026.0 19030.0 -1.0 6343.0 464.0 27576.0 1030.0 7157.0 9536.0 35688.0 5631.0 -9999 -9999 -9999 -9999 19224.0 -9999 27041.0 256.0 7968.0 26459.0 19627.0 21337.0 30286.0 -9999 -9999 -9999
-9999 -9999 -9999 -9999 -9999 -9999 -9999 -9999 -9999 -9999 -9999 -9999 -9999 -9999 -9999 -9999 -9999 -9999 -9999 -9999 -9999 -9999 -9999 -9999 -9999 -9999 -9999 -9999 -9999 -9999 -9999 -9999 -9999 -9999 -1.0 7806.0 4500.0 28843.0 22500.0 19843.0 -1.0 4500.0 34157.0 22500.0 9249.0 9000.0 15235.0 33625.0 29410.0 13014.0 8187.0 969.0 11137.0 25526.0 27000.0 19404.0 24343.0 9634.0 25157.0 -9999 35342.0 4500.0 2375.0 21123.0 26742.0 25413.0 26669.0 23248.0 27679.0 25579.0 32290.0 16438.0 -9999 -9999
-9999 -9999 -9999 -9999 -9999 -9999 -9999 -9999 -9999 -9999 -9999 -9999 -9999 -9999 -9999 -9999 -9999 -9999 -9999 -9999 -9999 -9999 -9999 -9999 -9999 -9999 -9999 -9999 -9999 -9999 -9999 -9999 -9999 -9999 -9999 -9999 11388.0 35481.0 23904.0 27658.0 35481.0 7982.0 35931.0 9000.0 220.0 11905.0 24323.0 20657.0 27798.0 16157.0 0.0 10708.0 15343.0 30153.0 8241.0 27669.0 34747.0 18788.0 4940.0 22518.0 10670.0 1909.0 0.0 4500.0 7528.0 791.0 13679.0 16474.0 22672.0 3265.0 10392.0 28617.0 3319.0 28640.0
-9999 -9999 -9999 -9999 -9999 -9999 -9999 -9999 -9999 -9999 -9999 -9999 -9999 -9999 -9999 -9999 -9999 -9999 -9999 -9999 -9999 -9999 -9999 -9999 -9999 -9999 -9999 -9999 -9999 -9999 -9999 -9999 -9999 -9999 -9999 -9999 -9999 23313.0 27273.0 2415.0 19001.0 20351.0 5337.0 473.0 7970.0 9086.0 4500.0 -1.0 4500.0 32213.0 33343.0 34343.0 5959.0 4739.0 34094.0 28614.0 26650.0 34238.0 23935.0 4500.0 30866.0 31657.0 28747.0 2141.0 2874.0 10342.0 8940.0 2543.0 21096.0 7307.0 15366.0 30691.0 6592.0 24701.0
34157.0 4500.0 -1.0 -9999 -9999 -9999 -9999 -9999 -9999 -9999 -9999 -9999 -9999 -9999 -9999 -9999 -9999 -9999 -9999 -9999 -9999 -9999 -9999 -9999 -9999 -9999 -9999 -9999 -9999 -9999 -9999 -9999 -9999 -9999 -9999 -9999 -9999 31265.0 9249.0 -1.0 1367.0 30981.0 20701.0 34157.0 8766.0 22500.0 12952.0 32375.0 32019.0 9273.0 30028.0 14446.0 11825.0 26676.0 7272.0 15298.0 29320.0 0.0 33288.0 22500.0 21369.0 18071.0 20765.0 32631.0 0.0 24055.0 9519.0 33680.0 14592.0 21127.0 23491.0 14337.0 27651.0 6827.0
29502.0 519.0 33725.0 31500.0 6343.0 5313.0 7869.0 -9999 -9999 -9999 -9999 -9999 -9999 -9999 -9999 -9999 -9999 -9999 -9999 -9999 -9999 -9999 -9999 -9999 -9999 -9999 -9999 -9999 -9999 -9999 -9999 -9999 -9999 -9999 -9999 -9999 -9999 14904.0 5807.0 28843.0 797.0 19975.0 29769.0 33527.0 34596.0 32698.0 13909.0 34661.0 6026.0 12280.0 21513.0 13500.0 5057.0 34157.0 29125.0 5117.0 29690.0 6487.0 -1.0 0.0 27000.0 1404.0 22119.0 24465.0 897.0 35699.0 23193.0 17619.0 22119.0 1299.0 16423.0 21014.0 2406.0 -9999
1680.0 11180.0 32375.0 29535.0 6680.0 5631.0 7157.0 3369.0 2657.0 -9999 -9999 -9999 -9999 -9999 -9999 -9999 -9999 -9999 -9999 -9999 -9999 -9999 -9999 -9999 -9999 -9999 -9999 -9999 -1.0 -9999 11180.0 -1.0 -9999 -9999 -9999 -9999 -9999 6556.0 20010.0 27153.0 10049.0 -1.0 -1.0 32120.0 0.0 3247.0 5152.0 27487.0 1552.0 27000.0 33556.0 24026.0 5416.0 8560.0 6465.0 2953.0 12820.0 29830.0 34547.0 27813.0 31500.0 23446.0 4812.0 24661.0 29683.0 30026.0 4500.0 20735.0 3446.0 16157.0 13725.0 3369.0 34322.0 16198.0
25774.0 26429.0 28001.0 2657.0 6095.0 27000.0 10526.0 33235.0 9813.0 4500.0 0.0 -1.0 -9999 -9999 -9999 -9999 -9999 -9999 -9999 -9999 -9999 -9999 -9999 -9999 -9999 -9999 -9999 -9999 -9999 10843.0 -9999 -9999 -9999 -9999 -9999 -9999 24343.0 -1.0 15547.0 31500.0 3907.0 25157.0 27813.0 18000.0 23071.0 34020.0 12723.0 15210.0 27813.0 6278.0 3554.0 25046.0 24095.0 4927.0 27454.0 5788.0 24863.0 18205.0 29830.0 24198.0 21737.0 32753.0 34002.0 25728.0 24908.0 11213.0 27813.0 22500.0 15738.0 7947.0 28954.0 30890.0 14676.0 34262.0
33343.0 27000.0 13500.0 6680.0 5709.0 -1.0 7596.0 24095.0 26399.0 3096.0 5578.0 29137.0 35481.0 34157.0 -1.0 -9999 -9999 -9999 -9999 -9999 -9999 -9999 -9999 -9999 -9999 -9999 -9999 -9999 -9999 -9999 -9999 -9999 -9999 -9999 -9999 20180.0 14942.0 31778.0 16235.0 1480.0 21961.0 32589.0 28628.0 -1.0 18000.0 31500.0 29262.0 21462.0 9000.0 212.0 9000.0 25526.0 3247.0 16951.0 0.0 33562.0 7774.0 29433.0 21039.0 32313.0 23631.0 24793.0 35459.0 28929.0 22060.0 11131.0 12247.0 -1.0 20608.0 6095.0 23935.0 19980.0 12297.0 11417.0
26366.0 5071.0 11657.0 9000.0 22602.0 11180.0 2850.0 1404.0 21369.0 27000.0 32397.0 13500.0 8560.0 5213.0 7157.0 32753.0 2765.0 4500.0 9000.0 7547.0 6343.0 7571.0 -9999 -9999 -9999 -9999 -9999 -9999 -9999 -9999 -9999 -9999 -9999 28299.0 34157.0 26663.0 10595.0 29718.0 2209.0 13500.0 1580.0 23904.0 30096.0 28693.0 7405.0 -1.0 19843.0 -1.0 18000.0 1843.0 33139.0 35481.0 4431.0 31500.0 7567.0 6398.0 29104.0 34347.0 19843.0 31500.0 2346.0 15210.0 18904.0 6210.0 24616.0 30405.0 33978.0 1404.0 35582.0 6397.0 7241.0 7696.0 19843.0 13171.0
4500.0 -1.0 27000.0 4500.0 -1.0 33343.0 7869.0 4500.0 8187.0 2905.0 6556.0 9713.0 7474.0 4119.0 7869.0 29444.0 9634.0 30981.0 31760.0 33343.0 2320.0 4500.0 7474.0 -9999 -9999 -9999 -9999 -9999 -9999 -1.0 22500.0 28339.0 26075.0 3184.0 17619.0 25526.0 18571.0 28131.0 35167.0 20291.0 23904.0 27514.0 21096.0 30787.0 20657.0 34558.0 20657.0 14804.0 -1.0 28735.0 32520.0 0.0 25330.0 -1.0 33775.0 1665.0 19299.0 26015.0 26699.0 24019.0 -1.0 12554.0 0.0 24994.0 7999.0 23117.0 35187.0 0.0 35947.0 3744.0 20057.0 11948.0 16266.0 17244.0
3096.0 813.0 10404.0 31500.0 1843.0 4500.0 6026.0 26187.0 18634.0 8751.0 27813.0 27000.0 6556.0 3981.0 28670.0 -1.0 28131.0 33343.0 3981.0 2905.0 8366.0 8054.0 -9999 -9999 -9999 -9999 -9999 -9999 -9999 -9999 25405.0 24820.0 31570.0 713.0 634.0 25474.0 14753.0 15343.0 34507.0 35481.0 28724.0 23213.0 11583.0 11478.0 18000.0 21625.0 14843.0 29275.0 23530.0 30369.0 3603.0 21929.0 8230.0 -1.0 15962.0 7999.0 7361.0 13060.0 6343.0 -1.0 18000.0 9000.0 -1.0 16774.0 28584.0 13500.0 -1.0 -1.0 10843.0 -1.0 19404.0 4500.0 9634.0 5134.0
8054.0 29830.0 -1.0 31500.0 5904.0 5631.0 35287.0 33343.0 10670.0 1131.0 33343.0 27000.0 10526.0 4500.0 29905.0 4500.0 18000.0 1843.0 25157.0 5446.0 32631.0 6556.0 0.0 -9999 -9999 -9999 -9999 -9999 -9999 -9999 -9999 19843.0 22163.0 22049.0 11022.0 18847.0 30647.0 15265.0 19843.0 27197.0 23101.0 33996.0 31500.0 25433.0 10954.0 23446.0 22500.0 28697.0 23469.0 14313.0 20874.0 18000.0 33343.0 28526.0 33343.0 2620.0 20905.0 26751.0 -1.0 28989.0 6343.0 2861.0 22500.0 3506.0 17187.0 31500.0 18000.0 30687.0 0.0 24343.0 4500.0 23213.0 12519.0 12483.0
6799.0 23799.0 31500.0 35481.0 2657.0 5213.0 10131.0 34869.0 0.0 0.0 31500.0 31500.0 35187.0 35481.0 32904.0 7157.0 301.0 29974.0 519.0 1595.0 13500.0 15343.0 10131.0 -9999 -9999 -9999 -9999 -9999 -9999 -9999 -9999 20363.0 26699.0 31163.0 31500.0 4142.0 27000.0 24210.0 987.0 11320.0 13500.0 3929.0 16324.0 24680.0 16002.0 3761.0 25617.0 15820.0 229.0 17736.0 11217.0 13268.0 6126.0 6890.0 10800.0 14228.0 2116.0 9000.0 32904.0 15604.0 28843.0 7869.0 2502.0 18652.0 26096.0 -1.0 1546.0 29608.0 189.0 23191.0 24343.0 23904.0 9987.0 1493.0
16474.0 30866.0 12470.0 3369.0 12554.0 7474.0 6625.0 31818.0 20502.0 9634.0 7157.0 4500.0 7157.0 5904.0 9000.0 35619.0 13500.0 20790.0 11320.0 14753.0 7869.0 9000.0 7596.0 -1.0 -1.0 34157.0 -9999 -9999 -9999 -9999 -9999 25157.0 20145.0 7701.0 14631.0 20457.0 31500.0 21077.0 21625.0 0.0 24429.0 8853.0 27000.0 909.0 22924.0 1339.0 27000.0 30661.0 3554.0 3577.0 27813.0 24052.0 22500.0 13500.0 18418.0 4500.0 27700.0 9000.0 122.0 -1.0 25235.0 497.0 4895.0 24982.0 13003.0 17366.0 6494.0 25869.0 4408.0 1693.0 7157.0 0.0 2220.0 4500.0
7157.0 34869.0 11502.0 7157.0 30554.0 34596.0 4500.0 0.0 8481.0 30787.0 33343.0 2320.0 2657.0 26366.0 2657.0 7474.0 27813.0 35619.0 33680.0 14530.0 0.0 7157.0 33680.0 7157.0 -9999 -9999 -9999 -9999 -9999 -9999 -9999 -9999 31500.0 25701.0 30687.0 6896.0 28404.0 14904.0 26366.0 27000.0 25701.0 27813.0 13754.0 13500.0 32213.0 12438.0 5071.0 12842.0 18969.0 25869.0 10972.0 29433.0 18000.0 17230.0 -1.0 30247.0 35481.0 26560.0 5887.0 34582.0 6012.0 9127.0 22500.0 9301.0 5149.0 -1.0 4500.0 21311.0 7247.0 -1.0 12531.0 601.0 10131.0 14631.0
8481.0 11905.0 34701.0 8591.0 8257.0 12981.0 10843.0 -1.0 -1.0 -1.0 11502.0 10843.0 11657.0 34869.0 1843.0 7869.0 7157.0 -1.0 5446.0 9000.0 7869.0 30096.0 2657.0 8560.0 -1.0 -9999 -9999 -9999 -9999 -9999 -9999 -9999 23213.0 30247.0 3096.0 32134.0 14549.0 10978.0 17676.0 22142.0 16157.0 -1.0 21405.0 18164.0 24052.0 16701.0 22621.0 30323.0 759.0 30625.0 26780.0 23075.0 6199.0 28843.0 25384.0 20104.0 8287.0 18000.0 5213.0 24409.0 24343.0 24617.0 7157.0 28843.0 -1.0 26560.0 7720.0 6009.0 8771.0 28404.0 11056.0 11423.0 5813.0 17269.0
301.0 30554.0 16596.0 14904.0 14313.0 34157.0 8751.0 23904.0 20444.0 34580.0 6139.0 6193.0 11657.0 9000.0 15343.0 9000.0 3625.0 7157.0 7157.0 2657.0 31500.0 34157.0 9000.0 32631.0 0.0 32904.0 -9999 -9999 -9999 -9999 -9999 30866.0 25999.0 16157.0 25290.0 18634.0 16999.0 10739.0 4500.0 -1.0 -1.0 26596.0 7762.0 27000.0 15139.0 21787.0 26777.0 30096.0 28131.0 15444.0 26187.0 13729.0 7157.0 24707.0 24896.0 2967.0 20056.0 35255.0 7111.0 11006.0 10710.0 17481.0 35619.0 25806.0 32446.0 -1.0 18000.0 19843.0 30812.0 30414.0 22881.0 7405.0 2997.0 2844.0
4500.0 9000.0 6343.0 34002.0 10843.0 28843.0 17313.0 1724.0 7966.0 29790.0 0.0 9147.0 5134.0 31500.0 -1.0 19843.0 -1.0 28843.0 10131.0 10639.0 6343.0 5631.0 4500.0 2056.0 7157.0 5446.0 7596.0 -9999 -9999 -9999 27909.0 27000.0 26663.0 15429.0 23904.0 16157.0 20157.0 12341.0 18239.0 18000.0 15645.0 -1.0 23631.0 424.0 31209.0 19774.0 14799.0 7157.0 24343.0 5753.0 35543.0 28998.0 21687.0 10114.0 35257.0 -1.0 21884.0 -1.0 18868.0 5865.0 2715.0 24762.0 18000.0 23788.0 2493.0 -1.0 14729.0 6660.0 13153.0 21247.0 31500.0 12339.0 21999.0 21266.0
-1.0 27000.0 1843.0 33290.0 31500.0 5753.0 1526.0 34474.0 553.0 3291.0 1843.0 4163.0 34157.0 8187.0 16157.0 28843.0 4500.0 33343.0 33343.0 35187.0 1526.0 1980.0 33820.0 5631.0 9000.0 9000.0 30038.0 32631.0 6095.0 27519.0 22500.0 34596.0 28740.0 29444.0 25405.0 20905.0 32313.0 23375.0 22500.0 3096.0 29814.0 11548.0 21369.0 6477.0 -1.0 9813.0 22125.0 9625.0 7661.0 4163.0 19710.0 34007.0 21180.0 29840.0 1900.0 8599.0 31500.0 33890.0 27155.0 34970.0 22940.0 20622.0 13477.0 22152.0 18273.0 22237.0 7345.0 18012.0 26740.0 9932.0 25265.0 17115.0 7570.0 588.0
29164.0 11715.0 12274.0 6510.0 15343.0 2320.0 11167.0 10280.0 11410.0 34474.0 12984.0 14904.0 1272.0 34157.0 3369.0 4500.0 1474.0 26287.0 34157.0 14904.0 31500.0 4500.0 9000.0 11905.0 30787.0 28998.0 35366.0 31500.0 34701.0 34596.0 29022.0 20657.0 634.0 31500.0 22500.0 7157.0 7869.0 8471.0 30872.0 29905.0 308.0 31082.0 35054.0 -1.0 11905.0 3470.0 11396.0 10111.0 7643.0 26865.0 27702.0 -1.0 10595.0 8269.0 31500.0 7197.0 7512.0 20427.0 21757.0 6652.0 23991.0 15023.0 31853.0 26933.0 7628.0 24708.0 10273.0 14709.0 15480.0 5993.0 25488.0 6908.0 27634.0 6680.0
17682.0 19843.0 3369.0 29180.0 8751.0 13619.0 13086.0 -1.0 18000.0 16869.0 31500.0 -1.0 16157.0 34002.0 11807.0 13500.0 12096.0 35366.0 27000.0 27000.0 6680.0 32213.0 34474.0 0.0 26287.0 30201.0 29320.0 30990.0 8187.0 28474.0 2180.0 4131.0 22500.0 23497.0 12096.0 30805.0 12470.0 35187.0 5134.0 23753.0 713.0 17591.0 28782.0 34157.0 19131.0 28131.0 5970.0 10569.0 6997.0 2180.0 19944.0 11127.0 2863.0 23425.0 6282.0 1629.0 28750.0 19843.0 9955.0 23648.0 5591.0 8195.0 15282.0 -9999 -9999 -9999 -9999 -9999 -9999 -1.0 -9999 -9999 -9999 9713.0
18000.0 23259.0 21026.0 18000.0 31837.0 27464.0 -1.0 -1.0 14578.0 26071.0 30318.0 0.0 34157.0 11657.0 759.0 19526.0 1552.0 34307.0 29707.0 8481.0 23677.0 7747.0 0.0 24343.0 25502.0 23780.0 8302.0 34701.0 19404.0 34474.0 4500.0 519.0 3341.0 35366.0 -1.0 18418.0 27875.0 35054.0 25157.0 17287.0 21969.0 26582.0 13500.0 29718.0 23041.0 9414.0 4500.0 16455.0 6699.0 19857.0 22333.0 27813.0 -1.0 27837.0 11776.0 9363.0 12805.0 2624.0 5446.0 33498.0 14019.0 -9999 -9999 -9999 -9999 -9999 -9999 17815.0 31500.0 -9999 -9999 -9999 -9999 -9999
2444.0 16157.0 32213.0 4500.0 12535.0 1971.0 -1.0 27000.0 26633.0 1843.0 32425.0 7574.0 15343.0 5446.0 17447.0 16951.0 32824.0 29974.0 28299.0 5397.0 32631.0 3201.0 34999.0 28619.0 5134.0 20905.0 235.0 31909.0 11718.0 2657.0 3573.0 6556.0 31837.0 28998.0 30554.0 26337.0 1998.0 15095.0 31500.0 26187.0 -1.0 18000.0 897.0 16157.0 10843.0 -1.0 33343.0 25509.0 10710.0 29811.0 22940.0 9813.0 3166.0 8762.0 9273.0 12369.0 1653.0 13760.0 12168.0 13112.0 -9999 -9999 -9999 -9999 -9999 -9999 -9999 -9999 -9999 26393.0 31147.0 3096.0 2217.0 -9999
15568.0 15934.0 6095.0 32904.0 11283.0 22717.0 5028.0 4447.0 29606.0 12554.0 20955.0 0.0 16596.0 32731.0 29795.0 20164.0 27381.0 14247.0 946.0 15680.0 5375.0 33210.0 5071.0 28238.0 29056.0 23904.0 8892.0 8054.0 35663.0 31500.0 23277.0 -1.0 13024.0 3228.0 28189.0 21539.0 20262.0 440.0 5308.0 1843.0 29306.0 28193.0 27964.0 2948.0 3852.0 7526.0 5134.0 9000.0 25467.0 21883.0 6184.0 27617.0 25558.0 7082.0 16711.0 7474.0 5225.0 9000.0 -9999 -9999 -9999 -9999 22029.0 33005.0 15300.0 24123.0 26222.0 -9999 -9999 -9999 -9999 -9999 -9999 7157.0
16869.0 16436.0 25008.0 12917.0 24288.0 10759.0 10018.0 33793.0 -1.0 -1.0 -1.0 -1.0 20995.0 26771.0 1217.0 25335.0 5841.0 7218.0 11243.0 2502.0 8709.0 7799.0 13052.0 3625.0 4500.0 26560.0 9440.0 35481.0 3647.0 -1.0 18000.0 21769.0 13858.0 30247.0 8075.0 27000.0 24762.0 8576.0 28131.0 -1.0 34157.0 20657.0 12985.0 22500.0 13500.0 26720.0 2871.0 4500.0 -1.0 29022.0 21369.0 32333.0 34655.0 18515.0 16341.0 11272.0 -9999 -9999 32760.0 25014.0 31858.0 3096.0 13986.0 4183.0 6213.0 21331.0 6191.0 22849.0 -9999 -9999 -9999 -9999 -9999 -9999
35704.0 35815.0 9000.0 33896.0 25226.0 -1.0 -1.0 -1.0 -1.0 -1.0 -1.0 -1.0 -1.0 13329.0 15720.0 15984.0 9927.0 13500.0 22720.0 20104.0 301.0 6210.0 16720.0 28098.0 9671.0 34869.0 34265.0 8842.0 13036.0 12546.0 5123.0 5631.0 4500.0 24343.0 29657.0 4178.0 28552.0 18875.0 35068.0 3603.0 -1.0 30866.0 26853.0 3723.0 9519.0 7276.0 23375.0 4909.0 27000.0 8187.0 883.0 30625.0 29173.0 10592.0 8056.0 -9999 28843.0 249.0 8366.0 22240.0 14938.0 22462.0 11382.0 3805.0 26593.0 9000.0 7493.0 -9999 -9999 -9999 -9999 -9999 -9999 -9999
26560.0 29396.0 12201.0 15056.0 -1.0 16942.0 -1.0 -1.0 -1.0 -1.0 -1.0 -1.0 -1.0 -1.0 -1.0 -1.0 2291.0 22365.0 12000.0 19843.0 1012.0 10843.0 35257.0 26381.0 23512.0 24095.0 5753.0 2726.0 35919.0 22645.0 20638.0 16985.0 20204.0 12400.0 14753.0 34526.0 31088.0 23299.0 30687.0 20582.0 13779.0 464.0 14446.0 32698.0 19918.0 15788.0 11438.0 684.0 26086.0 3527.0 23556.0 30004.0 20545.0 31823.0 -9999 24282.0 5107.0 959.0 13500.0 16092.0 444.0 7720.0 2743.0 34951.0 -9999 -9999 -9999 -9999 -9999 -9999 -9999 -9999 -9999 -9999
21096.0 -1.0 -1.0 -1.0 -1.0 -1.0 -1.0 -1.0 33464.0 -1.0 -1.0 -1.0 -1.0 -1.0 -1.0 -1.0 -1.0 21482.0 27657.0 22231.0 8079.0 25100.0 27813.0 20657.0 20077.0 18722.0 35211.0 17896.0 21687.0 -1.0 21230.0 33371.0 31794.0 29217.0 32988.0 34635.0 16060.0 29383.0 34405.0 10929.0 11093.0 13863.0 2032.0 25244.0 7039.0 32789.0 12947.0 27519.0 11032.0 21369.0 15305.0 11238.0 13210.0 10906.0 23818.0 18174.0 22227.0 26031.0 3969.0 6845.0 0.0 7711.0 34391.0 6870.0 27595.0 9112.0 -9999 -9999 -9999 -9999 -9999 -9999 -9999 -9999
