KEPLER/2.4/binaries/lib/outreach-2.3.0/workflows/data/garp/NA_ASC/h_aspect.asc
nrows  200
ncols  400
xllcorner  -179.99962860149
yllcorner  6.7208489478326
cellsize  0.4
NODATA_value  -9999
[rows 66 to 98 of 200, columns 148 to 221 of 400]
4500.0 185.0 15775.0 34091.0 8366.0 3876.0 35461.0 1733.0 29955.0 23932.0 17209.0 1030.0 34157.0 3929.0 -1.0 32631.0 519.0 33170.0 4500.0 8560.0 7157.0 26187.0 29320.0 2905.0 32993.0 22500.0 29657.0 29381.0 25633.0 28131.0 1131.0 3369.0 13500.0 16361.0 17187.0 9000.0 33343.0 27000.0 9634.0 5421.0 9987.0 8265.0 35414.0 8663.0 6944.0 -1.0 4500.0 25596.0 28590.0 10843.0 13500.0 34999.0 32071.0 -1.0 5631.0 35329.0 14475.0 20462.0 34157.0 22500.0 0.0 3554.0 18813.0 21642.0 7999.0 10131.0 -9999 -9999 -9999 -9999 -9999 -9999 -9999 -9999
16235.0 13858.0 -1.0 26461.0 26250.0 25596.0 31984.0 23213.0 25157.0 14546.0 29948.0 15896.0 5375.0 35524.0 34157.0 9946.0 2657.0 13500.0 8619.0 28131.0 32631.0 4091.0 30247.0 25056.0 28198.0 -1.0 -1.0 27000.0 26133.0 13175.0 12929.0 16157.0 28735.0 20092.0 26187.0 -1.0 29384.0 9147.0 12369.0 2657.0 25157.0 -1.0 15925.0 25157.0 6095.0 3369.0 13764.0 31818.0 10299.0 9000.0 -1.0 -1.0 -1.0 20830.0 12201.0 9000.0 13500.0 4500.0 8323.0 18381.0 5904.0 11502.0 16970.0 9000.0 7701.0 -9999 -9999 -9999 -9999 -9999 -9999 -9999 -9999 -9999
539.0 7558.0 35088.0 31617.0 31227.0 27867.0 10309.0 15882.0 13110.0 16869.0 4818.0 2765.0 34652.0 11125.0 20580.0 3164.0 4323.0 12499.0 9000.0 -1.0 11657.0 4500.0 11790.0 10299.0 29790.0 19735.0 33095.0 12065.0 -1.0 -1.0 35421.0 19077.0 19222.0 13812.0 8013.0 16157.0 13280.0 5763.0 15026.0 15556.0 15896.0 13500.0 26619.0 16084.0 27381.0 11444.0 29502.0 10404.0 10339.0 6944.0 3787.0 10253.0 2830.0 34157.0 7157.0 22500.0 24343.0 -1.0 26568.0 8591.0 11861.0 4786.0 32048.0 5213.0 13500.0 -1.0 -9999 -9999 -9999 -9999 -9999 -9999 -9999 -9999
29238.0 9634.0 26727.0 20790.0 19131.0 12096.0 22940.0 7970.0 30723.0 27583.0 33454.0 29486.0 26136.0 25633.0 16247.0 26926.0 16708.0 6282.0 12369.0 13500.0 33498.0 1226.0 -1.0 13500.0 29150.0 15680.0 -1.0 -1.0 -1.0 4091.0 1374.0 3060.0 2320.0 2180.0 3795.0 35813.0 33585.0 22500.0 20022.0 8663.0 34474.0 32071.0 33556.0 -1.0 4500.0 9519.0 14397.0 11657.0 20320.0 21775.0 10843.0 14659.0 16929.0 6343.0 20502.0 15210.0 2905.0 7869.0 6343.0 3499.0 9000.0 9000.0 8663.0 10404.0 7999.0 -9999 -9999 -9999 -9999 -9999 -9999 -9999 -9999 -9999
12096.0 10474.0 9000.0 33585.0 2716.0 249.0 5019.0 30369.0 676.0 24680.0 19493.0 21638.0 20615.0 20703.0 18553.0 15208.0 16205.0 -1.0 9000.0 29657.0 2861.0 -1.0 -1.0 -1.0 -1.0 -1.0 31500.0 19131.0 6855.0 6274.0 28843.0 2444.0 3994.0 17481.0 -1.0 25298.0 28526.0 11060.0 31500.0 24762.0 31500.0 8709.0 6107.0 16580.0 -1.0 29494.0 5904.0 29657.0 -1.0 13500.0 31500.0 0.0 16596.0 -1.0 31500.0 9983.0 7596.0 -1.0 34747.0 34436.0 2320.0 6095.0 28357.0 8187.0 8054.0 31500.0 26596.0 29502.0 31500.0 -1.0 -9999 -9999 -9999 -9999
8560.0 31881.0 35187.0 3129.0 2014.0 35937.0 3829.0 10564.0 9000.0 6680.0 31940.0 17738.0 9813.0 35054.0 4024.0 35409.0 29444.0 34157.0 946.0 35560.0 34290.0 32071.0 4500.0 32904.0 4500.0 13500.0 30096.0 9000.0 30829.0 25157.0 25643.0 33064.0 8560.0 30554.0 33609.0 2137.0 14549.0 34661.0 27492.0 27000.0 9786.0 -1.0 14595.0 -1.0 759.0 31637.0 27476.0 10724.0 12929.0 27969.0 29974.0 12318.0 22500.0 29905.0 20657.0 -1.0 8481.0 26316.0 -1.0 11657.0 28843.0 11161.0 5631.0 12741.0 1404.0 8481.0 813.0 27000.0 28226.0 946.0 -9999 -9999 -9999 -9999
29998.0 30323.0 33415.0 2823.0 9932.0 14221.0 5857.0 31500.0 7405.0 13110.0 28324.0 17676.0 35103.0 10060.0 5446.0 5631.0 21687.0 35699.0 29346.0 34349.0 28350.0 32974.0 23013.0 5578.0 4500.0 34157.0 32243.0 8241.0 19684.0 5158.0 33632.0 34526.0 30291.0 9759.0 7869.0 14653.0 31500.0 23904.0 29104.0 34783.0 22500.0 -1.0 10131.0 31500.0 11085.0 9743.0 -1.0 -1.0 -1.0 17287.0 12201.0 10607.0 11320.0 31500.0 4500.0 3470.0 30228.0 6095.0 19595.0 5541.0 29275.0 18713.0 4500.0 21687.0 30328.0 6202.0 7791.0 6343.0 9000.0 9000.0 -9999 -9999 -9999 -9999
2758.0 35731.0 13608.0 13735.0 10778.0 35554.0 5568.0 27152.0 5966.0 35836.0 31691.0 30499.0 1434.0 8636.0 34526.0 33170.0 35780.0 12311.0 253.0 18000.0 24717.0 8244.0 12870.0 30513.0 31500.0 27127.0 27884.0 23595.0 17727.0 22199.0 24170.0 5788.0 15235.0 23397.0 23669.0 31500.0 -1.0 27291.0 20104.0 18000.0 16157.0 35599.0 11520.0 19502.0 9000.0 27519.0 -1.0 -1.0 34157.0 18743.0 27000.0 14446.0 0.0 7157.0 4500.0 25728.0 -1.0 12513.0 10226.0 22500.0 9147.0 18000.0 30369.0 -1.0 12096.0 2535.0 5313.0 8287.0 8481.0 8054.0 10843.0 -9999 -9999 -9999
28062.0 27813.0 13271.0 31959.0 15680.0 10092.0 10069.0 6609.0 15962.0 32789.0 32734.0 6297.0 29727.0 10049.0 9185.0 1693.0 25011.0 15886.0 18932.0 15680.0 11320.0 10357.0 2755.0 5197.0 27539.0 24444.0 9348.0 18650.0 10253.0 -1.0 13500.0 30237.0 29657.0 21687.0 10843.0 4601.0 31210.0 11161.0 9000.0 8080.0 12369.0 30176.0 9519.0 0.0 -1.0 -1.0 -1.0 25448.0 9000.0 10595.0 13500.0 13720.0 4500.0 20657.0 3247.0 14824.0 -1.0 -1.0 6775.0 18634.0 22500.0 9337.0 6680.0 34869.0 34869.0 14277.0 4500.0 12438.0 7405.0 10299.0 11657.0 -9999 -9999 35187.0
18381.0 -1.0 18152.0 23535.0 29958.0 17956.0 26892.0 2059.0 1404.0 24360.0 27365.0 10843.0 22739.0 11874.0 32134.0 20180.0 16661.0 6648.0 30369.0 28843.0 2478.0 34869.0 14904.0 19639.0 1821.0 34563.0 24725.0 28226.0 4419.0 2626.0 31801.0 21499.0 12369.0 11726.0 31119.0 25020.0 18583.0 22500.0 12369.0 19782.0 -1.0 10980.0 30470.0 3247.0 10393.0 -1.0 -1.0 13500.0 24210.0 27301.0 10843.0 13773.0 14904.0 27457.0 11217.0 23446.0 35246.0 13500.0 13697.0 25157.0 3470.0 4500.0 6556.0 19299.0 9000.0 2905.0 13500.0 12369.0 33604.0 5631.0 0.0 31500.0 29180.0 4909.0
5429.0 33713.0 17937.0 18000.0 11415.0 30929.0 16933.0 16255.0 8906.0 28595.0 27301.0 19843.0 15507.0 2618.0 22720.0 13500.0 16157.0 13500.0 31786.0 3929.0 15604.0 25474.0 8316.0 31625.0 8727.0 33395.0 24896.0 24409.0 10299.0 20936.0 10998.0 2238.0 4500.0 11475.0 29830.0 29657.0 28843.0 10980.0 13500.0 10843.0 27000.0 11837.0 6743.0 10843.0 -1.0 23771.0 5753.0 28843.0 -1.0 5832.0 20657.0 634.0 18000.0 26663.0 13500.0 31500.0 20535.0 30687.0 14904.0 6762.0 12096.0 14213.0 4500.0 32091.0 3007.0 3187.0 17187.0 8187.0 12096.0 9000.0 27000.0 25247.0 30866.0 8187.0
10226.0 35727.0 32709.0 18642.0 10735.0 31076.0 2757.0 24343.0 9813.0 28253.0 29780.0 15432.0 174.0 4500.0 31500.0 31500.0 5940.0 4837.0 31163.0 21470.0 12096.0 30323.0 3929.0 33793.0 11996.0 21816.0 13500.0 8699.0 24590.0 8409.0 9536.0 0.0 27000.0 27381.0 10843.0 27000.0 3687.0 27058.0 1870.0 32741.0 17737.0 30866.0 16374.0 26727.0 14446.0 9634.0 7956.0 25570.0 2657.0 31500.0 29320.0 27677.0 2320.0 10843.0 10260.0 27000.0 28131.0 -1.0 13500.0 6343.0 6896.0 0.0 35287.0 11238.0 7869.0 9000.0 -1.0 9519.0 2104.0 31370.0 10474.0 9000.0 11707.0 24170.0
8212.0 23773.0 18875.0 9782.0 20724.0 17151.0 35586.0 29056.0 3274.0 27340.0 18353.0 -1.0 -1.0 -1.0 -1.0 23709.0 13113.0 23805.0 31261.0 31280.0 25698.0 31976.0 10536.0 32813.0 3956.0 32134.0 29478.0 3053.0 14562.0 33896.0 9197.0 9000.0 25157.0 25020.0 25474.0 10474.0 -1.0 30277.0 19131.0 20444.0 17103.0 35257.0 32163.0 19095.0 6965.0 4500.0 29790.0 11657.0 -1.0 -1.0 6026.0 -1.0 10843.0 1906.0 18519.0 9000.0 7157.0 1843.0 -1.0 29830.0 -1.0 30709.0 6680.0 0.0 8187.0 -1.0 13227.0 14213.0 3470.0 2657.0 22500.0 7869.0 31500.0 4500.0
33503.0 5505.0 21531.0 108.0 7157.0 2974.0 35257.0 151.0 9440.0 14071.0 1903.0 32650.0 30067.0 3101.0 25288.0 8760.0 11530.0 7596.0 2600.0 18000.0 23134.0 16270.0 12981.0 27946.0 28173.0 25405.0 35761.0 9519.0 -1.0 15762.0 11974.0 9000.0 31668.0 28937.0 -1.0 5375.0 20830.0 6253.0 18000.0 -1.0 26942.0 27301.0 12642.0 13500.0 28280.0 7701.0 25596.0 28843.0 9000.0 32904.0 13500.0 9000.0 30369.0 22500.0 21096.0 15680.0 11657.0 20444.0 -1.0 -1.0 17366.0 35699.0 2320.0 3787.0 8619.0 9000.0 13500.0 -1.0 27000.0 33820.0 28595.0 6944.0 4500.0 34596.0
12420.0 10874.0 30836.0 1541.0 3499.0 13060.0 3987.0 1280.0 24643.0 8887.0 34526.0 2363.0 6095.0 6510.0 17619.0 10466.0 14824.0 34157.0 2423.0 4345.0 29119.0 31957.0 3470.0 24317.0 20597.0 28131.0 19885.0 23313.0 16661.0 1182.0 21299.0 9282.0 7596.0 7265.0 10625.0 -1.0 28095.0 1428.0 12438.0 7538.0 2222.0 15546.0 24343.0 -1.0 30201.0 14631.0 7020.0 12899.0 9634.0 -1.0 18337.0 15170.0 33343.0 13024.0 -1.0 34020.0 13976.0 5904.0 -1.0 7157.0 16157.0 10843.0 0.0 9000.0 0.0 -1.0 -1.0 -1.0 9000.0 0.0 29657.0 10453.0 -1.0 31976.0
16457.0 31264.0 21072.0 14005.0 215.0 28230.0 23973.0 12468.0 1438.0 18220.0 3763.0 18000.0 20567.0 32277.0 17845.0 35163.0 34157.0 -1.0 15300.0 15465.0 15585.0 9813.0 9519.0 26751.0 8116.0 31500.0 35686.0 -1.0 12220.0 5302.0 27000.0 22500.0 0.0 813.0 29444.0 32071.0 15820.0 19390.0 30507.0 3852.0 24519.0 10374.0 11657.0 4500.0 11137.0 5904.0 1724.0 17084.0 21687.0 7802.0 -1.0 22500.0 20657.0 9571.0 10131.0 11180.0 34869.0 -1.0 31500.0 4500.0 0.0 29657.0 32904.0 13024.0 2320.0 9440.0 26481.0 8187.0 33343.0 24170.0 7157.0 33095.0 32213.0 31500.0
492.0 20104.0 13814.0 32761.0 23319.0 11871.0 1316.0 35630.0 497.0 13717.0 25312.0 13825.0 20311.0 11244.0 14487.0 34643.0 32753.0 4500.0 17366.0 27553.0 28299.0 4345.0 4858.0 14993.0 4353.0 20329.0 9427.0 4298.0 4500.0 5904.0 30176.0 8587.0 4500.0 35510.0 6170.0 26780.0 4773.0 28843.0 17699.0 29967.0 18884.0 5313.0 10131.0 14384.0 4295.0 33343.0 0.0 33343.0 11657.0 15680.0 31500.0 33343.0 18713.0 19404.0 5179.0 -1.0 13500.0 -1.0 22500.0 22500.0 1843.0 6343.0 34999.0 5213.0 15444.0 4500.0 19897.0 23179.0 28639.0 14677.0 29478.0 32974.0 25747.0 11556.0
15349.0 19331.0 13326.0 29663.0 31644.0 4982.0 35628.0 26369.0 16608.0 5496.0 12331.0 35054.0 33607.0 2456.0 17366.0 26529.0 24722.0 3741.0 6820.0 24418.0 7405.0 23753.0 3451.0 21331.0 28718.0 5019.0 32243.0 22221.0 29014.0 8345.0 29905.0 34361.0 7498.0 -1.0 13332.0 6680.0 21096.0 18759.0 18634.0 22046.0 12176.0 12723.0 12378.0 35054.0 11657.0 684.0 27899.0 3201.0 4500.0 10595.0 19843.0 7157.0 24775.0 28980.0 634.0 -1.0 -1.0 -1.0 21929.0 18000.0 17366.0 174.0 30921.0 22500.0 -1.0 3488.0 615.0 27000.0 24978.0 20427.0 11478.0 34970.0 7701.0 6343.0
714.0 8040.0 6830.0 31144.0 31295.0 33395.0 10367.0 3870.0 32054.0 31209.0 17018.0 1564.0 6667.0 35481.0 14731.0 28526.0 25735.0 2213.0 1062.0 26036.0 31234.0 10843.0 16701.0 14259.0 11375.0 7766.0 7622.0 16791.0 14522.0 10030.0 4500.0 28607.0 23962.0 23631.0 6119.0 13500.0 14163.0 3996.0 10619.0 18000.0 15944.0 12026.0 4500.0 33146.0 27544.0 8560.0 15391.0 29502.0 1131.0 10564.0 -1.0 -1.0 1131.0 16157.0 30007.0 -1.0 -1.0 -1.0 -1.0 25596.0 28404.0 27000.0 18185.0 2502.0 3687.0 5904.0 14512.0 20905.0 13990.0 28564.0 13142.0 18000.0 11755.0 21670.0
11874.0 25965.0 6519.0 14997.0 24086.0 20915.0 28277.0 11520.0 2622.0 21183.0 29815.0 1771.0 2622.0 14974.0 7035.0 5945.0 14380.0 3585.0 30413.0 2196.0 5515.0 32375.0 9249.0 3842.0 30866.0 2974.0 6454.0 31500.0 30687.0 1253.0 8022.0 2396.0 22131.0 20444.0 13773.0 5947.0 10299.0 7157.0 29603.0 18000.0 35771.0 1745.0 6403.0 16869.0 5158.0 35054.0 1226.0 34110.0 27136.0 6745.0 13188.0 12201.0 -1.0 14904.0 10843.0 4500.0 -1.0 -1.0 -1.0 23530.0 16596.0 14213.0 28843.0 25869.0 32753.0 2502.0 1131.0 31500.0 31500.0 30096.0 9813.0 29657.0 32313.0 29320.0
5679.0 10880.0 19871.0 24032.0 20593.0 15752.0 226.0 1617.0 5944.0 6580.0 3428.0 11924.0 6337.0 8693.0 20836.0 24343.0 4901.0 12603.0 20330.0 30741.0 20444.0 33002.0 4901.0 8429.0 27904.0 28843.0 4858.0 30929.0 7241.0 10161.0 27813.0 21096.0 16701.0 8125.0 1843.0 23631.0 35878.0 17940.0 27409.0 6762.0 23213.0 22500.0 5631.0 21647.0 7344.0 6680.0 11269.0 30829.0 15957.0 27000.0 33962.0 9000.0 -1.0 27220.0 5019.0 35187.0 2657.0 -1.0 -1.0 -1.0 21499.0 23134.0 19131.0 -1.0 25157.0 13500.0 14753.0 25869.0 35366.0 35727.0 4909.0 33725.0 19526.0 0.0
4500.0 1516.0 28477.0 26804.0 12871.0 21284.0 13195.0 7437.0 16486.0 12216.0 27040.0 33761.0 19290.0 5864.0 6867.0 10800.0 11830.0 11801.0 7572.0 11594.0 19131.0 -1.0 20861.0 14631.0 31240.0 33042.0 29707.0 21848.0 16999.0 28998.0 6738.0 18634.0 9000.0 4500.0 16393.0 5313.0 33881.0 35699.0 25661.0 30929.0 30866.0 -1.0 31500.0 9000.0 19442.0 10474.0 22500.0 30369.0 91.0 25425.0 10549.0 5213.0 -1.0 18000.0 21369.0 12096.0 7157.0 4500.0 32313.0 -1.0 21247.0 23974.0 34701.0 13500.0 28843.0 33680.0 4500.0 -1.0 14904.0 22500.0 24343.0 34869.0 14904.0 14709.0
27743.0 23363.0 1934.0 14019.0 20811.0 12814.0 33619.0 2500.0 9454.0 4075.0 25064.0 24294.0 27482.0 1871.0 6257.0 19094.0 2939.0 5481.0 4500.0 4626.0 1873.0 24526.0 9488.0 13295.0 31500.0 29844.0 3470.0 11022.0 14562.0 1404.0 5631.0 35931.0 10049.0 18249.0 6654.0 29780.0 26187.0 21438.0 9525.0 -1.0 30816.0 25422.0 1131.0 0.0 3432.0 1843.0 34596.0 0.0 18625.0 10089.0 22500.0 5867.0 31500.0 4500.0 10843.0 -1.0 27418.0 10693.0 27000.0 29657.0 -1.0 17022.0 30247.0 24604.0 29375.0 10998.0 27000.0 24625.0 32158.0 32709.0 6343.0 16290.0 2657.0 -1.0
16670.0 8885.0 12335.0 20952.0 13602.0 11182.0 35740.0 10754.0 27235.0 26218.0 12622.0 4837.0 3491.0 1040.0 20478.0 3925.0 23213.0 15059.0 7502.0 5160.0 21213.0 13693.0 24680.0 15725.0 17699.0 26316.0 13852.0 24114.0 26481.0 11150.0 18000.0 -1.0 18995.0 33556.0 17275.0 -1.0 21402.0 7514.0 9916.0 -1.0 9722.0 25786.0 21007.0 18000.0 10693.0 8727.0 27000.0 337.0 3513.0 20180.0 4899.0 5008.0 2180.0 634.0 5019.0 31500.0 24343.0 34157.0 32213.0 10843.0 26316.0 22500.0 1226.0 21829.0 20502.0 23057.0 29936.0 14427.0 32053.0 14874.0 30247.0 30291.0 32871.0 31500.0
28175.0 34466.0 21935.0 34893.0 16236.0 26707.0 14751.0 9618.0 23526.0 12385.0 24926.0 19573.0 10066.0 24135.0 8517.0 19732.0 18248.0 6245.0 23549.0 33265.0 3207.0 21096.0 8366.0 24498.0 21096.0 5004.0 28430.0 8187.0 6754.0 31749.0 35366.0 33429.0 16071.0 22239.0 34445.0 5650.0 10041.0 26524.0 5904.0 3274.0 30137.0 4500.0 3247.0 25514.0 27946.0 19843.0 634.0 13500.0 15680.0 23071.0 19749.0 8241.0 30996.0 7288.0 5562.0 5631.0 -1.0 24820.0 18000.0 6343.0 -1.0 26516.0 32071.0 23824.0 946.0 20225.0 15923.0 32839.0 29657.0 18174.0 21480.0 12026.0 14677.0 5353.0
24605.0 19248.0 31862.0 17246.0 18977.0 10661.0 33833.0 18886.0 16612.0 19635.0 35532.0 24403.0 33621.0 6596.0 5730.0 13274.0 10843.0 5659.0 23291.0 5824.0 16361.0 10131.0 28749.0 18000.0 13500.0 2818.0 18000.0 3715.0 18337.0 26187.0 27875.0 -1.0 31283.0 17429.0 11807.0 19639.0 26345.0 22396.0 6343.0 34157.0 3201.0 4500.0 20444.0 24522.0 5631.0 1526.0 23631.0 14904.0 7361.0 20953.0 24126.0 21369.0 16618.0 11104.0 5904.0 25596.0 -1.0 30554.0 13500.0 -1.0 33556.0 20657.0 33253.0 13500.0 21687.0 33604.0 27000.0 2150.0 27476.0 25203.0 12741.0 5753.0 27440.0 31135.0
7186.0 30122.0 22837.0 14196.0 216.0 13066.0 27925.0 25350.0 4671.0 16738.0 34860.0 8402.0 9656.0 9370.0 20956.0 15542.0 474.0 5374.0 9000.0 18392.0 14365.0 19131.0 33923.0 13500.0 26671.0 32766.0 2353.0 1891.0 35116.0 32213.0 13946.0 11730.0 3405.0 12176.0 7157.0 7118.0 19442.0 71.0 31373.0 13500.0 25157.0 13500.0 27000.0 28131.0 19049.0 33486.0 33908.0 3096.0 8287.0 9000.0 19843.0 31500.0 20104.0 19357.0 9000.0 3208.0 22500.0 3096.0 -1.0 1843.0 34869.0 32631.0 31261.0 2320.0 27000.0 20841.0 23375.0 17663.0 2952.0 14904.0 20468.0 12709.0 8417.0 11444.0
10026.0 31934.0 23330.0 30512.0 18959.0 3908.0 10771.0 24718.0 23013.0 25166.0 24460.0 6515.0 14007.0 7623.0 24931.0 28942.0 34219.0 3251.0 20888.0 28843.0 260.0 4014.0 1001.0 634.0 3096.0 21228.0 9978.0 18645.0 6095.0 34330.0 35727.0 11608.0 24793.0 35716.0 131.0 2582.0 5044.0 13500.0 1339.0 15590.0 4940.0 6498.0 4500.0 25361.0 15343.0 10843.0 14631.0 14071.0 9833.0 12096.0 12787.0 3787.0 3047.0 3829.0 2056.0 4500.0 5839.0 -1.0 13500.0 27000.0 33680.0 30096.0 0.0 28843.0 6343.0 -1.0 29608.0 31801.0 23768.0 5243.0 16922.0 2451.0 14285.0 1367.0
16004.0 1502.0 24608.0 6331.0 21922.0 24893.0 26775.0 9850.0 33757.0 33858.0 968.0 4500.0 13094.0 27835.0 14533.0 33528.0 24329.0 30753.0 11631.0 8565.0 23544.0 34929.0 6199.0 2967.0 2866.0 5236.0 16436.0 7701.0 21096.0 19639.0 6680.0 13500.0 12096.0 17771.0 24980.0 16791.0 25517.0 22209.0 4396.0 13674.0 22236.0 28619.0 15385.0 4895.0 29657.0 0.0 19131.0 30096.0 10131.0 5904.0 30247.0 30909.0 3331.0 6528.0 2444.0 2320.0 774.0 8287.0 4500.0 25157.0 29657.0 28843.0 16683.0 -1.0 -1.0 -1.0 20830.0 35366.0 -1.0 57.0 7547.0 18743.0 13500.0 32388.0
6958.0 20158.0 28877.0 15932.0 30699.0 21978.0 11989.0 9142.0 32540.0 14751.0 26583.0 12104.0 25837.0 34994.0 29529.0 28365.0 1137.0 19313.0 33959.0 30981.0 13288.0 24210.0 28735.0 7193.0 25276.0 2632.0 18000.0 20544.0 -1.0 21829.0 17945.0 23523.0 12269.0 22964.0 16481.0 31305.0 19299.0 12438.0 24161.0 25334.0 35845.0 26709.0 23974.0 14993.0 -1.0 20320.0 28386.0 5213.0 6343.0 -1.0 -1.0 24465.0 -1.0 27000.0 26560.0 -1.0 31500.0 9409.0 7596.0 4500.0 25596.0 1404.0 1131.0 26481.0 0.0 5631.0 30369.0 21096.0 8826.0 18946.0 14071.0 20320.0 19843.0 10631.0
11553.0 4107.0 854.0 18634.0 11052.0 33642.0 12508.0 29908.0 19145.0 22224.0 21045.0 -1.0 11127.0 2875.0 26327.0 30068.0 -1.0 12292.0 28490.0 34984.0 5496.0 1549.0 25747.0 18967.0 14375.0 -1.0 -1.0 28212.0 21499.0 35771.0 1350.0 5086.0 5689.0 25443.0 27392.0 23259.0 27622.0 5530.0 16436.0 18000.0 4824.0 26524.0 23731.0 26125.0 7814.0 13500.0 5904.0 17771.0 8138.0 -1.0 -1.0 15762.0 31668.0 33680.0 30369.0 17619.0 24343.0 9414.0 9381.0 9000.0 24680.0 30007.0 -1.0 19131.0 10843.0 10843.0 22500.0 33343.0 1639.0 34200.0 3805.0 31043.0 24810.0 33343.0
2203.0 8306.0 12399.0 35393.0 28268.0 11587.0 26479.0 25279.0 22662.0 15083.0 12647.0 20664.0 20309.0 26389.0 29622.0 4352.0 2978.0 29592.0 33966.0 25212.0 17448.0 10799.0 33705.0 886.0 33768.0 -1.0 4500.0 5598.0 20514.0 3633.0 14282.0 8481.0 16869.0 31205.0 23923.0 22749.0 27000.0 3223.0 1704.0 10693.0 5876.0 15954.0 24324.0 794.0 22242.0 2927.0 -1.0 18932.0 5353.0 29747.0 3247.0 18000.0 28954.0 1639.0 17088.0 22500.0 22712.0 8187.0 8663.0 4940.0 27000.0 28611.0 18337.0 -1.0 33680.0 35125.0 0.0 35429.0 13312.0 33343.0 29657.0 22500.0 1885.0 26888.0
15170.0 617.0 5890.0 11266.0 25802.0 24095.0 32313.0 22108.0 18000.0 23112.0 16322.0 9030.0 35065.0 22541.0 11361.0 19647.0 30345.0 29498.0 24802.0 8078.0 16907.0 33936.0 4456.0 17103.0 -1.0 28630.0 5334.0 30203.0 27670.0 35471.0 13849.0 20104.0 25234.0 18847.0 17013.0 23501.0 9120.0 30511.0 11958.0 2735.0 13124.0 10926.0 10810.0 807.0 9679.0 2954.0 8148.0 1735.0 946.0 31500.0 15150.0 32589.0 1526.0 16157.0 3603.0 32446.0 13091.0 29686.0 1049.0 18249.0 -1.0 27239.0 28724.0 21687.0 35187.0 6522.0 2535.0 2502.0 23120.0 32446.0 11010.0 11718.0 29379.0 1030.0
