KEPLER/2.4/binaries/lib/outreach-2.3.0/workflows/data/garp/NA_ASC/h_aspect.asc
nrows  200
ncols  400
xllcorner  -179.99962860149
yllcorner  6.7208489478326
cellsize  0.4
NODATA_value  -9999
[rows 33 to 65 of 200, columns 148 to 221 of 400]
35167.0 29172.0 -1.0 20095.0 18544.0 16405.0 19785.0 14824.0 11444.0 24480.0 11905.0 11657.0 27000.0 30665.0 -9999 -9999 -9999 -9999 -9999 -9999 -9999 -9999 -9999 -9999 -9999 -9999 -9999 -9999 -9999 -9999 -9999 -9999 -9999 -9999 -9999 -1.0 21806.0 21883.0 10843.0 22500.0 11438.0 -9999 -9999 -9999 -9999 -9999 -9999 -9999 -9999 25474.0 7470.0 7330.0 11807.0 29686.0 27370.0 18000.0 6820.0 8187.0 -9999 -9999 -9999 -9999 -9999 34588.0 31712.0 30438.0 25396.0 20546.0 5259.0 24095.0 27000.0 7944.0 31500.0 33932.0
19843.0 12998.0 5631.0 35187.0 17263.0 29116.0 2485.0 13199.0 27135.0 249.0 -9999 -9999 -9999 34020.0 4676.0 7495.0 11668.0 8682.0 -9999 -9999 -9999 -9999 -9999 -9999 -9999 -9999 -9999 -9999 -9999 -9999 -9999 -9999 2993.0 28049.0 8265.0 35727.0 -1.0 23904.0 28058.0 10507.0 19670.0 -9999 -9999 -9999 -9999 -9999 -9999 -9999 -9999 -9999 -9999 -1.0 30880.0 6498.0 2657.0 15170.0 13500.0 -9999 -9999 -9999 -9999 -9999 -9999 -9999 2180.0 25842.0 8960.0 24343.0 18152.0 21337.0 23831.0 8596.0 8576.0 8508.0
-1.0 4240.0 5064.0 9838.0 8412.0 16935.0 22280.0 -9999 31500.0 13500.0 6480.0 22500.0 25720.0 32717.0 19724.0 20690.0 13007.0 -9999 -1.0 29320.0 34787.0 9381.0 770.0 2077.0 -9999 -9999 -9999 12155.0 3829.0 -9999 -9999 -9999 24875.0 26699.0 6680.0 29830.0 4500.0 9695.0 8481.0 -9999 -9999 -9999 -9999 -9999 -9999 -9999 21096.0 8808.0 6738.0 -9999 -9999 -9999 27000.0 24259.0 12554.0 12007.0 29905.0 221.0 12929.0 4500.0 24996.0 -9999 -9999 23880.0 1528.0 -1.0 12253.0 16811.0 12074.0 -9999 17204.0 22976.0 -9999 -9999
7020.0 1131.0 27215.0 -9999 -9999 -9999 -9999 26269.0 31924.0 0.0 11657.0 11796.0 29112.0 7970.0 9172.0 7999.0 33896.0 22112.0 2207.0 29104.0 14313.0 30369.0 27934.0 30933.0 14091.0 16714.0 7232.0 23512.0 28572.0 32483.0 10219.0 -9999 -9999 130.0 4500.0 15775.0 212.0 9381.0 9579.0 9179.0 -9999 -9999 -9999 -9999 -9999 -9999 -9999 -9999 -9999 -9999 13500.0 24896.0 25650.0 21981.0 28474.0 7902.0 5313.0 24762.0 23313.0 7596.0 3607.0 -9999 -9999 -9999 24587.0 33052.0 5631.0 14791.0 -9999 -9999 -9999 -9999 -9999 -9999
26863.0 9381.0 -9999 -9999 -9999 28177.0 10501.0 22981.0 28564.0 10790.0 31222.0 29320.0 25157.0 27195.0 15650.0 27813.0 29150.0 12113.0 29502.0 0.0 30157.0 26421.0 7431.0 23493.0 10189.0 29217.0 26409.0 13500.0 10253.0 12657.0 24343.0 6775.0 -9999 -9999 27000.0 27743.0 27733.0 10843.0 813.0 8699.0 -9999 -9999 -9999 -9999 -9999 -9999 -9999 -9999 -9999 -9999 -9999 -9999 20657.0 22500.0 27122.0 21513.0 9862.0 27900.0 19918.0 21687.0 10843.0 -9999 -9999 -9999 25531.0 21493.0 -9999 -9999 -9999 -9999 -9999 -9999 -9999 -9999
14759.0 -9999 -9999 -9999 -9999 -9999 -9999 7082.0 -9999 29932.0 16649.0 -9999 -9999 4500.0 4500.0 19515.0 1350.0 31423.0 3369.0 27063.0 13854.0 14815.0 24311.0 0.0 12929.0 33170.0 14459.0 13550.0 11803.0 8676.0 301.0 2404.0 35366.0 23904.0 27813.0 27946.0 33680.0 25869.0 21470.0 31500.0 11502.0 -1.0 -9999 -9999 -9999 -9999 -9999 -9999 -9999 -9999 -9999 -9999 -9999 -9999 24604.0 27000.0 13500.0 -9999 -9999 -9999 -9999 -9999 -9999 -9999 5693.0 31835.0 9000.0 4500.0 7774.0 -9999 -9999 -9999 -9999 -9999
-9999 -9999 -9999 -9999 -9999 -9999 -9999 -9999 -9999 32019.0 616.0 5016.0 29891.0 21499.0 15668.0 -1.0 4104.0 5304.0 11104.0 2444.0 22500.0 28253.0 23759.0 23213.0 31500.0 27000.0 28843.0 713.0 9591.0 7596.0 27571.0 9318.0 29017.0 9533.0 9713.0 0.0 3554.0 20180.0 17366.0 19001.0 19595.0 -9999 -9999 -9999 -9999 -9999 -9999 -9999 -9999 -9999 -9999 -9999 -9999 -9999 -9999 -9999 -9999 -9999 -9999 -9999 -9999 23140.0 21120.0 9897.0 19504.0 27794.0 28018.0 6465.0 31940.0 13024.0 -9999 -9999 -9999 -9999
-9999 -9999 -9999 -9999 -9999 -9999 -9999 -9999 4305.0 9294.0 27677.0 25287.0 19288.0 17434.0 22590.0 12981.0 -9999 -9999 12470.0 25869.0 25405.0 21554.0 19873.0 19041.0 11502.0 29718.0 25035.0 16157.0 6186.0 29657.0 15483.0 1462.0 4500.0 -1.0 30247.0 6820.0 35187.0 15820.0 25728.0 15944.0 30625.0 34361.0 24762.0 -9999 -9999 -9999 -9999 -9999 -9999 -9999 -9999 -9999 -9999 -9999 -9999 -9999 -9999 -9999 -9999 -9999 -9999 -9999 -9999 13983.0 33890.0 20551.0 8924.0 25330.0 15594.0 7325.0 9930.0 -9999 -9999 -9999
-9999 -9999 -9999 -9999 -9999 -9999 -9999 -9999 -9999 -9999 -9999 -9999 -9999 -9999 -9999 4858.0 5475.0 -9999 -9999 -9999 -9999 -9999 -9999 34676.0 34361.0 22131.0 24480.0 23530.0 28404.0 15317.0 21311.0 440.0 22295.0 15095.0 4500.0 19404.0 27000.0 19932.0 9239.0 5720.0 6199.0 3554.0 27000.0 7869.0 5904.0 229.0 5549.0 3741.0 -9999 -9999 13976.0 -9999 -9999 -9999 -9999 -9999 -9999 -9999 -9999 -9999 -9999 29262.0 27936.0 29340.0 1209.0 30745.0 16713.0 15978.0 11993.0 16487.0 10759.0 8867.0 440.0 -9999
-9999 -9999 -9999 -9999 -9999 -9999 -9999 -9999 -9999 27000.0 33833.0 35248.0 8287.0 1843.0 32446.0 7386.0 30667.0 29535.0 4881.0 5213.0 10843.0 31500.0 10363.0 3470.0 5832.0 8287.0 25425.0 1595.0 20929.0 16307.0 25265.0 13043.0 20408.0 15343.0 33836.0 22940.0 23213.0 -1.0 11350.0 21430.0 26529.0 22315.0 25774.0 6680.0 21220.0 26481.0 19474.0 27813.0 25774.0 27000.0 -9999 -9999 -9999 -9999 -9999 -9999 -9999 31827.0 -9999 -9999 -9999 -9999 22500.0 18451.0 23904.0 27000.0 28619.0 9257.0 1693.0 23019.0 15233.0 13140.0 -9999 -9999
5346.0 -9999 -9999 -9999 -9999 -9999 -9999 -9999 -9999 -9999 -9999 28949.0 13924.0 6680.0 19689.0 17875.0 18432.0 17393.0 17340.0 21331.0 18974.0 18101.0 2010.0 33265.0 25339.0 22105.0 16596.0 20396.0 33064.0 4500.0 23213.0 0.0 34547.0 25307.0 26329.0 6159.0 27829.0 17054.0 16802.0 13251.0 16091.0 23397.0 32481.0 813.0 10507.0 -9999 4024.0 -9999 -9999 28493.0 -9999 -9999 -9999 -9999 -9999 -9999 21488.0 18655.0 4500.0 32860.0 31773.0 19944.0 -9999 27000.0 -9999 -9999 -9999 15707.0 -9999 8447.0 33224.0 9750.0 29546.0 9519.0
9225.0 6828.0 24637.0 7210.0 5153.0 7823.0 -9999 -9999 -9999 -9999 -9999 -9999 -9999 -9999 -9999 -9999 -9999 -9999 3161.0 33282.0 601.0 19843.0 28426.0 21929.0 7157.0 -1.0 10843.0 16157.0 22500.0 19209.0 6680.0 33095.0 2423.0 35860.0 9695.0 -9999 -9999 18555.0 19177.0 20286.0 23766.0 17543.0 18501.0 34841.0 -9999 27000.0 12765.0 24343.0 29320.0 -9999 -9999 -9999 -9999 -9999 -9999 31720.0 21929.0 25676.0 2180.0 6026.0 10595.0 11776.0 6654.0 -9999 -9999 -9999 -9999 27663.0 19913.0 13500.0 22500.0 -1.0 35094.0 19001.0
35839.0 23245.0 16381.0 20680.0 28018.0 6634.0 3400.0 25381.0 26543.0 35075.0 28404.0 3899.0 5850.0 1843.0 18286.0 6978.0 -9999 -9999 -9999 20320.0 15762.0 18759.0 -1.0 26481.0 24210.0 14014.0 7565.0 14146.0 15112.0 -9999 -9999 -9999 -9999 -9999 24820.0 18197.0 20645.0 18707.0 25028.0 -9999 -9999 -9999 -9999 -9999 -9999 -9999 -9999 9813.0 -9999 -9999 -9999 -9999 -9999 -9999 -9999 -9999 -9999 -9999 35481.0 13119.0 35771.0 30096.0 9759.0 -9999 -9999 -9999 -9999 -9999 32158.0 29415.0 32213.0 35597.0 25596.0 30187.0
35924.0 7397.0 14600.0 9191.0 19606.0 24707.0 19824.0 15585.0 13500.0 24245.0 -1.0 22500.0 5313.0 18946.0 3137.0 12733.0 1253.0 -9999 -9999 -9999 -9999 -9999 -9999 -9999 -9999 -9999 -9999 -9999 -9999 -9999 675.0 -9999 12741.0 -9999 -9999 -9999 31153.0 13500.0 9365.0 33343.0 -9999 -9999 -9999 -9999 -9999 -9999 -9999 -9999 -9999 -9999 -9999 -9999 -9999 -9999 -9999 -9999 28131.0 23953.0 23313.0 8727.0 -9999 -9999 -9999 -9999 -9999 -9999 -9999 31500.0 27497.0 35903.0 11252.0 33007.0 14291.0 6585.0
27748.0 33026.0 19976.0 22324.0 16655.0 35223.0 15343.0 1339.0 1765.0 34245.0 24542.0 20320.0 12255.0 8153.0 -9999 -9999 -9999 -9999 -9999 -9999 -9999 -9999 -9999 -9999 -9999 -9999 26972.0 13500.0 -9999 -9999 -9999 -9999 -9999 11948.0 10810.0 10131.0 4773.0 8688.0 2225.0 7762.0 28843.0 35329.0 684.0 1462.0 28131.0 -9999 -9999 -9999 22500.0 -9999 -9999 -9999 -9999 -9999 -9999 -9999 19693.0 -9999 -9999 15150.0 4500.0 27755.0 -9999 -9999 0.0 30391.0 33769.0 19260.0 15708.0 4364.0 21369.0 13119.0 1131.0 29700.0
18000.0 8536.0 27634.0 23096.0 31997.0 18843.0 4760.0 19843.0 31524.0 25405.0 31065.0 31127.0 7999.0 27699.0 19163.0 30554.0 7091.0 33850.0 5166.0 32680.0 1998.0 12603.0 33449.0 11243.0 24245.0 3398.0 5071.0 2137.0 7095.0 3994.0 -9999 14974.0 -9999 29334.0 19044.0 24896.0 27249.0 10710.0 29657.0 18897.0 16157.0 35771.0 10253.0 27695.0 14213.0 8678.0 13720.0 843.0 33052.0 0.0 7869.0 32953.0 8560.0 27286.0 29296.0 440.0 8673.0 15680.0 5631.0 26663.0 35771.0 -9999 -9999 -9999 32162.0 21657.0 29645.0 24191.0 24117.0 2974.0 9229.0 2717.0 8619.0 3548.0
27591.0 31500.0 20388.0 14071.0 20965.0 12283.0 10972.0 11674.0 5407.0 8658.0 3170.0 23989.0 26694.0 19877.0 3048.0 2478.0 9119.0 14243.0 6863.0 7157.0 14681.0 11571.0 4647.0 4500.0 31280.0 13500.0 946.0 15343.0 33401.0 634.0 25346.0 23562.0 11678.0 34065.0 18177.0 -1.0 10493.0 2657.0 2525.0 -1.0 8187.0 11085.0 6725.0 9091.0 29850.0 27497.0 5684.0 4818.0 33839.0 29320.0 27301.0 440.0 7307.0 31500.0 33604.0 5904.0 32397.0 13500.0 5904.0 29137.0 34056.0 35429.0 14134.0 7811.0 14788.0 26901.0 19195.0 1552.0 13881.0 17438.0 22976.0 25827.0 4339.0 22500.0
-1.0 -1.0 -1.0 2396.0 1843.0 11657.0 25157.0 16547.0 7596.0 15199.0 23666.0 15962.0 9866.0 7802.0 9553.0 27519.0 16393.0 31940.0 28998.0 31458.0 22148.0 19131.0 21522.0 13562.0 29520.0 2818.0 8352.0 30038.0 9000.0 4500.0 16780.0 7157.0 24316.0 16200.0 25212.0 12780.0 27713.0 3247.0 27358.0 8235.0 1131.0 24680.0 1272.0 31199.0 31500.0 22500.0 7720.0 25869.0 4500.0 -1.0 12866.0 32213.0 7157.0 31500.0 713.0 13500.0 6970.0 28607.0 26718.0 31500.0 16596.0 6397.0 2283.0 32631.0 22749.0 10595.0 -1.0 10155.0 26049.0 33343.0 6717.0 5046.0 20384.0 25914.0
-1.0 -1.0 -1.0 -1.0 -1.0 -1.0 -1.0 -1.0 21554.0 22500.0 32854.0 26650.0 33731.0 571.0 10557.0 4729.0 27000.0 14875.0 25298.0 20038.0 28071.0 27348.0 11747.0 13500.0 12852.0 11803.0 16002.0 31712.0 6035.0 34547.0 3787.0 30030.0 29495.0 7483.0 6353.0 26269.0 -1.0 21369.0 23530.0 6944.0 33274.0 27476.0 30247.0 6343.0 4500.0 -1.0 -1.0 7951.0 7999.0 29657.0 9000.0 2197.0 20180.0 18000.0 15210.0 -1.0 8619.0 -1.0 30411.0 13940.0 34768.0 20423.0 3103.0 28175.0 27875.0 6343.0 9000.0 4500.0 24738.0 22173.0 7999.0 3554.0 31847.0 14158.0
-1.0 -1.0 -1.0 -1.0 -1.0 -1.0 -1.0 27000.0 28843.0 18000.0 28670.0 17287.0 26938.0 20137.0 31612.0 3247.0 29056.0 27755.0 30981.0 32530.0 7511.0 31500.0 32904.0 16020.0 3096.0 12096.0 26853.0 33556.0 9000.0 6457.0 30718.0 5904.0 11061.0 9372.0 15026.0 14436.0 27353.0 11238.0 20137.0 3554.0 6343.0 11056.0 14446.0 5709.0 10843.0 3866.0 5904.0 -1.0 -1.0 -1.0 -1.0 0.0 -1.0 4500.0 11657.0 21956.0 23213.0 30470.0 34097.0 3566.0 17946.0 9000.0 22500.0 24556.0 24490.0 6323.0 7596.0 10291.0 25762.0 -1.0 8187.0 8187.0 26676.0 6585.0
1827.0 7921.0 -1.0 25808.0 16869.0 2657.0 29905.0 20657.0 34157.0 4500.0 25999.0 22940.0 23518.0 14365.0 27127.0 6498.0 1324.0 -1.0 28173.0 23044.0 -1.0 -1.0 22182.0 26751.0 12723.0 15577.0 12201.0 14631.0 25701.0 9440.0 33748.0 6064.0 9000.0 11320.0 3499.0 13500.0 13500.0 20363.0 11305.0 -1.0 7361.0 16869.0 9571.0 14799.0 26902.0 7405.0 35481.0 0.0 0.0 6343.0 25938.0 -1.0 27000.0 33343.0 5313.0 4500.0 22500.0 -1.0 27000.0 17803.0 34596.0 23631.0 10108.0 33680.0 27000.0 25157.0 24918.0 12280.0 11590.0 26718.0 24095.0 22500.0 23213.0 26688.0
15465.0 -1.0 34071.0 2154.0 5659.0 -1.0 -1.0 30096.0 27291.0 22500.0 15046.0 14117.0 12842.0 21929.0 24850.0 31500.0 -1.0 7791.0 -1.0 27679.0 6820.0 -1.0 4060.0 3787.0 -1.0 33637.0 5824.0 3096.0 11657.0 28678.0 24498.0 10906.0 9612.0 6680.0 928.0 12981.0 29920.0 2225.0 23313.0 11225.0 16002.0 11657.0 31500.0 3096.0 -1.0 23313.0 25741.0 24498.0 34869.0 31500.0 27000.0 6896.0 7255.0 22500.0 21369.0 25676.0 6343.0 4500.0 7701.0 21866.0 -1.0 8265.0 1102.0 4500.0 14799.0 28404.0 -1.0 21687.0 31500.0 10793.0 10693.0 27440.0 11839.0 25869.0
29905.0 23213.0 28814.0 22500.0 14984.0 24639.0 7228.0 22625.0 -1.0 -1.0 18301.0 19843.0 13142.0 31500.0 18519.0 23530.0 17461.0 19474.0 12369.0 18000.0 25596.0 -1.0 31500.0 21470.0 13303.0 18713.0 22500.0 9501.0 32753.0 24343.0 10843.0 15661.0 684.0 35366.0 27634.0 31500.0 5753.0 12096.0 29657.0 31500.0 9677.0 23259.0 28843.0 19585.0 19041.0 12369.0 13500.0 20657.0 27946.0 11300.0 3981.0 17800.0 21247.0 22647.0 18835.0 6592.0 -1.0 28253.0 -1.0 -1.0 5171.0 25839.0 32792.0 30837.0 10526.0 8300.0 7908.0 27256.0 12866.0 -1.0 -1.0 27987.0 22119.0 8788.0
26393.0 30096.0 20269.0 20175.0 3554.0 26560.0 8560.0 7869.0 13227.0 -1.0 28619.0 5989.0 10843.0 23071.0 13206.0 33635.0 13500.0 10843.0 28749.0 24585.0 29830.0 27634.0 17803.0 22500.0 18000.0 8727.0 10078.0 19843.0 6012.0 25157.0 8560.0 9721.0 27000.0 13500.0 29320.0 13500.0 28159.0 10404.0 11073.0 23019.0 7203.0 11830.0 15146.0 -1.0 19843.0 -1.0 22500.0 -1.0 30473.0 8366.0 28131.0 2396.0 19474.0 18000.0 15284.0 13500.0 -1.0 13500.0 32904.0 8591.0 8103.0 20320.0 -1.0 20905.0 20070.0 20905.0 24680.0 8257.0 21787.0 23993.0 26287.0 4500.0 9000.0 16330.0
7330.0 13500.0 4500.0 4881.0 5874.0 4652.0 27000.0 32753.0 8245.0 -1.0 22909.0 31500.0 32657.0 4500.0 13295.0 14904.0 12554.0 25999.0 25064.0 15235.0 13500.0 24680.0 23313.0 17301.0 32006.0 15522.0 29485.0 24896.0 16543.0 13500.0 6314.0 28843.0 4500.0 -1.0 -1.0 813.0 -1.0 16056.0 17399.0 4964.0 18301.0 14586.0 29928.0 946.0 6514.0 4500.0 7157.0 33224.0 12554.0 17412.0 13500.0 19131.0 6343.0 14850.0 9978.0 25701.0 -1.0 28049.0 7157.0 11657.0 13673.0 3201.0 10843.0 6343.0 27571.0 6762.0 7643.0 2657.0 -9999 2320.0 27143.0 19639.0 16596.0 25282.0
0.0 27000.0 12594.0 25053.0 22957.0 15820.0 13500.0 27000.0 26138.0 9207.0 10404.0 21470.0 25282.0 11872.0 17031.0 12470.0 18813.0 28299.0 14259.0 35688.0 30498.0 15314.0 26481.0 24896.0 20379.0 21616.0 27023.0 26979.0 20905.0 3687.0 22500.0 -1.0 12929.0 12669.0 -1.0 -1.0 31500.0 35771.0 10131.0 6343.0 27813.0 4500.0 26262.0 28404.0 11830.0 28909.0 7869.0 7970.0 22450.0 -1.0 31500.0 29582.0 27175.0 25538.0 9000.0 28724.0 8788.0 6820.0 12866.0 18000.0 11780.0 25324.0 26676.0 25127.0 22300.0 -1.0 4500.0 8342.0 2807.0 -1.0 0.0 0.0 29657.0 6984.0
14213.0 18381.0 27409.0 11238.0 29478.0 29320.0 -1.0 6556.0 2180.0 2974.0 11320.0 7869.0 20905.0 -1.0 26663.0 19843.0 11283.0 22500.0 24343.0 13500.0 25701.0 24532.0 26708.0 28052.0 29877.0 28526.0 23648.0 31630.0 11320.0 25596.0 17054.0 22766.0 -1.0 32824.0 33170.0 10843.0 -1.0 9946.0 -1.0 8054.0 -1.0 31251.0 18000.0 6556.0 7157.0 19131.0 9000.0 1843.0 -1.0 -1.0 13633.0 17699.0 9000.0 12899.0 35187.0 9773.0 12554.0 -1.0 29721.0 16361.0 35275.0 22976.0 14019.0 3687.0 31500.0 6680.0 28843.0 8699.0 28131.0 6210.0 29056.0 -1.0 23291.0 21264.0
16596.0 0.0 31940.0 35329.0 23446.0 20974.0 25436.0 -1.0 35751.0 31500.0 9000.0 6680.0 -1.0 -1.0 25157.0 19299.0 6026.0 19571.0 24210.0 29974.0 6944.0 4500.0 23313.0 9000.0 0.0 18713.0 17963.0 17286.0 33896.0 19843.0 27381.0 12161.0 27000.0 26699.0 12554.0 -1.0 27634.0 7287.0 11543.0 0.0 4500.0 0.0 28965.0 11718.0 16381.0 -1.0 634.0 0.0 -1.0 1843.0 26642.0 7774.0 13500.0 23904.0 6717.0 14184.0 33220.0 -1.0 27663.0 22326.0 3787.0 7157.0 19843.0 19564.0 21438.0 16643.0 21741.0 11180.0 21291.0 9000.0 -1.0 10843.0 -9999 -9999
31340.0 31071.0 13924.0 3137.0 32213.0 5689.0 802.0 3741.0 20657.0 24522.0 16701.0 13500.0 10404.0 9000.0 9000.0 -1.0 -1.0 19131.0 17663.0 10404.0 31500.0 26103.0 16164.0 -1.0 13474.0 31500.0 -1.0 22500.0 13163.0 30096.0 1526.0 6625.0 2104.0 -1.0 25157.0 8366.0 7802.0 2657.0 24343.0 1131.0 6343.0 13500.0 -1.0 28131.0 8366.0 14656.0 -1.0 10940.0 -1.0 5631.0 23817.0 10843.0 13500.0 10843.0 18000.0 16064.0 -1.0 31500.0 28843.0 25157.0 31500.0 24460.0 10339.0 9000.0 -1.0 -1.0 30096.0 7157.0 8366.0 9000.0 -9999 -9999 -9999 -9999
27000.0 19171.0 -1.0 11145.0 11320.0 25565.0 12603.0 11396.0 27813.0 29535.0 13500.0 28710.0 9000.0 13500.0 18000.0 21866.0 -1.0 -1.0 -1.0 -1.0 -1.0 23259.0 0.0 28030.0 -1.0 12859.0 32904.0 25869.0 28843.0 13500.0 7135.0 15071.0 4295.0 31500.0 24762.0 13500.0 32313.0 5375.0 9553.0 8853.0 6680.0 1131.0 22500.0 10131.0 18000.0 22500.0 6704.0 19404.0 24245.0 31500.0 22500.0 6026.0 29180.0 -1.0 12899.0 15343.0 11238.0 11948.0 32313.0 30554.0 10980.0 9212.0 -1.0 -1.0 28843.0 14631.0 20320.0 26481.0 -9999 -1.0 -9999 -9999 -9999 -9999
5904.0 25030.0 26287.0 19526.0 13881.0 17084.0 11363.0 -1.0 27813.0 15680.0 19843.0 23709.0 20790.0 -1.0 -1.0 -1.0 -1.0 -1.0 -1.0 35845.0 -1.0 31500.0 31909.0 32904.0 25157.0 25596.0 17054.0 3554.0 22500.0 23184.0 32213.0 6161.0 29444.0 10943.0 -1.0 7596.0 8619.0 10753.0 4500.0 4500.0 0.0 24944.0 16157.0 13500.0 30096.0 -1.0 11056.0 32904.0 0.0 31500.0 25834.0 12687.0 5446.0 -1.0 31500.0 16381.0 16869.0 20830.0 7035.0 20320.0 -1.0 7157.0 28404.0 2735.0 17481.0 15170.0 10843.0 -1.0 -9999 -9999 -9999 -9999 -9999 -9999
4739.0 10745.0 32403.0 9185.0 31801.0 8788.0 5646.0 15625.0 5446.0 29657.0 -1.0 -1.0 -1.0 -1.0 -1.0 -1.0 -1.0 -1.0 27000.0 9000.0 9381.0 22500.0 24480.0 28843.0 20657.0 28639.0 14382.0 27813.0 25869.0 22315.0 7405.0 34157.0 15465.0 24680.0 27946.0 15610.0 28526.0 31500.0 4500.0 7982.0 9000.0 27000.0 10390.0 35054.0 24556.0 0.0 12096.0 11444.0 -1.0 -1.0 26187.0 1843.0 27057.0 17560.0 3787.0 13500.0 9301.0 8187.0 5824.0 19759.0 16622.0 3687.0 8388.0 35399.0 813.0 22119.0 7157.0 -9999 -9999 -9999 -9999 -9999 -9999 -9999
31964.0 3922.0 4837.0 11546.0 9381.0 25157.0 12369.0 6604.0 695.0 32578.0 6210.0 8751.0 13881.0 34701.0 8815.0 28682.0 7970.0 7869.0 5904.0 9381.0 27000.0 9813.0 -1.0 30369.0 11657.0 4500.0 23791.0 20490.0 27519.0 34405.0 5288.0 26054.0 20180.0 31997.0 3596.0 -1.0 19272.0 21355.0 25999.0 4024.0 8366.0 -1.0 -1.0 13500.0 13500.0 21554.0 21687.0 12787.0 22318.0 34747.0 10131.0 11137.0 -1.0 7596.0 29657.0 1940.0 9953.0 9440.0 7818.0 9000.0 9519.0 20104.0 6820.0 11905.0 17619.0 10639.0 -9999 -9999 -9999 -9999 -9999 -9999 -9999 -9999
