KEPLER/2.4/binaries/lib/outreach-2.3.0/workflows/data/garp/NA_ASC/h_dem.asc
nrows  200
ncols  400
xllcorner  -179.99962860149
yllcorner  6.7208489478326
cellsize  0.4
NODATA_value  -9999
[rows 34 to 67 of 200, columns 154 to 230 of 400]
274.0 159.0 176.0 156.0 -9999 -9999 -9999 2.0 41.0 161.0 114.0 0.0 -9999 -9999 -9999 -9999 -9999 -9999 -9999 -9999 -9999 -9999 -9999 -9999 -9999 -9999 0.0 188.0 14.0 30.0 0.0 1.0 80.0 74.0 5.0 -9999 -9999 -9999 -9999 -9999 -9999 -9999 -9999 -9999 -9999 1.0 27.0 107.0 152.0 185.0 161.0 -9999 -9999 -9999 -9999 -9999 -9999 69.0 304.0 381.0 304.0 305.0 247.0 304.0 305.0 232.0 194.0 76.0 -9999 -9999 -9999 -9999 -9999 -9999 188.0 305.0 324.0
20.0 -9999 6.0 152.0 25.0 152.0 158.0 218.0 285.0 177.0 99.0 -9999 0.0 18.0 133.0 168.0 67.0 13.0 -9999 -9999 -9999 168.0 156.0 -9999 -9999 -9999 95.0 252.0 237.0 154.0 122.0 66.0 13.0 -9999 -9999 -9999 -9999 -9999 -9999 -9999 20.0 69.0 8.0 -9999 -9999 -9999 15.0 97.0 80.0 23.0 15.0 303.0 6.0 0.0 282.0 -9999 -9999 16.0 231.0 7.0 202.0 103.0 15.0 -9999 125.0 160.0 -9999 -9999 -9999 -9999 -9999 -9999 -9999 79.0 269.0 212.0 155.0
-9999 8.0 64.0 152.0 151.0 141.0 153.0 109.0 244.0 152.0 153.0 130.0 174.0 207.0 232.0 159.0 136.0 155.0 304.0 294.0 304.0 151.0 152.0 278.0 50.0 -9999 -9999 25.0 139.0 219.0 155.0 213.0 108.0 26.0 -9999 -9999 -9999 -9999 -9999 -9999 -9999 -9999 -9999 -9999 2.0 18.0 37.0 75.0 58.0 53.0 55.0 37.0 116.0 91.0 86.0 -9999 -9999 -9999 115.0 313.0 263.0 163.0 -9999 -9999 -9999 -9999 -9999 -9999 -9999 -9999 -9999 -9999 212.0 174.0 152.0 155.0 167.0
180.0 230.0 262.0 251.0 205.0 304.0 305.0 300.0 274.0 246.0 445.0 500.0 326.0 261.0 370.0 312.0 205.0 382.0 319.0 317.0 340.0 417.0 308.0 140.0 153.0 9.0 -9999 -9999 1.0 58.0 139.0 159.0 106.0 36.0 -9999 -9999 -9999 -9999 -9999 -9999 -9999 -9999 -9999 -9999 -9999 -9999 2.0 7.0 18.0 40.0 6.0 141.0 102.0 41.0 1.0 -9999 -9999 -9999 21.0 152.0 -9999 -9999 -9999 -9999 -9999 -9999 -9999 -9999 -9999 -9999 -9999 13.0 180.0 182.0 238.0 213.0 244.0
-9999 151.0 -9999 156.0 149.0 -9999 -9999 0.0 0.0 299.0 288.0 246.0 308.0 305.0 214.0 173.0 260.0 283.0 319.0 260.0 298.0 275.0 208.0 148.0 60.0 46.0 10.0 9.0 16.0 34.0 50.0 66.0 104.0 88.0 31.0 0.0 -9999 -9999 -9999 -9999 -9999 -9999 -9999 -9999 -9999 -9999 -9999 -9999 11.0 6.0 5.0 -9999 -9999 -9999 -9999 -9999 -9999 -9999 205.0 216.0 152.0 141.0 11.0 -9999 -9999 -9999 -9999 -9999 -9999 -9999 -9999 4.0 113.0 152.0 196.0 213.0 182.0
-9999 -9999 -9999 146.0 56.0 96.0 315.0 289.0 215.0 149.0 326.0 212.0 244.0 201.0 233.0 267.0 347.0 267.0 303.0 305.0 297.0 205.0 176.0 154.0 100.0 74.0 48.0 51.0 36.0 115.0 36.0 26.0 39.0 38.0 14.0 -9999 -9999 -9999 -9999 -9999 -9999 -9999 -9999 -9999 -9999 -9999 -9999 -9999 -9999 -9999 -9999 -9999 -9999 -9999 -9999 71.0 167.0 27.0 305.0 304.0 342.0 305.0 135.0 28.0 -9999 -9999 -9999 -9999 -9999 -9999 -9999 -9999 -9999 -9999 -9999 -9999 -9999
-9999 -9999 152.0 150.0 176.0 213.0 190.0 79.0 89.0 29.0 -9999 -9999 50.0 15.0 120.0 148.0 182.0 168.0 176.0 217.0 249.0 183.0 188.0 167.0 145.0 137.0 146.0 122.0 152.0 122.0 110.0 122.0 113.0 139.0 91.0 73.0 16.0 -9999 -9999 -9999 -9999 -9999 -9999 -9999 -9999 -9999 -9999 -9999 -9999 -9999 -9999 -9999 -9999 -9999 -9999 -9999 -9999 144.0 365.0 448.0 414.0 534.0 377.0 302.0 172.0 -9999 -9999 -9999 -9999 -9999 -9999 -9999 -9999 -9999 62.0 90.0 142.0
-9999 -9999 -9999 -9999 -9999 -9999 -9999 -9999 -9999 17.0 62.0 -9999 -9999 -9999 -9999 -9999 -9999 12.0 14.0 61.0 82.0 108.0 152.0 179.0 148.0 179.0 185.0 149.0 144.0 182.0 114.0 168.0 118.0 177.0 122.0 82.0 76.0 58.0 42.0 39.0 15.0 2.0 -9999 -9999 -9999 -9999 -9999 -9999 -9999 -9999 -9999 -9999 -9999 -9999 -9999 70.0 182.0 213.0 182.0 354.0 314.0 264.0 250.0 369.0 232.0 259.0 7.0 -9999 -9999 -9999 -9999 -9999 -9999 -9999 -9999 -9999 12.0
-9999 -9999 -9999 89.0 131.0 190.0 235.0 244.0 244.0 264.0 284.0 358.0 294.0 274.0 211.0 211.0 287.0 195.0 163.0 116.0 110.0 119.0 111.0 115.0 91.0 65.0 86.0 101.0 121.0 122.0 146.0 123.0 183.0 152.0 63.0 69.0 64.0 38.0 55.0 32.0 14.0 29.0 30.0 21.0 -9999 -9999 -9999 -9999 -9999 -9999 -9999 17.0 -9999 -9999 -9999 -9999 6.0 71.0 123.0 122.0 138.0 121.0 58.0 67.0 122.0 98.0 -9999 -9999 -9999 -9999 -9999 -9999 -9999 -9999 -9999 -9999 -9999
-9999 -9999 -9999 -9999 -9999 56.0 123.0 118.0 152.0 195.0 118.0 169.0 194.0 187.0 258.0 244.0 183.0 205.0 178.0 138.0 162.0 138.0 146.0 138.0 111.0 122.0 134.0 113.0 122.0 25.0 56.0 11.0 15.0 30.0 33.0 11.0 82.0 30.0 7.0 -9999 4.0 -9999 -9999 19.0 -9999 -9999 -9999 -9999 -9999 -9999 13.0 28.0 24.0 52.0 10.0 15.0 -9999 30.0 -9999 -9999 -9999 121.0 -9999 48.0 53.0 147.0 105.0 40.0 76.0 60.0 -9999 -9999 -9999 -9999 -9999 -9999 -9999
-9999 -9999 -9999 -9999 -9999 -9999 -9999 -9999 -9999 -9999 -9999 -9999 7.0 30.0 88.0 93.0 132.0 170.0 110.0 105.0 124.0 149.0 82.0 125.0 179.0 192.0 187.0 148.0 68.0 -9999 -9999 38.0 60.0 39.0 25.0 30.0 32.0 51.0 -9999 53.0 42.0 30.0 10.0 -9999 -9999 -9999 -9999 -9999 -9999 6.0 15.0 44.0 68.0 89.0 67.0 30.0 2.0 -9999 -9999 -9999 -9999 31.0 51.0 8.0 97.0 90.0 121.0 213.0 212.0 3.0 -9999 -9999 -9999 66.0 -9999 -9999 -9999
264.0 187.0 203.0 182.0 121.0 91.0 62.0 85.0 97.0 61.0 -9999 -9999 -9999 25.0 76.0 112.0 122.0 149.0 151.0 74.0 43.0 53.0 30.0 -9999 -9999 -9999 -9999 -9999 47.0 178.0 114.0 118.0 43.0 -9999 -9999 -9999 -9999 -9999 -9999 -9999 -9999 13.0 -9999 -9999 -9999 -9999 -9999 -9999 -9999 -9999 -9999 -9999 30.0 24.0 52.0 68.0 15.0 -9999 -9999 -9999 -9999 -9999 15.0 10.0 28.0 254.0 182.0 274.0 149.0 36.0 -9999 10.0 46.0 85.0 152.0 140.0 22.0
295.0 237.0 238.0 262.0 237.0 237.0 214.0 152.0 64.0 46.0 14.0 -9999 -9999 -9999 -9999 -9999 -9999 -9999 -9999 -9999 -9999 -9999 -9999 -9999 4.0 -9999 26.0 -9999 -9999 -9999 91.0 51.0 52.0 28.0 -9999 -9999 -9999 -9999 -9999 -9999 -9999 -9999 -9999 -9999 -9999 -9999 -9999 -9999 -9999 -9999 13.0 15.0 30.0 24.0 -9999 -9999 -9999 -9999 -9999 -9999 -9999 30.0 44.0 60.0 122.0 202.0 243.0 239.0 158.0 118.0 30.0 30.0 121.0 91.0 79.0 -9999 38.0
251.0 192.0 162.0 121.0 110.0 91.0 121.0 23.0 -9999 -9999 -9999 -9999 -9999 -9999 -9999 -9999 -9999 -9999 -9999 -9999 98.0 14.0 -9999 -9999 -9999 -9999 -9999 122.0 158.0 116.0 104.0 94.0 79.0 55.0 76.0 51.0 30.0 44.0 30.0 -9999 -9999 -9999 2.0 -9999 -9999 -9999 -9999 -9999 -9999 -9999 35.0 -9999 -9999 17.0 24.0 52.0 -9999 -9999 54.0 32.0 92.0 124.0 87.0 215.0 274.0 255.0 177.0 301.0 174.0 246.0 216.0 121.0 172.0 216.0 280.0 79.0 -9999
454.0 396.0 274.0 274.0 341.0 303.0 272.0 194.0 394.0 365.0 288.0 350.0 329.0 365.0 396.0 262.0 231.0 305.0 319.0 198.0 304.0 301.0 268.0 60.0 -9999 60.0 -9999 70.0 183.0 183.0 175.0 162.0 145.0 145.0 122.0 113.0 146.0 75.0 88.0 79.0 91.0 37.0 44.0 61.0 60.0 47.0 52.0 61.0 35.0 35.0 39.0 37.0 52.0 23.0 16.0 0.0 -9999 -9999 120.0 131.0 102.0 74.0 134.0 202.0 299.0 274.0 271.0 263.0 287.0 353.0 301.0 205.0 349.0 277.0 355.0 305.0 143.0
300.0 249.0 315.0 457.0 387.0 305.0 426.0 426.0 413.0 448.0 472.0 470.0 446.0 416.0 459.0 326.0 425.0 377.0 450.0 287.0 302.0 371.0 294.0 304.0 60.0 213.0 140.0 90.0 225.0 213.0 207.0 187.0 184.0 184.0 166.0 142.0 161.0 147.0 126.0 112.0 112.0 89.0 91.0 121.0 97.0 93.0 87.0 97.0 92.0 80.0 35.0 90.0 82.0 58.0 33.0 17.0 30.0 17.0 13.0 170.0 283.0 247.0 247.0 139.0 246.0 183.0 304.0 331.0 353.0 369.0 356.0 359.0 334.0 396.0 248.0 300.0 261.0
315.0 317.0 304.0 310.0 384.0 341.0 296.0 353.0 309.0 379.0 434.0 541.0 478.0 529.0 559.0 481.0 460.0 437.0 432.0 413.0 411.0 372.0 317.0 305.0 305.0 309.0 252.0 101.0 135.0 295.0 195.0 212.0 265.0 260.0 210.0 192.0 182.0 163.0 175.0 176.0 155.0 154.0 157.0 152.0 151.0 166.0 158.0 148.0 134.0 147.0 151.0 134.0 137.0 146.0 94.0 50.0 98.0 64.0 148.0 287.0 305.0 347.0 227.0 309.0 301.0 289.0 234.0 266.0 307.0 366.0 446.0 383.0 411.0 304.0 282.0 235.0 305.0
156.0 156.0 304.0 304.0 335.0 411.0 435.0 515.0 423.0 330.0 311.0 341.0 333.0 359.0 401.0 550.0 535.0 511.0 435.0 432.0 441.0 479.0 335.0 332.0 309.0 333.0 385.0 173.0 54.0 304.0 305.0 298.0 303.0 238.0 257.0 245.0 248.0 217.0 197.0 179.0 176.0 169.0 159.0 162.0 159.0 228.0 177.0 154.0 156.0 152.0 149.0 152.0 157.0 150.0 141.0 140.0 109.0 200.0 165.0 296.0 305.0 307.0 296.0 358.0 354.0 304.0 296.0 302.0 315.0 267.0 312.0 380.0 364.0 304.0 304.0 310.0 259.0
156.0 298.0 304.0 305.0 311.0 382.0 439.0 506.0 488.0 346.0 315.0 364.0 458.0 518.0 515.0 450.0 589.0 485.0 392.0 514.0 556.0 568.0 570.0 458.0 349.0 386.0 437.0 345.0 305.0 321.0 284.0 290.0 276.0 241.0 297.0 270.0 251.0 233.0 202.0 179.0 160.0 153.0 153.0 156.0 150.0 150.0 150.0 150.0 152.0 147.0 103.0 148.0 105.0 66.0 162.0 159.0 153.0 156.0 259.0 317.0 306.0 296.0 307.0 305.0 307.0 303.0 319.0 270.0 0.0 146.0 -9999 9.0 -9999 156.0 299.0 220.0 199.0
289.0 300.0 304.0 305.0 356.0 407.0 459.0 423.0 489.0 506.0 551.0 446.0 485.0 551.0 443.0 443.0 468.0 496.0 525.0 492.0 445.0 511.0 547.0 525.0 417.0 472.0 343.0 316.0 304.0 304.0 305.0 299.0 324.0 305.0 300.0 297.0 253.0 210.0 223.0 183.0 179.0 184.0 164.0 181.0 161.0 169.0 169.0 181.0 158.0 155.0 167.0 152.0 155.0 152.0 144.0 158.0 153.0 155.0 173.0 191.0 231.0 277.0 276.0 276.0 305.0 306.0 251.0 304.0 305.0 306.0 305.0 515.0 292.0 -9999 -9999 -9999 108.0
213.0 308.0 267.0 302.0 330.0 316.0 346.0 370.0 425.0 533.0 532.0 480.0 446.0 498.0 443.0 443.0 475.0 490.0 509.0 505.0 497.0 461.0 440.0 499.0 470.0 437.0 322.0 309.0 397.0 313.0 304.0 277.0 279.0 300.0 240.0 219.0 205.0 192.0 187.0 197.0 209.0 180.0 187.0 192.0 166.0 181.0 181.0 176.0 134.0 195.0 152.0 152.0 120.0 147.0 152.0 147.0 197.0 152.0 156.0 152.0 152.0 169.0 186.0 233.0 225.0 261.0 247.0 294.0 273.0 216.0 283.0 315.0 358.0 223.0 310.0 191.0 29.0
295.0 254.0 213.0 305.0 283.0 303.0 312.0 305.0 344.0 392.0 445.0 514.0 483.0 474.0 482.0 441.0 445.0 448.0 465.0 470.0 472.0 468.0 461.0 407.0 428.0 397.0 340.0 361.0 344.0 356.0 323.0 305.0 303.0 308.0 292.0 285.0 305.0 276.0 195.0 157.0 159.0 151.0 152.0 176.0 161.0 102.0 81.0 93.0 101.0 143.0 76.0 76.0 75.0 75.0 116.0 132.0 167.0 200.0 147.0 83.0 137.0 61.0 103.0 152.0 152.0 157.0 148.0 156.0 145.0 153.0 141.0 158.0 167.0 220.0 181.0 117.0 118.0
444.0 312.0 258.0 213.0 285.0 304.0 305.0 305.0 276.0 342.0 364.0 418.0 450.0 451.0 472.0 496.0 453.0 429.0 429.0 446.0 447.0 416.0 400.0 372.0 372.0 369.0 427.0 411.0 365.0 346.0 371.0 328.0 336.0 318.0 305.0 298.0 225.0 149.0 151.0 148.0 152.0 148.0 237.0 158.0 158.0 159.0 156.0 96.0 116.0 152.0 154.0 154.0 97.0 77.0 45.0 6.0 2.0 4.0 30.0 19.0 23.0 22.0 30.0 67.0 72.0 94.0 86.0 100.0 152.0 73.0 22.0 6.0 51.0 152.0 153.0 52.0 -9999
307.0 316.0 232.0 213.0 247.0 241.0 299.0 269.0 305.0 306.0 313.0 366.0 356.0 366.0 429.0 457.0 457.0 424.0 424.0 452.0 438.0 431.0 401.0 368.0 389.0 373.0 380.0 366.0 366.0 363.0 342.0 352.0 333.0 391.0 315.0 300.0 178.0 183.0 238.0 169.0 158.0 242.0 305.0 250.0 165.0 153.0 139.0 159.0 151.0 153.0 135.0 167.0 115.0 155.0 87.0 165.0 32.0 6.0 24.0 14.0 7.0 2.0 -9999 4.0 -9999 13.0 14.0 21.0 44.0 8.0 1.0 0.0 -9999 -9999 -9999 -9999 -9999
265.0 265.0 288.0 258.0 157.0 192.0 260.0 239.0 289.0 287.0 307.0 310.0 323.0 365.0 426.0 458.0 463.0 468.0 511.0 493.0 527.0 478.0 582.0 447.0 380.0 379.0 384.0 379.0 364.0 363.0 357.0 382.0 319.0 307.0 209.0 224.0 242.0 309.0 309.0 308.0 196.0 276.0 269.0 235.0 235.0 305.0 257.0 295.0 233.0 177.0 178.0 156.0 105.0 86.0 147.0 119.0 129.0 173.0 121.0 112.0 106.0 56.0 26.0 13.0 8.0 0.0 19.0 33.0 0.0 -9999 -9999 -9999 -9999 -9999 -9999 -9999 -9999
275.0 269.0 265.0 268.0 241.0 159.0 162.0 156.0 193.0 306.0 275.0 305.0 306.0 304.0 320.0 351.0 497.0 509.0 504.0 364.0 421.0 337.0 312.0 311.0 333.0 374.0 359.0 395.0 388.0 378.0 354.0 330.0 326.0 322.0 220.0 280.0 313.0 312.0 316.0 274.0 239.0 235.0 235.0 235.0 297.0 301.0 308.0 308.0 305.0 214.0 154.0 149.0 139.0 154.0 147.0 115.0 126.0 96.0 154.0 131.0 118.0 103.0 51.0 80.0 20.0 47.0 90.0 163.0 119.0 4.0 -9999 -9999 -9999 -9999 -9999 -9999 -9999
217.0 272.0 289.0 305.0 272.0 191.0 156.0 157.0 157.0 200.0 244.0 227.0 295.0 274.0 301.0 305.0 317.0 304.0 156.0 301.0 156.0 199.0 306.0 156.0 310.0 312.0 316.0 337.0 351.0 355.0 358.0 387.0 353.0 315.0 254.0 307.0 357.0 312.0 300.0 288.0 304.0 240.0 236.0 236.0 291.0 299.0 272.0 301.0 244.0 166.0 156.0 101.0 167.0 148.0 154.0 158.0 95.0 97.0 95.0 106.0 55.0 81.0 57.0 41.0 2.0 1.0 -9999 -9999 0.0 -9999 -9999 -9999 -9999 -9999 -9999 -9999 -9999
376.0 194.0 202.0 229.0 210.0 200.0 169.0 156.0 156.0 156.0 156.0 208.0 212.0 199.0 213.0 277.0 156.0 156.0 156.0 303.0 304.0 340.0 307.0 306.0 326.0 354.0 377.0 377.0 380.0 374.0 357.0 333.0 340.0 323.0 313.0 304.0 302.0 305.0 309.0 291.0 282.0 267.0 266.0 268.0 293.0 257.0 258.0 249.0 209.0 169.0 149.0 153.0 151.0 152.0 152.0 149.0 89.0 52.0 53.0 52.0 31.0 17.0 5.0 0.0 -9999 -9999 -9999 -9999 -9999 -9999 -9999 -9999 -9999 -9999 -9999 -9999 -9999
220.0 180.0 168.0 191.0 190.0 205.0 228.0 187.0 181.0 188.0 156.0 156.0 156.0 156.0 156.0 312.0 156.0 293.0 305.0 346.0 345.0 378.0 353.0 353.0 389.0 363.0 370.0 360.0 368.0 382.0 399.0 414.0 405.0 356.0 381.0 338.0 358.0 340.0 294.0 304.0 324.0 319.0 308.0 305.0 305.0 304.0 306.0 305.0 305.0 249.0 223.0 167.0 157.0 156.0 138.0 80.0 48.0 48.0 56.0 44.0 37.0 65.0 -9999 0.0 -9999 -9999 -9999 -9999 -9999 -9999 -9999 -9999 -9999 -9999 -9999 -9999 -9999
152.0 148.0 158.0 163.0 165.0 182.0 179.0 156.0 156.0 156.0 156.0 156.0 156.0 156.0 156.0 232.0 257.0 280.0 305.0 313.0 347.0 363.0 354.0 366.0 444.0 436.0 388.0 409.0 393.0 386.0 425.0 433.0 386.0 372.0 362.0 369.0 371.0 320.0 320.0 338.0 329.0 326.0 305.0 306.0 344.0 306.0 291.0 305.0 304.0 284.0 272.0 309.0 185.0 154.0 152.0 153.0 152.0 104.0 71.0 24.0 3.0 0.0 -9999 -9999 -9999 -9999 -9999 -9999 -9999 -9999 -9999 -9999 -9999 -9999 -9999 -9999 -9999
205.0 236.0 203.0 154.0 156.0 156.0 156.0 156.0 156.0 156.0 156.0 156.0 208.0 198.0 223.0 233.0 223.0 316.0 305.0 327.0 371.0 329.0 438.0 385.0 460.0 454.0 438.0 456.0 451.0 449.0 464.0 401.0 404.0 382.0 391.0 364.0 386.0 351.0 367.0 351.0 343.0 333.0 310.0 311.0 313.0 308.0 330.0 286.0 301.0 277.0 282.0 198.0 185.0 174.0 157.0 157.0 113.0 82.0 50.0 36.0 4.0 -9999 -9999 -9999 -9999 -9999 -9999 -9999 -9999 -9999 -9999 -9999 -9999 -9999 -9999 -9999 -9999
315.0 294.0 264.0 253.0 255.0 222.0 162.0 183.0 173.0 257.0 264.0 238.0 219.0 207.0 212.0 205.0 204.0 222.0 289.0 305.0 320.0 410.0 346.0 422.0 457.0 457.0 461.0 447.0 483.0 458.0 455.0 486.0 433.0 399.0 372.0 364.0 364.0 365.0 359.0 360.0 337.0 321.0 385.0 337.0 340.0 315.0 305.0 306.0 306.0 269.0 280.0 197.0 196.0 169.0 156.0 148.0 148.0 61.0 37.0 10.0 -9999 -9999 -9999 -9999 -9999 -9999 -9999 -9999 -9999 -9999 -9999 -9999 -9999 -9999 -9999 -9999 -9999
393.0 481.0 771.0 797.0 270.0 212.0 264.0 261.0 264.0 273.0 263.0 271.0 269.0 259.0 213.0 205.0 231.0 252.0 268.0 305.0 310.0 358.0 351.0 457.0 478.0 455.0 457.0 467.0 472.0 471.0 459.0 458.0 457.0 473.0 408.0 509.0 411.0 457.0 347.0 336.0 335.0 336.0 436.0 359.0 326.0 301.0 305.0 277.0 299.0 294.0 295.0 234.0 184.0 164.0 161.0 151.0 151.0 104.0 41.0 2.0 -9999 -9999 -9999 -9999 -9999 -9999 -9999 -9999 -9999 -9999 -9999 -9999 -9999 -9999 -9999 -9999 -9999
756.0 614.0 616.0 321.0 283.0 304.0 309.0 314.0 335.0 347.0 305.0 304.0 297.0 313.0 250.0 242.0 238.0 214.0 294.0 304.0 305.0 340.0 403.0 344.0 344.0 457.0 495.0 438.0 462.0 457.0 467.0 464.0 458.0 458.0 398.0 393.0 520.0 456.0 466.0 386.0 452.0 404.0 361.0 330.0 322.0 305.0 277.0 281.0 309.0 311.0 304.0 270.0 275.0 216.0 187.0 163.0 144.0 88.0 27.0 -9999 -9999 -9999 -9999 -9999 -9999 -9999 -9999 -9999 -9999 -9999 -9999 -9999 -9999 -9999 -9999 -9999 -9999
