KEPLER/2.4/binaries/lib/outreach-2.3.0/workflows/data/garp/NA_ASC/h_dem.asc
nrows  200
ncols  400
xllcorner  -179.99962860149
yllcorner  6.7208489478326
cellsize  0.4
NODATA_value  -9999
[rows 68 to 101 of 200, columns 231 to 307 of 400]
-9999 -9999 -9999 -9999 -9999 -9999 -9999 -9999 -9999 -9999 -9999 -9999 -9999 -9999 -9999 -9999 -9999 -9999 -9999 -9999 -9999 -9999 -9999 -9999 -9999 6.0 43.0 52.0 58.0 152.0 134.0 139.0 152.0 138.0 138.0 153.0 158.0 173.0 186.0 187.0 208.0 216.0 197.0 156.0 66.0 -9999 -9999 -9999 -9999 -9999 -9999 -9999 -9999 -9999 -9999 -9999 355.0 762.0 579.0 585.0 -9999 -9999 -9999 -9999 -9999 -9999 -9999 -9999 -9999 -9999 -9999 -9999 -9999 -9999 -9999 -9999 -9999
-9999 -9999 -9999 -9999 -9999 -9999 -9999 -9999 -9999 -9999 -9999 -9999 -9999 -9999 -9999 -9999 -9999 -9999 -9999 -9999 -9999 -9999 -9999 -9999 23.0 29.0 52.0 88.0 153.0 147.0 128.0 150.0 154.0 176.0 174.0 174.0 152.0 163.0 222.0 206.0 211.0 197.0 182.0 155.0 118.0 5.0 -9999 -9999 -9999 -9999 -9999 -9999 -9999 -9999 -9999 -9999 152.0 669.0 868.0 0.0 -9999 -9999 -9999 -9999 -9999 -9999 -9999 -9999 -9999 -9999 -9999 -9999 -9999 -9999 -9999 -9999 -9999
-9999 -9999 -9999 -9999 -9999 -9999 -9999 -9999 -9999 -9999 -9999 -9999 -9999 -9999 -9999 -9999 -9999 -9999 -9999 -9999 -9999 -9999 -9999 1.0 46.0 32.0 85.0 153.0 152.0 144.0 153.0 155.0 152.0 185.0 229.0 214.0 212.0 231.0 201.0 190.0 206.0 192.0 139.0 152.0 11.0 154.0 84.0 46.0 0.0 -9999 -9999 -9999 -9999 141.0 -9999 310.0 578.0 402.0 819.0 989.0 641.0 457.0 -9999 -9999 -9999 -9999 -9999 -9999 -9999 -9999 -9999 -9999 -9999 -9999 -9999 -9999 -9999
-9999 -9999 -9999 -9999 -9999 -9999 -9999 -9999 -9999 -9999 -9999 -9999 -9999 -9999 -9999 -9999 -9999 -9999 -9999 -9999 -9999 -9999 -9999 -9999 -9999 0.0 101.0 153.0 152.0 154.0 177.0 162.0 166.0 201.0 207.0 178.0 167.0 167.0 153.0 137.0 182.0 159.0 156.0 172.0 162.0 176.0 166.0 152.0 59.0 0.0 -9999 45.0 68.0 139.0 187.0 311.0 383.0 697.0 727.0 599.0 487.0 237.0 101.0 -9999 -9999 -9999 -9999 -9999 -9999 -9999 -9999 -9999 -9999 -9999 -9999 -9999 -9999
-9999 -9999 -9999 -9999 -9999 -9999 -9999 -9999 -9999 -9999 -9999 -9999 -9999 -9999 -9999 -9999 -9999 -9999 -9999 -9999 -9999 -9999 -9999 -9999 -9999 -9999 -9999 57.0 153.0 150.0 228.0 182.0 291.0 276.0 246.0 266.0 158.0 246.0 305.0 271.0 305.0 305.0 252.0 305.0 185.0 284.0 2.0 134.0 84.0 147.0 77.0 157.0 163.0 154.0 302.0 178.0 332.0 600.0 640.0 792.0 445.0 314.0 589.0 182.0 33.0 -9999 -9999 -9999 -9999 -9999 -9999 -9999 -9999 -9999 -9999 -9999 -9999
-9999 -9999 -9999 -9999 -9999 -9999 -9999 -9999 -9999 -9999 -9999 -9999 -9999 -9999 -9999 -9999 -9999 -9999 -9999 -9999 -9999 -9999 -9999 -9999 -9999 -9999 -9999 17.0 150.0 175.0 177.0 308.0 157.0 157.0 175.0 297.0 312.0 316.0 306.0 329.0 297.0 303.0 279.0 156.0 153.0 163.0 153.0 215.0 136.0 197.0 171.0 160.0 284.0 360.0 237.0 305.0 297.0 610.0 596.0 608.0 665.0 322.0 178.0 161.0 61.0 65.0 -9999 -9999 -9999 -9999 -9999 -9999 -9999 -9999 -9999 -9999 -9999
-9999 -9999 -9999 -9999 -9999 -9999 -9999 -9999 -9999 -9999 -9999 -9999 -9999 -9999 -9999 -9999 -9999 -9999 -9999 -9999 -9999 -9999 -9999 -9999 -9999 -9999 -9999 -9999 215.0 232.0 181.0 191.0 244.0 281.0 304.0 339.0 312.0 291.0 305.0 312.0 301.0 154.0 309.0 369.0 304.0 318.0 101.0 303.0 181.0 264.0 305.0 133.0 187.0 304.0 308.0 308.0 372.0 609.0 440.0 609.0 631.0 506.0 548.0 313.0 128.0 274.0 -9999 -9999 -9999 -9999 -9999 -9999 -9999 -9999 -9999 -9999 -9999
-9999 -9999 -9999 -9999 -9999 -9999 -9999 -9999 -9999 -9999 -9999 -9999 -9999 -9999 -9999 -9999 -9999 -9999 -9999 -9999 -9999 -9999 0.0 -9999 -9999 -9999 -9999 -9999 153.0 185.0 219.0 248.0 275.0 292.0 305.0 305.0 304.0 306.0 307.0 327.0 333.0 215.0 320.0 347.0 330.0 309.0 65.0 155.0 271.0 175.0 305.0 305.0 320.0 309.0 325.0 399.0 450.0 401.0 609.0 537.0 323.0 279.0 434.0 243.0 -9999 -9999 -9999 -9999 -9999 -9999 -9999 -9999 -9999 -9999 -9999 -9999 -9999
-9999 -9999 -9999 -9999 -9999 -9999 -9999 -9999 -9999 -9999 -9999 -9999 -9999 -9999 -9999 -9999 -9999 -9999 -9999 0.0 -9999 22.0 0.0 -9999 -9999 -9999 -9999 -9999 177.0 205.0 309.0 247.0 251.0 251.0 293.0 305.0 344.0 344.0 376.0 361.0 348.0 327.0 334.0 411.0 369.0 328.0 70.0 243.0 304.0 366.0 309.0 310.0 355.0 395.0 365.0 464.0 514.0 292.0 446.0 441.0 313.0 368.0 483.0 369.0 2.0 73.0 -9999 -9999 -9999 -9999 -9999 -9999 -9999 -9999 -9999 -9999 -9999
5.0 1.0 0.0 -9999 -9999 -9999 -9999 -9999 -9999 -9999 -9999 -9999 -9999 -9999 -9999 -9999 -9999 -9999 -9999 -9999 3.0 -9999 -9999 -9999 -9999 -9999 -9999 154.0 152.0 195.0 220.0 233.0 287.0 280.0 309.0 340.0 333.0 409.0 438.0 440.0 460.0 331.0 388.0 533.0 529.0 461.0 333.0 340.0 506.0 293.0 497.0 325.0 349.0 398.0 401.0 497.0 504.0 307.0 400.0 547.0 389.0 341.0 310.0 215.0 178.0 125.0 -9999 -9999 -9999 -9999 -9999 -9999 -9999 -9999 -9999 -9999 -9999
43.0 65.0 56.0 29.0 9.0 0.0 -9999 -9999 -9999 -9999 -9999 -9999 -9999 -9999 -9999 -9999 -9999 -9999 -9999 -9999 -9999 -9999 -9999 -9999 -9999 -9999 157.0 167.0 292.0 305.0 272.0 308.0 296.0 364.0 328.0 327.0 380.0 419.0 483.0 468.0 418.0 492.0 528.0 538.0 443.0 385.0 442.0 343.0 262.0 364.0 418.0 558.0 466.0 606.0 560.0 597.0 396.0 400.0 445.0 438.0 601.0 609.0 312.0 556.0 341.0 252.0 279.0 34.0 -9999 0.0 -9999 -9999 -9999 -9999 -9999 -9999 -9999
95.0 124.0 141.0 99.0 48.0 16.0 15.0 57.0 23.0 12.0 18.0 15.0 309.0 -9999 -9999 -9999 -9999 -9999 -9999 -9999 -9999 -9999 -9999 -9999 77.0 152.0 152.0 183.0 178.0 265.0 265.0 292.0 306.0 319.0 392.0 420.0 426.0 426.0 427.0 426.0 427.0 477.0 528.0 561.0 502.0 591.0 537.0 602.0 484.0 611.0 606.0 552.0 624.0 544.0 468.0 452.0 604.0 500.0 438.0 438.0 562.0 556.0 565.0 667.0 202.0 298.0 86.0 9.0 26.0 63.0 61.0 21.0 -9999 -9999 -9999 -9999 -9999
115.0 74.0 111.0 45.0 36.0 35.0 118.0 91.0 70.0 73.0 69.0 69.0 54.0 3.0 -9999 -9999 -9999 -9999 -9999 -9999 0.0 1.0 40.0 127.0 118.0 158.0 188.0 291.0 216.0 270.0 380.0 306.0 388.0 315.0 334.0 346.0 361.0 375.0 450.0 380.0 450.0 485.0 553.0 609.0 527.0 528.0 548.0 607.0 596.0 611.0 564.0 610.0 593.0 528.0 582.0 540.0 500.0 576.0 472.0 546.0 333.0 611.0 292.0 250.0 654.0 316.0 312.0 162.0 58.0 335.0 283.0 300.0 191.0 456.0 126.0 -9999 -9999
112.0 93.0 123.0 123.0 81.0 48.0 120.0 151.0 150.0 124.0 98.0 55.0 23.0 -9999 -9999 -9999 -9999 -9999 -9999 -9999 -9999 22.0 53.0 130.0 168.0 169.0 205.0 207.0 217.0 257.0 272.0 297.0 312.0 445.0 354.0 414.0 370.0 410.0 332.0 394.0 529.0 544.0 586.0 591.0 527.0 554.0 597.0 609.0 588.0 598.0 607.0 609.0 609.0 566.0 502.0 550.0 472.0 472.0 472.0 473.0 472.0 500.0 312.0 308.0 288.0 312.0 303.0 242.0 305.0 304.0 297.0 304.0 162.0 9.0 -9999 -9999 -9999
125.0 122.0 130.0 117.0 87.0 77.0 67.0 88.0 117.0 104.0 100.0 74.0 45.0 12.0 -9999 -9999 -9999 -9999 -9999 -9999 -9999 -9999 15.0 59.0 153.0 148.0 176.0 170.0 208.0 305.0 316.0 308.0 252.0 277.0 399.0 303.0 311.0 366.0 383.0 420.0 555.0 518.0 547.0 610.0 588.0 530.0 584.0 528.0 605.0 610.0 623.0 610.0 609.0 578.0 574.0 578.0 472.0 473.0 478.0 472.0 474.0 501.0 515.0 558.0 539.0 263.0 152.0 176.0 379.0 139.0 91.0 -9999 62.0 170.0 301.0 162.0 -9999
155.0 153.0 151.0 139.0 120.0 111.0 122.0 87.0 66.0 53.0 34.0 22.0 19.0 5.0 -9999 -9999 -9999 -9999 -9999 -9999 -9999 -9999 22.0 76.0 144.0 152.0 59.0 76.0 205.0 242.0 306.0 303.0 301.0 310.0 331.0 354.0 433.0 477.0 505.0 388.0 507.0 443.0 590.0 569.0 556.0 590.0 581.0 571.0 610.0 593.0 605.0 610.0 607.0 568.0 587.0 510.0 479.0 364.0 315.0 367.0 319.0 358.0 583.0 418.0 344.0 302.0 361.0 289.0 152.0 -9999 72.0 624.0 586.0 365.0 246.0 139.0 131.0
166.0 166.0 168.0 155.0 141.0 126.0 113.0 92.0 83.0 99.0 93.0 48.0 34.0 3.0 0.0 1.0 2.0 -9999 -9999 -9999 -9999 -9999 12.0 84.0 153.0 156.0 205.0 304.0 273.0 294.0 304.0 357.0 311.0 311.0 352.0 386.0 401.0 433.0 572.0 513.0 571.0 486.0 544.0 610.0 609.0 686.0 615.0 642.0 610.0 621.0 609.0 689.0 606.0 605.0 649.0 578.0 573.0 506.0 468.0 418.0 468.0 305.0 306.0 341.0 311.0 326.0 20.0 308.0 304.0 139.0 452.0 472.0 408.0 308.0 304.0 144.0 380.0
179.0 193.0 190.0 163.0 150.0 158.0 149.0 150.0 148.0 125.0 101.0 57.0 38.0 14.0 0.0 -9999 -9999 -9999 -9999 -9999 -9999 -9999 0.0 131.0 126.0 158.0 198.0 238.0 283.0 304.0 305.0 312.0 360.0 426.0 470.0 465.0 541.0 635.0 519.0 520.0 528.0 587.0 576.0 610.0 520.0 610.0 658.0 671.0 619.0 650.0 638.0 609.0 609.0 595.0 599.0 586.0 512.0 506.0 526.0 597.0 609.0 592.0 477.0 398.0 352.0 324.0 309.0 315.0 305.0 345.0 357.0 392.0 380.0 408.0 330.0 318.0 201.0
242.0 214.0 200.0 164.0 164.0 167.0 158.0 152.0 138.0 113.0 85.0 56.0 45.0 37.0 11.0 0.0 -9999 -9999 -9999 -9999 -9999 -9999 -9999 9.0 101.0 158.0 170.0 193.0 220.0 258.0 278.0 299.0 304.0 340.0 441.0 466.0 499.0 582.0 546.0 598.0 616.0 653.0 867.0 670.0 611.0 541.0 609.0 611.0 613.0 623.0 557.0 609.0 573.0 609.0 605.0 609.0 612.0 596.0 498.0 582.0 611.0 611.0 500.0 322.0 343.0 401.0 315.0 310.0 331.0 343.0 319.0 359.0 438.0 317.0 309.0 361.0 309.0
249.0 219.0 221.0 172.0 154.0 167.0 154.0 138.0 123.0 103.0 83.0 67.0 50.0 38.0 38.0 16.0 12.0 -9999 -9999 -9999 -9999 -9999 9.0 52.0 122.0 160.0 194.0 215.0 295.0 305.0 304.0 305.0 406.0 361.0 352.0 374.0 413.0 617.0 623.0 609.0 604.0 614.0 665.0 507.0 609.0 590.0 507.0 609.0 377.0 520.0 529.0 520.0 610.0 610.0 718.0 610.0 609.0 609.0 609.0 519.0 580.0 517.0 609.0 376.0 329.0 358.0 500.0 373.0 305.0 361.0 355.0 131.0 376.0 304.0 336.0 304.0 313.0
290.0 236.0 213.0 170.0 158.0 155.0 132.0 152.0 136.0 109.0 69.0 79.0 89.0 87.0 72.0 45.0 43.0 19.0 -9999 -9999 -9999 25.0 0.0 51.0 127.0 164.0 195.0 230.0 289.0 286.0 304.0 343.0 358.0 423.0 413.0 427.0 481.0 394.0 448.0 614.0 584.0 548.0 609.0 548.0 537.0 604.0 357.0 596.0 357.0 945.0 623.0 590.0 609.0 636.0 603.0 648.0 596.0 514.0 688.0 584.0 609.0 609.0 490.0 488.0 316.0 368.0 347.0 314.0 314.0 304.0 215.0 152.0 122.0 146.0 154.0 20.0 26.0
310.0 236.0 239.0 204.0 195.0 162.0 152.0 117.0 118.0 116.0 96.0 112.0 124.0 110.0 87.0 55.0 33.0 31.0 33.0 9.0 22.0 56.0 16.0 124.0 167.0 190.0 244.0 226.0 305.0 311.0 311.0 379.0 412.0 337.0 376.0 374.0 393.0 462.0 472.0 609.0 525.0 605.0 570.0 774.0 706.0 598.0 600.0 359.0 583.0 607.0 610.0 614.0 616.0 560.0 698.0 649.0 405.0 389.0 606.0 609.0 596.0 305.0 481.0 422.0 154.0 153.0 293.0 233.0 311.0 197.0 186.0 160.0 0.0 -9999 -9999 -9999 -9999
311.0 280.0 233.0 215.0 193.0 175.0 153.0 145.0 138.0 141.0 146.0 158.0 147.0 112.0 77.0 63.0 97.0 121.0 154.0 154.0 118.0 100.0 158.0 178.0 192.0 232.0 233.0 304.0 246.0 404.0 305.0 422.0 368.0 433.0 374.0 389.0 606.0 591.0 508.0 465.0 511.0 636.0 494.0 471.0 625.0 601.0 606.0 357.0 450.0 602.0 504.0 329.0 163.0 614.0 292.0 461.0 280.0 414.0 310.0 319.0 304.0 269.0 191.0 191.0 151.0 166.0 83.0 108.0 162.0 103.0 0.0 -9999 -9999 -9999 -9999 -9999 87.0
319.0 306.0 305.0 305.0 251.0 208.0 156.0 141.0 129.0 147.0 168.0 144.0 126.0 117.0 119.0 121.0 157.0 180.0 213.0 249.0 187.0 163.0 247.0 221.0 173.0 295.0 292.0 259.0 294.0 324.0 370.0 455.0 374.0 401.0 375.0 452.0 503.0 337.0 485.0 521.0 598.0 613.0 397.0 646.0 601.0 523.0 443.0 607.0 370.0 612.0 504.0 86.0 292.0 122.0 -9999 -9999 -9999 -9999 -9999 -9999 0.0 -9999 -9999 -9999 5.0 13.0 5.0 0.0 1.0 0.0 -9999 -9999 -9999 -9999 -9999 0.0 315.0
337.0 420.0 317.0 305.0 313.0 257.0 248.0 248.0 221.0 238.0 210.0 188.0 185.0 163.0 173.0 174.0 182.0 260.0 288.0 304.0 242.0 200.0 194.0 216.0 224.0 233.0 300.0 264.0 303.0 305.0 343.0 420.0 349.0 383.0 423.0 414.0 504.0 322.0 462.0 292.0 596.0 324.0 313.0 397.0 420.0 469.0 397.0 318.0 230.0 305.0 299.0 76.0 -9999 -9999 -9999 -9999 -9999 -9999 19.0 0.0 -9999 -9999 -9999 -9999 -9999 -9999 -9999 -9999 -9999 -9999 -9999 -9999 -9999 -9999 -9999 584.0 294.0
462.0 396.0 408.0 321.0 323.0 320.0 336.0 322.0 290.0 272.0 235.0 236.0 216.0 198.0 201.0 205.0 233.0 257.0 276.0 304.0 241.0 240.0 278.0 290.0 288.0 244.0 329.0 314.0 308.0 301.0 316.0 338.0 365.0 412.0 395.0 312.0 302.0 304.0 315.0 215.0 353.0 307.0 397.0 398.0 500.0 321.0 313.0 279.0 316.0 308.0 286.0 -9999 -9999 -9999 -9999 -9999 -9999 -9999 -9999 -9999 19.0 204.0 152.0 2.0 -9999 -9999 -9999 -9999 -9999 -9999 -9999 -9999 -9999 -9999 169.0 604.0 140.0
506.0 404.0 308.0 294.0 346.0 386.0 387.0 415.0 344.0 314.0 302.0 249.0 233.0 243.0 264.0 251.0 228.0 353.0 287.0 319.0 304.0 303.0 304.0 274.0 305.0 306.0 301.0 332.0 355.0 390.0 350.0 416.0 463.0 448.0 397.0 395.0 296.0 284.0 156.0 305.0 305.0 324.0 611.0 641.0 604.0 372.0 311.0 103.0 0.0 -9999 -9999 -9999 33.0 296.0 813.0 279.0 294.0 298.0 -9999 -9999 -9999 -9999 -9999 -9999 -9999 -9999 -9999 -9999 -9999 -9999 -9999 -9999 -9999 -9999 152.0 172.0 380.0
183.0 183.0 183.0 203.0 335.0 365.0 518.0 394.0 365.0 374.0 325.0 361.0 326.0 310.0 307.0 291.0 308.0 276.0 297.0 276.0 276.0 276.0 320.0 324.0 308.0 298.0 306.0 349.0 398.0 387.0 390.0 404.0 404.0 479.0 449.0 610.0 514.0 305.0 98.0 97.0 140.0 174.0 639.0 633.0 569.0 298.0 37.0 -9999 -9999 25.0 214.0 418.0 415.0 260.0 300.0 401.0 319.0 254.0 175.0 -9999 -9999 -9999 -9999 -9999 -9999 -9999 -9999 -9999 -9999 -9999 -9999 -9999 -9999 276.0 419.0 552.0 306.0
183.0 183.0 183.0 183.0 425.0 396.0 426.0 371.0 393.0 379.0 395.0 365.0 380.0 381.0 340.0 325.0 348.0 316.0 363.0 329.0 335.0 306.0 309.0 303.0 304.0 305.0 347.0 349.0 457.0 471.0 424.0 404.0 419.0 414.0 407.0 459.0 435.0 393.0 316.0 302.0 306.0 261.0 217.0 279.0 26.0 37.0 -9999 167.0 337.0 338.0 298.0 276.0 322.0 292.0 126.0 328.0 299.0 0.0 -9999 -9999 -9999 -9999 -9999 -9999 -9999 -9999 -9999 -9999 -9999 -9999 -9999 -9999 2.0 304.0 332.0 317.0 323.0
183.0 183.0 183.0 183.0 183.0 183.0 183.0 332.0 519.0 473.0 491.0 413.0 402.0 405.0 454.0 360.0 360.0 372.0 313.0 261.0 261.0 305.0 294.0 335.0 312.0 331.0 373.0 446.0 415.0 469.0 452.0 479.0 487.0 479.0 474.0 416.0 364.0 281.0 455.0 540.0 742.0 882.0 683.0 481.0 491.0 -9999 319.0 436.0 487.0 436.0 341.0 239.0 312.0 279.0 92.0 -9999 -9999 -9999 -9999 -9999 -9999 -9999 -9999 -9999 -9999 -9999 -9999 -9999 -9999 -9999 -9999 115.0 308.0 314.0 450.0 304.0 296.0
183.0 183.0 183.0 183.0 183.0 183.0 183.0 183.0 517.0 541.0 512.0 456.0 495.0 438.0 395.0 388.0 402.0 436.0 471.0 316.0 261.0 293.0 314.0 339.0 396.0 331.0 413.0 361.0 488.0 427.0 412.0 421.0 576.0 442.0 471.0 412.0 305.0 304.0 356.0 479.0 743.0 836.0 904.0 263.0 28.0 382.0 289.0 273.0 190.0 386.0 219.0 244.0 444.0 457.0 246.0 113.0 57.0 -9999 -9999 -9999 -9999 -9999 -9999 -9999 -9999 -9999 -9999 -9999 -9999 -9999 -9999 -9999 -9999 -9999 -9999 -9999 -9999
183.0 183.0 183.0 183.0 183.0 183.0 183.0 233.0 478.0 430.0 489.0 436.0 451.0 497.0 425.0 433.0 448.0 412.0 298.0 340.0 374.0 299.0 335.0 335.0 335.0 393.0 387.0 383.0 427.0 413.0 273.0 302.0 421.0 549.0 491.0 466.0 365.0 286.0 304.0 476.0 550.0 351.0 -9999 51.0 332.0 399.0 356.0 396.0 194.0 221.0 169.0 335.0 425.0 465.0 119.0 109.0 -9999 -9999 -9999 -9999 -9999 -9999 -9999 -9999 -9999 -9999 -9999 -9999 -9999 -9999 -9999 -9999 -9999 -9999 -9999 -9999 -9999
259.0 183.0 183.0 183.0 191.0 196.0 216.0 183.0 348.0 394.0 426.0 407.0 438.0 508.0 457.0 452.0 296.0 277.0 304.0 295.0 308.0 357.0 345.0 365.0 380.0 414.0 305.0 366.0 265.0 220.0 493.0 331.0 460.0 474.0 386.0 457.0 423.0 163.0 193.0 54.0 0.0 107.0 335.0 791.0 366.0 396.0 363.0 284.0 184.0 197.0 350.0 340.0 429.0 202.0 109.0 78.0 36.0 8.0 22.0 6.0 -9999 -9999 -9999 -9999 -9999 -9999 -9999 491.0 -9999 -9999 -9999 -9999 -9999 -9999 -9999 -9999 -9999
381.0 341.0 259.0 231.0 216.0 259.0 228.0 214.0 210.0 213.0 190.0 208.0 281.0 284.0 229.0 294.0 281.0 242.0 212.0 212.0 212.0 261.0 245.0 188.0 365.0 311.0 341.0 304.0 243.0 178.0 219.0 283.0 323.0 655.0 520.0 214.0 175.0 1.0 53.0 112.0 268.0 417.0 300.0 365.0 429.0 365.0 307.0 247.0 305.0 186.0 143.0 335.0 188.0 152.0 120.0 91.0 98.0 76.0 -9999 -9999 30.0 28.0 67.0 -9999 -9999 -9999 71.0 352.0 89.0 -9999 -9999 -9999 -9999 -9999 -9999 -9999 -9999
