KEPLER/2.4/binaries/lib/outreach-2.3.0/workflows/data/garp/NA_ASC/h_dem.asc
nrows  200
ncols  400
xllcorner  -179.99962860149
yllcorner  6.7208489478326
cellsize  0.4
NODATA_value  -9999
[rows 34 to 67 of 200, columns 77 to 153 of 400]
-9999 -9999 -9999 -9999 -9999 -9999 -9999 -9999 -9999 -9999 -9999 -9999 -9999 -9999 -9999 -9999 -9999 -9999 -9999 -9999 -9999 -9999 -9999 -9999 -9999 -9999 -9999 -9999 -9999 -9999 -9999 -9999 -9999 -9999 -9999 -9999 -9999 -9999 -9999 -9999 -9999 -9999 -9999 -9999 -9999 -9999 -9999 -9999 -9999 -9999 -9999 -9999 -9999 -9999 -9999 -9999 -9999 -9999 -9999 -9999 -9999 -9999 31.0 229.0 97.0 138.0 159.0 157.0 152.0 121.0 277.0 298.0 207.0 113.0 72.0 129.0 128.0
-9999 -9999 -9999 -9999 -9999 -9999 -9999 -9999 -9999 -9999 -9999 -9999 -9999 -9999 -9999 -9999 -9999 -9999 -9999 -9999 -9999 -9999 -9999 -9999 -9999 -9999 -9999 -9999 -9999 -9999 -9999 -9999 -9999 -9999 -9999 -9999 -9999 -9999 -9999 -9999 -9999 -9999 -9999 -9999 -9999 -9999 -9999 -9999 -9999 -9999 -9999 -9999 -9999 -9999 -9999 -9999 -9999 -9999 -9999 -9999 -9999 23.0 79.0 55.0 107.0 116.0 111.0 267.0 205.0 127.0 127.0 152.0 165.0 219.0 240.0 151.0 46.0
-9999 -9999 -9999 -9999 -9999 -9999 -9999 -9999 -9999 -9999 -9999 -9999 -9999 -9999 -9999 -9999 -9999 -9999 -9999 -9999 -9999 -9999 -9999 -9999 -9999 -9999 -9999 -9999 -9999 -9999 -9999 -9999 -9999 -9999 -9999 -9999 -9999 -9999 -9999 -9999 -9999 -9999 -9999 -9999 -9999 -9999 -9999 -9999 -9999 -9999 -9999 -9999 -9999 -9999 -9999 -9999 -9999 -9999 -9999 -9999 29.0 89.0 233.0 105.0 137.0 175.0 153.0 152.0 178.0 137.0 151.0 156.0 152.0 194.0 -9999 -9999 -9999
-9999 -9999 -9999 -9999 -9999 -9999 -9999 -9999 -9999 -9999 -9999 -9999 -9999 -9999 -9999 -9999 -9999 -9999 -9999 -9999 -9999 -9999 -9999 -9999 -9999 -9999 -9999 -9999 -9999 -9999 -9999 -9999 -9999 -9999 -9999 -9999 -9999 -9999 -9999 -9999 -9999 -9999 -9999 -9999 -9999 -9999 -9999 -9999 -9999 -9999 -9999 -9999 -9999 -9999 -9999 -9999 -9999 -9999 -9999 -9999 -9999 20.0 57.0 151.0 243.0 255.0 216.0 246.0 304.0 202.0 207.0 320.0 35.0 -9999 -9999 -9999 336.0
-9999 -9999 -9999 -9999 -9999 -9999 -9999 -9999 -9999 -9999 -9999 -9999 -9999 -9999 -9999 -9999 -9999 -9999 -9999 -9999 -9999 -9999 -9999 -9999 -9999 -9999 -9999 -9999 -9999 -9999 -9999 -9999 -9999 -9999 -9999 -9999 -9999 -9999 -9999 -9999 -9999 -9999 -9999 -9999 -9999 -9999 -9999 -9999 -9999 -9999 -9999 -9999 -9999 -9999 -9999 -9999 -9999 -9999 -9999 -9999 -9999 -9999 -9999 -9999 200.0 278.0 263.0 365.0 61.0 30.0 30.0 33.0 -9999 -9999 -9999 -9999 -9999
-9999 -9999 -9999 -9999 -9999 -9999 -9999 -9999 -9999 -9999 -9999 -9999 -9999 -9999 -9999 -9999 -9999 -9999 -9999 -9999 -9999 -9999 -9999 -9999 -9999 -9999 -9999 -9999 -9999 -9999 -9999 -9999 -9999 -9999 -9999 -9999 -9999 -9999 -9999 -9999 -9999 -9999 -9999 -9999 -9999 -9999 -9999 -9999 -9999 -9999 -9999 -9999 -9999 -9999 -9999 -9999 -9999 -9999 -9999 -9999 -9999 -9999 -9999 -9999 -9999 566.0 365.0 -9999 -9999 -9999 -9999 -9999 -9999 -9999 -9999 -9999 -9999
-9999 -9999 -9999 -9999 -9999 -9999 -9999 -9999 -9999 -9999 -9999 -9999 -9999 -9999 -9999 -9999 -9999 -9999 -9999 -9999 -9999 -9999 -9999 -9999 -9999 -9999 -9999 -9999 -9999 -9999 -9999 -9999 -9999 -9999 -9999 -9999 -9999 -9999 -9999 -9999 -9999 -9999 -9999 -9999 -9999 -9999 -9999 -9999 -9999 -9999 -9999 -9999 -9999 -9999 -9999 -9999 -9999 -9999 -9999 -9999 -9999 -9999 -9999 -9999 -9999 -9999 -9999 -9999 -9999 -9999 -9999 -9999 -9999 -9999 -9999 -9999 -9999
15.0 10.0 10.0 0.0 -9999 -9999 -9999 -9999 -9999 -9999 -9999 -9999 -9999 -9999 -9999 -9999 -9999 -9999 -9999 -9999 -9999 -9999 -9999 -9999 -9999 -9999 -9999 -9999 -9999 -9999 -9999 -9999 -9999 -9999 -9999 -9999 -9999 -9999 -9999 -9999 -9999 -9999 -9999 -9999 -9999 -9999 -9999 -9999 -9999 -9999 -9999 -9999 -9999 21.0 91.0 -9999 -9999 -9999 -9999 -9999 -9999 -9999 -9999 -9999 -9999 -9999 -9999 -9999 -9999 -9999 -9999 -9999 -9999 -9999 -9999 -9999 -9999
66.0 72.0 196.0 70.0 72.0 65.0 102.0 113.0 122.0 122.0 120.0 121.0 127.0 92.0 101.0 115.0 69.0 18.0 -9999 -9999 -9999 -9999 -9999 -9999 -9999 -9999 -9999 -9999 -9999 -9999 -9999 -9999 -9999 -9999 -9999 -9999 -9999 -9999 -9999 -9999 -9999 -9999 -9999 -9999 -9999 6.0 2.0 0.0 -9999 -9999 -9999 -9999 30.0 91.0 46.0 91.0 -9999 -9999 -9999 -9999 -9999 45.0 45.0 -9999 -9999 -9999 -9999 -9999 -9999 -9999 -9999 -9999 -9999 -9999 -9999 -9999 -9999
175.0 203.0 165.0 254.0 292.0 372.0 463.0 609.0 601.0 823.0 714.0 754.0 805.0 600.0 673.0 608.0 474.0 744.0 487.0 271.0 243.0 242.0 442.0 189.0 21.0 11.0 -9999 -9999 -9999 -9999 -9999 -9999 -9999 -9999 -9999 0.0 -9999 -9999 20.0 -9999 -9999 23.0 26.0 0.0 0.0 10.0 -9999 17.0 28.0 34.0 35.0 55.0 22.0 121.0 113.0 198.0 279.0 321.0 -9999 2.0 1.0 26.0 15.0 -9999 -9999 55.0 182.0 440.0 426.0 414.0 536.0 208.0 -9999 -9999 -9999 -9999 -9999
381.0 372.0 497.0 526.0 855.0 869.0 850.0 1278.0 1220.0 610.0 1163.0 975.0 975.0 1768.0 1254.0 1159.0 1219.0 1681.0 1158.0 1070.0 1036.0 878.0 878.0 479.0 953.0 408.0 62.0 31.0 -9999 -9999 -9999 -9999 -9999 1.0 1.0 1.0 38.0 16.0 43.0 30.0 53.0 0.0 0.0 30.0 40.0 34.0 20.0 59.0 59.0 152.0 291.0 152.0 117.0 91.0 243.0 301.0 213.0 121.0 237.0 285.0 305.0 245.0 263.0 294.0 264.0 229.0 372.0 518.0 580.0 819.0 670.0 566.0 602.0 577.0 340.0 166.0 64.0
836.0 763.0 537.0 1050.0 956.0 1184.0 1245.0 1340.0 1123.0 1220.0 1411.0 938.0 1705.0 1097.0 1131.0 1044.0 822.0 792.0 815.0 806.0 560.0 704.0 731.0 606.0 762.0 324.0 448.0 655.0 266.0 141.0 290.0 142.0 161.0 1.0 1.0 1.0 1.0 1.0 176.0 86.0 99.0 20.0 95.0 136.0 188.0 151.0 185.0 142.0 246.0 149.0 237.0 234.0 30.0 227.0 220.0 250.0 274.0 203.0 188.0 195.0 185.0 200.0 274.0 344.0 429.0 495.0 510.0 486.0 602.0 701.0 752.0 522.0 640.0 623.0 579.0 607.0 425.0
1551.0 1147.0 1829.0 1524.0 1234.0 1219.0 1506.0 843.0 1151.0 708.0 991.0 830.0 1206.0 842.0 599.0 688.0 792.0 678.0 575.0 640.0 355.0 360.0 325.0 325.0 325.0 402.0 389.0 446.0 607.0 605.0 677.0 429.0 455.0 405.0 120.0 1.0 1.0 1.0 15.0 101.0 46.0 229.0 260.0 247.0 240.0 268.0 150.0 243.0 165.0 85.0 81.0 106.0 121.0 152.0 195.0 212.0 255.0 266.0 223.0 315.0 306.0 304.0 420.0 397.0 315.0 557.0 515.0 489.0 454.0 450.0 528.0 616.0 692.0 609.0 577.0 585.0 316.0
958.0 1340.0 1465.0 792.0 1066.0 1220.0 808.0 551.0 740.0 939.0 781.0 744.0 555.0 744.0 696.0 575.0 529.0 447.0 403.0 598.0 562.0 373.0 687.0 325.0 325.0 325.0 325.0 381.0 423.0 717.0 951.0 880.0 609.0 970.0 714.0 1.0 1.0 1.0 1.0 87.0 204.0 213.0 198.0 205.0 175.0 170.0 170.0 116.0 312.0 109.0 151.0 146.0 196.0 310.0 255.0 339.0 280.0 296.0 252.0 270.0 284.0 250.0 277.0 351.0 316.0 354.0 348.0 388.0 447.0 491.0 536.0 551.0 562.0 605.0 427.0 357.0 252.0
1151.0 712.0 855.0 610.0 603.0 747.0 604.0 404.0 635.0 658.0 679.0 589.0 460.0 436.0 454.0 519.0 274.0 365.0 375.0 363.0 610.0 397.0 329.0 325.0 325.0 325.0 610.0 397.0 427.0 466.0 457.0 325.0 1066.0 457.0 421.0 83.0 31.0 30.0 66.0 91.0 81.0 125.0 196.0 103.0 86.0 114.0 141.0 282.0 218.0 198.0 246.0 245.0 264.0 224.0 297.0 316.0 305.0 293.0 315.0 287.0 262.0 262.0 250.0 333.0 306.0 327.0 346.0 345.0 396.0 429.0 468.0 424.0 387.0 357.0 412.0 447.0 443.0
720.0 623.0 390.0 337.0 389.0 785.0 649.0 432.0 265.0 259.0 218.0 220.0 222.0 211.0 250.0 415.0 238.0 341.0 241.0 342.0 474.0 361.0 698.0 700.0 528.0 844.0 707.0 398.0 350.0 329.0 325.0 467.0 730.0 914.0 424.0 202.0 68.0 73.0 72.0 28.0 103.0 77.0 66.0 171.0 330.0 316.0 224.0 102.0 243.0 258.0 285.0 283.0 159.0 270.0 341.0 338.0 415.0 293.0 293.0 295.0 593.0 276.0 265.0 283.0 305.0 319.0 350.0 316.0 268.0 312.0 316.0 297.0 284.0 297.0 345.0 282.0 297.0
309.0 391.0 217.0 351.0 365.0 221.0 164.0 164.0 164.0 164.0 164.0 164.0 164.0 167.0 169.0 245.0 365.0 434.0 309.0 490.0 729.0 407.0 882.0 610.0 606.0 774.0 611.0 614.0 453.0 485.0 628.0 486.0 661.0 918.0 390.0 314.0 172.0 58.0 85.0 85.0 67.0 97.0 158.0 144.0 153.0 119.0 134.0 207.0 117.0 30.0 184.0 152.0 174.0 176.0 183.0 241.0 305.0 290.0 326.0 309.0 305.0 305.0 297.0 304.0 304.0 306.0 479.0 298.0 208.0 156.0 156.0 156.0 156.0 156.0 296.0 312.0 305.0
164.0 164.0 164.0 164.0 164.0 164.0 164.0 164.0 164.0 164.0 164.0 164.0 164.0 215.0 224.0 175.0 433.0 227.0 231.0 381.0 420.0 664.0 774.0 803.0 609.0 609.0 576.0 569.0 712.0 717.0 622.0 587.0 494.0 882.0 748.0 493.0 549.0 394.0 245.0 192.0 154.0 172.0 170.0 181.0 134.0 127.0 97.0 82.0 80.0 93.0 102.0 21.0 49.0 176.0 174.0 162.0 167.0 158.0 303.0 300.0 200.0 156.0 165.0 156.0 156.0 156.0 156.0 156.0 156.0 156.0 156.0 156.0 156.0 156.0 156.0 156.0 156.0
413.0 322.0 295.0 478.0 714.0 799.0 745.0 211.0 535.0 393.0 294.0 343.0 268.0 182.0 314.0 268.0 499.0 456.0 334.0 439.0 649.0 610.0 815.0 744.0 914.0 1061.0 701.0 611.0 600.0 623.0 610.0 505.0 399.0 313.0 296.0 199.0 389.0 468.0 317.0 382.0 364.0 446.0 545.0 394.0 294.0 166.0 257.0 217.0 156.0 107.0 95.0 152.0 112.0 121.0 219.0 305.0 304.0 605.0 335.0 418.0 325.0 156.0 313.0 179.0 305.0 249.0 281.0 230.0 156.0 156.0 156.0 156.0 156.0 156.0 156.0 156.0 156.0
764.0 221.0 197.0 469.0 490.0 647.0 851.0 1260.0 893.0 1020.0 950.0 478.0 258.0 363.0 328.0 620.0 521.0 657.0 699.0 730.0 574.0 1187.0 1284.0 1181.0 1259.0 1214.0 960.0 727.0 1051.0 1284.0 1176.0 642.0 899.0 602.0 661.0 461.0 470.0 1026.0 924.0 699.0 947.0 1334.0 885.0 934.0 804.0 511.0 644.0 609.0 501.0 280.0 150.0 244.0 274.0 174.0 27.0 187.0 317.0 369.0 390.0 263.0 350.0 308.0 219.0 157.0 251.0 304.0 156.0 156.0 156.0 156.0 251.0 542.0 379.0 156.0 245.0 305.0 285.0
101.0 154.0 120.0 444.0 478.0 359.0 623.0 855.0 778.0 762.0 926.0 855.0 975.0 859.0 1095.0 855.0 381.0 375.0 488.0 420.0 580.0 899.0 918.0 1178.0 908.0 892.0 1047.0 910.0 1030.0 999.0 616.0 974.0 1228.0 1459.0 587.0 586.0 914.0 811.0 723.0 1426.0 1574.0 1766.0 1716.0 1312.0 1461.0 873.0 1214.0 1049.0 1525.0 577.0 1229.0 697.0 1111.0 309.0 152.0 156.0 48.0 23.0 398.0 269.0 113.0 301.0 304.0 183.0 158.0 156.0 156.0 156.0 156.0 189.0 349.0 156.0 156.0 202.0 289.0 296.0 213.0
102.0 185.0 158.0 130.0 141.0 164.0 550.0 416.0 490.0 365.0 975.0 640.0 1195.0 1027.0 1095.0 1151.0 1067.0 814.0 1035.0 1196.0 684.0 842.0 769.0 858.0 1391.0 1373.0 1523.0 1540.0 1459.0 914.0 874.0 1226.0 1494.0 1234.0 1176.0 1550.0 1589.0 1512.0 1284.0 1764.0 1470.0 1785.0 1027.0 2028.0 1951.0 1459.0 2101.0 1939.0 1927.0 1515.0 1081.0 883.0 1796.0 1172.0 854.0 913.0 594.0 493.0 335.0 298.0 63.0 86.0 236.0 315.0 294.0 228.0 183.0 170.0 159.0 159.0 214.0 308.0 329.0 494.0 532.0 527.0 387.0
192.0 215.0 236.0 260.0 327.0 321.0 263.0 266.0 289.0 371.0 490.0 670.0 670.0 1340.0 1073.0 1220.0 1095.0 1194.0 942.0 730.0 616.0 766.0 916.0 802.0 508.0 699.0 1524.0 1284.0 1608.0 1341.0 1252.0 1459.0 1284.0 1522.0 1351.0 1559.0 1178.0 863.0 849.0 1187.0 1327.0 1764.0 1515.0 1282.0 1398.0 1556.0 1387.0 1228.0 1228.0 1523.0 1949.0 1536.0 1904.0 1284.0 1705.0 1036.0 768.0 625.0 631.0 345.0 300.0 152.0 160.0 854.0 351.0 309.0 289.0 307.0 212.0 187.0 254.0 309.0 392.0 485.0 416.0 342.0 341.0
609.0 576.0 851.0 1295.0 1629.0 906.0 913.0 705.0 464.0 483.0 380.0 369.0 426.0 710.0 1082.0 727.0 728.0 730.0 660.0 892.0 980.0 906.0 1192.0 915.0 849.0 914.0 779.0 597.0 607.0 1087.0 1183.0 1511.0 711.0 740.0 917.0 1467.0 927.0 1219.0 610.0 999.0 682.0 933.0 1357.0 1362.0 1236.0 1497.0 1243.0 1764.0 1509.0 1459.0 1586.0 1331.0 935.0 990.0 1519.0 1782.0 1221.0 1279.0 587.0 464.0 582.0 267.0 244.0 310.0 322.0 217.0 409.0 461.0 270.0 246.0 232.0 307.0 302.0 372.0 387.0 350.0 438.0
914.0 1404.0 1063.0 1219.0 1101.0 881.0 2042.0 1611.0 1219.0 1761.0 1794.0 1918.0 2112.0 646.0 695.0 502.0 721.0 807.0 855.0 983.0 1128.0 919.0 757.0 909.0 597.0 772.0 913.0 919.0 540.0 944.0 666.0 914.0 810.0 690.0 1156.0 675.0 588.0 653.0 610.0 1441.0 771.0 1268.0 974.0 940.0 1491.0 1491.0 1284.0 1399.0 1524.0 1522.0 1556.0 1209.0 1240.0 1023.0 2069.0 1564.0 1168.0 1186.0 649.0 674.0 609.0 616.0 394.0 367.0 231.0 366.0 461.0 474.0 361.0 311.0 268.0 305.0 306.0 397.0 329.0 309.0 292.0
1036.0 1390.0 1472.0 1046.0 768.0 1653.0 975.0 1073.0 904.0 997.0 1158.0 1327.0 1401.0 1540.0 1585.0 919.0 548.0 548.0 550.0 855.0 610.0 884.0 609.0 918.0 726.0 607.0 925.0 610.0 610.0 832.0 1008.0 914.0 875.0 915.0 1796.0 959.0 1257.0 596.0 1389.0 1128.0 1219.0 890.0 975.0 1106.0 1377.0 1235.0 1212.0 1521.0 1764.0 1825.0 1481.0 1806.0 1934.0 1465.0 1662.0 1236.0 1559.0 734.0 1589.0 927.0 1115.0 875.0 572.0 460.0 311.0 342.0 300.0 539.0 330.0 316.0 522.0 299.0 302.0 299.0 235.0 230.0 268.0
914.0 980.0 1113.0 914.0 927.0 731.0 872.0 763.0 663.0 727.0 699.0 690.0 670.0 671.0 1016.0 1411.0 1308.0 810.0 761.0 729.0 569.0 652.0 931.0 601.0 936.0 913.0 975.0 1252.0 898.0 617.0 577.0 596.0 667.0 998.0 610.0 603.0 1083.0 742.0 882.0 1408.0 942.0 991.0 1031.0 884.0 1168.0 963.0 1216.0 1284.0 1221.0 1702.0 1178.0 1707.0 1508.0 1487.0 1828.0 2157.0 1845.0 1589.0 1530.0 1681.0 1180.0 1217.0 742.0 336.0 205.0 103.0 209.0 209.0 163.0 165.0 153.0 154.0 153.0 164.0 226.0 195.0 197.0
1386.0 1524.0 872.0 1402.0 1097.0 1023.0 764.0 731.0 659.0 539.0 613.0 849.0 1280.0 1841.0 1745.0 1706.0 2100.0 1821.0 1119.0 1472.0 832.0 768.0 607.0 615.0 593.0 644.0 947.0 1112.0 1496.0 1444.0 989.0 912.0 662.0 761.0 932.0 882.0 1219.0 1232.0 1103.0 718.0 1564.0 1031.0 1229.0 1530.0 878.0 997.0 1242.0 1589.0 1208.0 1536.0 1395.0 1459.0 1521.0 2069.0 1433.0 2121.0 1801.0 2069.0 1524.0 1119.0 1440.0 919.0 1189.0 495.0 204.0 268.0 209.0 270.0 240.0 213.0 306.0 450.0 622.0 719.0 642.0 644.0 618.0
1096.0 913.0 965.0 1138.0 887.0 977.0 1128.0 581.0 876.0 605.0 304.0 721.0 955.0 1645.0 2227.0 1832.0 2425.0 2375.0 1782.0 1875.0 1127.0 917.0 988.0 933.0 731.0 892.0 1234.0 1056.0 906.0 1038.0 1041.0 1409.0 1101.0 1129.0 1035.0 904.0 653.0 885.0 1431.0 1524.0 1459.0 884.0 900.0 901.0 1375.0 911.0 1203.0 1133.0 1213.0 1512.0 1796.0 1896.0 1650.0 2228.0 1893.0 1764.0 600.0 668.0 1259.0 1042.0 1122.0 1122.0 975.0 626.0 241.0 347.0 308.0 477.0 269.0 164.0 147.0 172.0 235.0 252.0 246.0 271.0 244.0
60.0 30.0 1065.0 2024.0 2946.0 3508.0 2194.0 2133.0 854.0 609.0 609.0 1464.0 381.0 426.0 1525.0 1828.0 899.0 1305.0 2726.0 2861.0 2077.0 2198.0 1659.0 1506.0 2101.0 981.0 1796.0 1103.0 1324.0 1162.0 1050.0 1287.0 1108.0 1109.0 894.0 736.0 674.0 814.0 1627.0 1182.0 1190.0 1701.0 1641.0 1566.0 1159.0 1796.0 1524.0 1519.0 1271.0 1223.0 1519.0 1340.0 2069.0 1796.0 1789.0 1501.0 1185.0 1272.0 594.0 618.0 659.0 1604.0 1583.0 748.0 499.0 458.0 297.0 259.0 164.0 154.0 200.0 153.0 161.0 213.0 208.0 231.0 192.0
1306.0 792.0 1047.0 -9999 -9999 330.0 713.0 260.0 792.0 663.0 808.0 470.0 561.0 1570.0 1816.0 1773.0 486.0 518.0 494.0 2438.0 1302.0 3039.0 2790.0 2371.0 2473.0 2194.0 1820.0 787.0 903.0 1510.0 1121.0 1255.0 1204.0 969.0 1525.0 641.0 1334.0 892.0 1459.0 1579.0 1007.0 1397.0 1220.0 1220.0 1234.0 1553.0 1554.0 1018.0 1222.0 1193.0 794.0 1351.0 1241.0 1142.0 1228.0 1570.0 1204.0 1298.0 882.0 899.0 772.0 862.0 1465.0 436.0 234.0 160.0 194.0 265.0 372.0 440.0 362.0 329.0 298.0 179.0 203.0 177.0 187.0
631.0 683.0 404.0 268.0 -9999 -9999 -9999 -9999 57.0 377.0 951.0 58.0 357.0 1347.0 2438.0 2092.0 1025.0 2410.0 2047.0 1889.0 3099.0 2623.0 2590.0 2135.0 2299.0 1942.0 2231.0 1138.0 592.0 1764.0 869.0 1539.0 1459.0 959.0 1621.0 966.0 1260.0 680.0 904.0 912.0 1330.0 902.0 1554.0 1050.0 1329.0 1363.0 1354.0 1024.0 913.0 831.0 750.0 1005.0 814.0 1217.0 1220.0 869.0 1241.0 1219.0 1179.0 987.0 1202.0 902.0 1197.0 846.0 207.0 278.0 609.0 610.0 607.0 547.0 494.0 573.0 534.0 461.0 374.0 311.0 310.0
854.0 1409.0 421.0 -9999 -9999 134.0 -9999 -9999 -9999 -9999 -9999 -9999 55.0 60.0 345.0 360.0 114.0 993.0 1365.0 1097.0 1543.0 2375.0 2151.0 2218.0 2315.0 1942.0 1764.0 1675.0 577.0 947.0 1699.0 1451.0 1826.0 1751.0 1147.0 1491.0 778.0 904.0 784.0 1219.0 1284.0 1491.0 811.0 1199.0 1443.0 1280.0 1262.0 1195.0 870.0 715.0 635.0 915.0 853.0 1183.0 795.0 920.0 905.0 819.0 1206.0 905.0 684.0 863.0 1421.0 583.0 575.0 276.0 313.0 341.0 485.0 512.0 612.0 610.0 598.0 499.0 445.0 451.0 445.0
-9999 -9999 -9999 -9999 52.0 -9999 -9999 -9999 -9999 -9999 -9999 -9999 -9999 -9999 -9999 -9999 -9999 -9999 -9999 -9999 49.0 345.0 371.0 29.0 365.0 45.0 935.0 1321.0 1362.0 1806.0 796.0 1072.0 1898.0 1912.0 1471.0 891.0 1065.0 1220.0 705.0 1370.0 1285.0 1135.0 914.0 924.0 1042.0 1314.0 1205.0 1436.0 1113.0 1200.0 925.0 614.0 619.0 595.0 868.0 745.0 889.0 699.0 1219.0 1389.0 774.0 518.0 312.0 328.0 416.0 376.0 454.0 450.0 323.0 463.0 506.0 488.0 492.0 384.0 458.0 556.0 557.0
