KEPLER/2.4/binaries/lib/outreach-2.3.0/workflows/data/garp/NA_ASC/h_dem.asc
nrows  200
ncols  400
xllcorner  -179.99962860149
yllcorner  6.7208489478326
cellsize  0.4
NODATA_value  -9999
[rows 68 to 101 of 200, columns 154 to 230 of 400]
563.0 479.0 341.0 310.0 370.0 399.0 628.0 769.0 882.0 807.0 765.0 365.0 306.0 305.0 304.0 305.0 269.0 215.0 249.0 285.0 305.0 315.0 212.0 212.0 307.0 212.0 283.0 390.0 359.0 352.0 339.0 447.0 426.0 319.0 314.0 317.0 364.0 391.0 457.0 462.0 440.0 443.0 524.0 334.0 344.0 297.0 297.0 304.0 304.0 305.0 304.0 265.0 295.0 233.0 172.0 155.0 133.0 56.0 26.0 0.0 -9999 -9999 -9999 -9999 -9999 -9999 -9999 -9999 -9999 -9999 -9999 -9999 -9999 -9999 -9999 -9999 -9999
368.0 324.0 333.0 369.0 477.0 658.0 914.0 919.0 886.0 768.0 776.0 615.0 268.0 252.0 233.0 226.0 217.0 207.0 227.0 304.0 212.0 212.0 212.0 217.0 317.0 264.0 307.0 312.0 341.0 325.0 252.0 305.0 304.0 311.0 306.0 321.0 380.0 403.0 438.0 458.0 409.0 382.0 379.0 404.0 366.0 340.0 294.0 283.0 285.0 277.0 301.0 250.0 230.0 197.0 174.0 152.0 149.0 76.0 14.0 -9999 -9999 -9999 -9999 -9999 -9999 -9999 -9999 -9999 -9999 -9999 -9999 -9999 -9999 -9999 -9999 -9999 -9999
356.0 383.0 672.0 345.0 371.0 391.0 420.0 449.0 658.0 441.0 279.0 233.0 231.0 254.0 228.0 212.0 212.0 212.0 212.0 212.0 212.0 308.0 309.0 343.0 385.0 379.0 447.0 440.0 457.0 447.0 500.0 316.0 316.0 336.0 367.0 457.0 401.0 408.0 396.0 434.0 418.0 377.0 361.0 337.0 344.0 345.0 303.0 297.0 297.0 290.0 259.0 261.0 294.0 255.0 200.0 154.0 161.0 86.0 49.0 7.0 44.0 12.0 1.0 0.0 -9999 -9999 -9999 -9999 -9999 -9999 -9999 -9999 -9999 -9999 -9999 -9999 -9999
452.0 393.0 354.0 323.0 331.0 323.0 278.0 262.0 262.0 270.0 271.0 244.0 244.0 244.0 243.0 230.0 212.0 253.0 250.0 304.0 301.0 306.0 317.0 441.0 477.0 483.0 457.0 457.0 466.0 523.0 390.0 326.0 402.0 462.0 476.0 457.0 432.0 396.0 396.0 415.0 471.0 438.0 368.0 369.0 410.0 453.0 354.0 319.0 340.0 305.0 278.0 309.0 305.0 276.0 240.0 208.0 166.0 156.0 89.0 72.0 25.0 34.0 42.0 2.0 -9999 -9999 -9999 -9999 -9999 -9999 -9999 -9999 -9999 -9999 -9999 -9999 -9999
507.0 419.0 385.0 311.0 404.0 618.0 805.0 427.0 343.0 348.0 353.0 384.0 522.0 732.0 770.0 662.0 752.0 277.0 281.0 315.0 357.0 458.0 579.0 582.0 559.0 586.0 518.0 605.0 454.0 593.0 457.0 460.0 465.0 526.0 471.0 460.0 405.0 396.0 397.0 370.0 337.0 337.0 337.0 413.0 412.0 379.0 330.0 307.0 306.0 297.0 302.0 304.0 300.0 286.0 265.0 231.0 210.0 159.0 210.0 117.0 64.0 61.0 42.0 19.0 -9999 -9999 -9999 -9999 -9999 -9999 -9999 -9999 -9999 -9999 -9999 -9999 -9999
802.0 689.0 709.0 414.0 414.0 490.0 685.0 580.0 452.0 511.0 530.0 678.0 670.0 687.0 785.0 791.0 560.0 289.0 310.0 378.0 523.0 575.0 550.0 587.0 517.0 557.0 565.0 574.0 485.0 484.0 484.0 541.0 503.0 488.0 454.0 422.0 457.0 467.0 345.0 339.0 337.0 337.0 338.0 349.0 394.0 329.0 307.0 306.0 304.0 301.0 259.0 267.0 248.0 240.0 252.0 177.0 173.0 143.0 175.0 166.0 127.0 94.0 38.0 25.0 8.0 -9999 -9999 -9999 -9999 -9999 -9999 -9999 -9999 -9999 -9999 -9999 -9999
822.0 665.0 481.0 324.0 563.0 676.0 777.0 562.0 484.0 567.0 625.0 678.0 679.0 565.0 509.0 444.0 423.0 250.0 400.0 617.0 526.0 587.0 484.0 457.0 492.0 534.0 471.0 499.0 475.0 597.0 601.0 536.0 517.0 493.0 461.0 460.0 411.0 354.0 342.0 337.0 337.0 348.0 359.0 323.0 308.0 304.0 306.0 304.0 303.0 265.0 259.0 243.0 261.0 264.0 224.0 198.0 173.0 160.0 169.0 197.0 152.0 103.0 42.0 20.0 2.0 -9999 -9999 3.0 7.0 11.0 0.0 -9999 -9999 -9999 -9999 -9999 -9999
795.0 708.0 589.0 335.0 643.0 671.0 726.0 562.0 518.0 686.0 708.0 693.0 511.0 530.0 488.0 536.0 482.0 364.0 295.0 395.0 457.0 497.0 488.0 474.0 448.0 443.0 467.0 472.0 458.0 530.0 502.0 508.0 520.0 500.0 457.0 393.0 399.0 365.0 355.0 337.0 337.0 335.0 363.0 387.0 294.0 301.0 304.0 262.0 295.0 260.0 257.0 305.0 302.0 243.0 244.0 208.0 185.0 165.0 156.0 143.0 84.0 64.0 53.0 36.0 19.0 28.0 31.0 48.0 57.0 46.0 40.0 19.0 14.0 11.0 3.0 -9999 -9999
706.0 676.0 649.0 537.0 674.0 726.0 642.0 569.0 600.0 614.0 571.0 545.0 599.0 615.0 556.0 528.0 552.0 637.0 719.0 491.0 450.0 482.0 468.0 433.0 457.0 423.0 423.0 434.0 454.0 455.0 464.0 485.0 461.0 458.0 457.0 600.0 472.0 415.0 337.0 422.0 439.0 351.0 322.0 292.0 260.0 260.0 305.0 265.0 305.0 305.0 278.0 308.0 219.0 233.0 203.0 187.0 172.0 150.0 136.0 151.0 151.0 98.0 66.0 51.0 34.0 80.0 81.0 75.0 184.0 157.0 111.0 102.0 58.0 71.0 33.0 8.0 2.0
518.0 557.0 565.0 602.0 660.0 700.0 699.0 651.0 651.0 655.0 603.0 572.0 571.0 576.0 563.0 597.0 692.0 693.0 673.0 474.0 548.0 533.0 565.0 548.0 433.0 423.0 458.0 420.0 394.0 390.0 461.0 459.0 427.0 427.0 473.0 415.0 396.0 457.0 395.0 348.0 364.0 302.0 303.0 305.0 307.0 294.0 303.0 304.0 282.0 245.0 278.0 234.0 201.0 204.0 197.0 227.0 226.0 187.0 166.0 152.0 152.0 112.0 87.0 115.0 119.0 78.0 94.0 152.0 139.0 137.0 153.0 155.0 126.0 110.0 73.0 46.0 16.0
766.0 641.0 596.0 503.0 622.0 604.0 604.0 604.0 604.0 977.0 708.0 792.0 709.0 651.0 607.0 724.0 701.0 680.0 664.0 638.0 642.0 701.0 624.0 542.0 472.0 447.0 421.0 450.0 515.0 390.0 390.0 396.0 425.0 414.0 426.0 365.0 397.0 376.0 376.0 305.0 304.0 307.0 304.0 305.0 304.0 305.0 304.0 269.0 255.0 253.0 231.0 187.0 187.0 196.0 187.0 220.0 228.0 193.0 158.0 152.0 154.0 152.0 168.0 153.0 152.0 105.0 107.0 113.0 96.0 120.0 132.0 108.0 130.0 131.0 117.0 70.0 43.0
631.0 631.0 688.0 655.0 766.0 770.0 752.0 964.0 792.0 783.0 604.0 606.0 592.0 670.0 581.0 594.0 635.0 650.0 648.0 673.0 718.0 685.0 603.0 643.0 541.0 484.0 457.0 516.0 450.0 459.0 451.0 427.0 378.0 371.0 396.0 404.0 392.0 405.0 339.0 313.0 349.0 306.0 329.0 310.0 303.0 305.0 306.0 285.0 268.0 240.0 215.0 195.0 187.0 187.0 226.0 216.0 203.0 226.0 177.0 176.0 174.0 159.0 162.0 157.0 151.0 149.0 140.0 130.0 143.0 131.0 123.0 101.0 94.0 79.0 57.0 63.0 76.0
863.0 860.0 888.0 735.0 823.0 872.0 1120.0 1067.0 1038.0 764.0 608.0 649.0 688.0 570.0 627.0 602.0 574.0 640.0 647.0 650.0 601.0 615.0 647.0 652.0 729.0 522.0 461.0 463.0 600.0 479.0 547.0 528.0 500.0 490.0 509.0 572.0 391.0 328.0 329.0 335.0 327.0 318.0 302.0 304.0 294.0 280.0 259.0 264.0 240.0 218.0 207.0 191.0 209.0 211.0 213.0 200.0 189.0 191.0 187.0 182.0 181.0 181.0 179.0 168.0 180.0 198.0 153.0 166.0 155.0 153.0 152.0 132.0 142.0 137.0 137.0 140.0 93.0
1059.0 1149.0 1121.0 975.0 975.0 853.0 872.0 823.0 745.0 693.0 673.0 614.0 629.0 673.0 664.0 694.0 664.0 655.0 597.0 549.0 549.0 529.0 529.0 506.0 485.0 475.0 472.0 480.0 486.0 508.0 609.0 540.0 505.0 582.0 641.0 600.0 394.0 373.0 329.0 301.0 281.0 280.0 276.0 289.0 257.0 261.0 260.0 290.0 234.0 214.0 215.0 217.0 213.0 230.0 217.0 219.0 209.0 228.0 202.0 183.0 193.0 210.0 200.0 210.0 199.0 208.0 206.0 195.0 180.0 171.0 166.0 160.0 155.0 149.0 135.0 131.0 135.0
1469.0 1186.0 1051.0 975.0 1341.0 1097.0 865.0 874.0 732.0 704.0 697.0 695.0 709.0 654.0 632.0 628.0 671.0 625.0 671.0 569.0 579.0 655.0 623.0 615.0 676.0 664.0 560.0 571.0 525.0 572.0 699.0 570.0 505.0 513.0 515.0 450.0 367.0 335.0 290.0 269.0 268.0 265.0 262.0 260.0 258.0 267.0 267.0 290.0 267.0 217.0 217.0 217.0 236.0 252.0 252.0 255.0 248.0 262.0 249.0 226.0 246.0 258.0 269.0 278.0 240.0 253.0 271.0 273.0 228.0 186.0 211.0 211.0 183.0 174.0 168.0 155.0 152.0
2210.0 1433.0 1085.0 1082.0 990.0 960.0 1006.0 934.0 838.0 817.0 719.0 724.0 647.0 753.0 709.0 690.0 677.0 677.0 640.0 633.0 616.0 591.0 538.0 596.0 642.0 687.0 703.0 603.0 649.0 490.0 483.0 496.0 482.0 511.0 458.0 426.0 343.0 319.0 318.0 275.0 751.0 288.0 288.0 296.0 258.0 256.0 271.0 278.0 230.0 217.0 217.0 217.0 222.0 246.0 253.0 260.0 296.0 301.0 270.0 282.0 272.0 282.0 295.0 285.0 304.0 280.0 303.0 246.0 236.0 264.0 228.0 244.0 215.0 191.0 175.0 162.0 166.0
1854.0 1981.0 1981.0 1556.0 1395.0 1250.0 1212.0 947.0 914.0 899.0 884.0 881.0 784.0 732.0 757.0 709.0 688.0 701.0 701.0 669.0 640.0 638.0 592.0 578.0 550.0 530.0 610.0 762.0 763.0 516.0 434.0 478.0 435.0 454.0 434.0 426.0 361.0 420.0 603.0 567.0 426.0 323.0 289.0 262.0 252.0 252.0 266.0 256.0 254.0 217.0 217.0 217.0 217.0 226.0 250.0 271.0 294.0 306.0 311.0 321.0 301.0 294.0 291.0 296.0 284.0 294.0 283.0 313.0 293.0 304.0 302.0 270.0 265.0 232.0 186.0 193.0 177.0
1848.0 1220.0 1981.0 2015.0 1698.0 1611.0 1323.0 1093.0 984.0 1101.0 946.0 938.0 855.0 861.0 790.0 747.0 698.0 702.0 678.0 668.0 632.0 617.0 640.0 671.0 629.0 540.0 561.0 565.0 564.0 463.0 472.0 488.0 546.0 548.0 532.0 556.0 511.0 471.0 454.0 408.0 387.0 536.0 732.0 472.0 265.0 252.0 252.0 265.0 262.0 217.0 217.0 217.0 217.0 223.0 246.0 272.0 282.0 302.0 319.0 320.0 311.0 305.0 308.0 308.0 308.0 306.0 312.0 319.0 306.0 304.0 293.0 305.0 305.0 301.0 208.0 193.0 195.0
1801.0 2972.0 2076.0 2433.0 2591.0 1829.0 1595.0 1219.0 1156.0 1020.0 945.0 939.0 859.0 825.0 828.0 835.0 797.0 743.0 780.0 701.0 693.0 671.0 729.0 663.0 659.0 662.0 688.0 564.0 505.0 485.0 554.0 568.0 576.0 559.0 582.0 570.0 559.0 566.0 647.0 568.0 549.0 608.0 498.0 303.0 319.0 264.0 252.0 261.0 290.0 250.0 219.0 217.0 217.0 217.0 237.0 265.0 293.0 305.0 325.0 336.0 336.0 368.0 347.0 362.0 345.0 358.0 368.0 360.0 347.0 314.0 333.0 316.0 303.0 284.0 220.0 222.0 242.0
1131.0 1362.0 2046.0 2297.0 2406.0 2395.0 2438.0 1981.0 1480.0 1176.0 1021.0 1004.0 928.0 859.0 852.0 823.0 825.0 786.0 768.0 728.0 686.0 747.0 716.0 694.0 658.0 720.0 701.0 562.0 547.0 460.0 546.0 524.0 555.0 534.0 538.0 520.0 521.0 530.0 565.0 509.0 512.0 474.0 466.0 610.0 618.0 289.0 253.0 249.0 260.0 276.0 240.0 229.0 219.0 217.0 234.0 252.0 282.0 300.0 325.0 340.0 360.0 340.0 374.0 410.0 376.0 391.0 365.0 341.0 366.0 359.0 401.0 336.0 320.0 303.0 307.0 305.0 263.0
749.0 1615.0 1562.0 914.0 2427.0 1843.0 2837.0 2133.0 1767.0 1372.0 1175.0 1014.0 926.0 823.0 764.0 945.0 838.0 776.0 807.0 771.0 748.0 716.0 740.0 677.0 683.0 672.0 610.0 563.0 583.0 589.0 607.0 651.0 579.0 518.0 541.0 668.0 639.0 622.0 570.0 482.0 477.0 458.0 554.0 639.0 779.0 339.0 259.0 248.0 248.0 247.0 273.0 268.0 227.0 218.0 217.0 250.0 269.0 300.0 340.0 360.0 400.0 417.0 397.0 440.0 395.0 409.0 374.0 429.0 379.0 361.0 349.0 349.0 354.0 314.0 331.0 286.0 260.0
1626.0 877.0 2272.0 1778.0 1216.0 1383.0 1981.0 2072.0 1981.0 1396.0 1187.0 1088.0 972.0 914.0 897.0 859.0 732.0 731.0 722.0 783.0 777.0 685.0 686.0 692.0 671.0 603.0 698.0 717.0 655.0 518.0 547.0 625.0 557.0 518.0 564.0 583.0 631.0 679.0 621.0 549.0 516.0 516.0 481.0 618.0 462.0 383.0 279.0 263.0 266.0 247.0 257.0 280.0 261.0 229.0 223.0 237.0 255.0 308.0 340.0 360.0 400.0 390.0 361.0 421.0 397.0 444.0 438.0 376.0 374.0 373.0 373.0 366.0 347.0 356.0 332.0 319.0 291.0
1531.0 600.0 880.0 1918.0 2300.0 2042.0 1605.0 2096.0 2243.0 1980.0 1347.0 1162.0 1077.0 1078.0 890.0 800.0 760.0 764.0 845.0 781.0 711.0 730.0 745.0 708.0 700.0 625.0 559.0 639.0 698.0 670.0 602.0 623.0 583.0 560.0 563.0 677.0 602.0 560.0 601.0 554.0 538.0 518.0 494.0 555.0 601.0 587.0 616.0 457.0 300.0 266.0 247.0 260.0 272.0 246.0 217.0 217.0 273.0 319.0 341.0 368.0 367.0 368.0 365.0 366.0 421.0 448.0 381.0 361.0 399.0 397.0 410.0 396.0 361.0 387.0 372.0 331.0 336.0
933.0 1268.0 1964.0 2304.0 1351.0 2324.0 1621.0 1712.0 1667.0 2380.0 1515.0 1312.0 1000.0 967.0 910.0 800.0 774.0 754.0 754.0 707.0 789.0 781.0 738.0 719.0 732.0 731.0 764.0 810.0 758.0 733.0 711.0 749.0 600.0 564.0 585.0 574.0 655.0 669.0 673.0 647.0 624.0 588.0 519.0 461.0 529.0 574.0 575.0 401.0 299.0 267.0 247.0 247.0 262.0 234.0 223.0 229.0 259.0 295.0 333.0 324.0 331.0 338.0 388.0 365.0 403.0 359.0 380.0 368.0 422.0 448.0 417.0 417.0 387.0 369.0 301.0 283.0 318.0
1687.0 2234.0 1446.0 2416.0 1325.0 1484.0 1617.0 2418.0 1524.0 1910.0 1518.0 1488.0 976.0 945.0 887.0 829.0 783.0 794.0 862.0 786.0 899.0 841.0 791.0 821.0 1049.0 946.0 914.0 793.0 736.0 746.0 729.0 714.0 707.0 731.0 648.0 579.0 586.0 606.0 638.0 747.0 742.0 648.0 571.0 488.0 427.0 397.0 380.0 374.0 388.0 315.0 297.0 245.0 237.0 231.0 243.0 267.0 284.0 320.0 367.0 360.0 356.0 396.0 426.0 370.0 394.0 396.0 417.0 404.0 424.0 456.0 456.0 465.0 442.0 308.0 283.0 283.0 341.0
1220.0 1577.0 613.0 1676.0 682.0 1572.0 1472.0 884.0 1761.0 1918.0 1377.0 1178.0 1142.0 1053.0 959.0 958.0 940.0 897.0 896.0 957.0 1075.0 1157.0 993.0 988.0 915.0 977.0 910.0 885.0 786.0 759.0 759.0 777.0 703.0 718.0 753.0 656.0 601.0 574.0 596.0 600.0 588.0 587.0 533.0 467.0 438.0 454.0 457.0 444.0 380.0 459.0 334.0 259.0 240.0 236.0 266.0 304.0 320.0 336.0 325.0 325.0 335.0 334.0 365.0 396.0 426.0 395.0 467.0 419.0 456.0 487.0 486.0 456.0 462.0 316.0 283.0 283.0 419.0
650.0 790.0 874.0 1583.0 1676.0 682.0 1276.0 1557.0 913.0 2119.0 1811.0 2096.0 1396.0 1282.0 1260.0 1169.0 1029.0 997.0 999.0 969.0 883.0 891.0 915.0 898.0 935.0 892.0 838.0 809.0 911.0 818.0 893.0 836.0 819.0 791.0 737.0 761.0 700.0 594.0 571.0 552.0 543.0 546.0 496.0 454.0 475.0 670.0 614.0 508.0 472.0 479.0 463.0 283.0 249.0 242.0 292.0 320.0 327.0 329.0 325.0 325.0 325.0 337.0 365.0 426.0 395.0 381.0 455.0 463.0 488.0 470.0 487.0 487.0 456.0 491.0 297.0 296.0 449.0
1844.0 579.0 1199.0 1506.0 1619.0 1127.0 1155.0 1234.0 1754.0 1050.0 1361.0 1249.0 2328.0 1591.0 1219.0 1143.0 1038.0 1011.0 1097.0 985.0 884.0 813.0 792.0 755.0 881.0 907.0 828.0 731.0 709.0 850.0 896.0 854.0 823.0 823.0 791.0 682.0 611.0 644.0 697.0 746.0 699.0 580.0 508.0 457.0 447.0 457.0 487.0 525.0 464.0 487.0 488.0 427.0 265.0 242.0 271.0 319.0 341.0 353.0 375.0 349.0 338.0 361.0 362.0 340.0 355.0 366.0 426.0 457.0 418.0 486.0 487.0 459.0 457.0 426.0 420.0 183.0 183.0
1084.0 947.0 1389.0 773.0 898.0 680.0 1281.0 1190.0 1341.0 1462.0 975.0 1361.0 1707.0 1816.0 1341.0 1176.0 1084.0 1084.0 943.0 853.0 853.0 884.0 1300.0 1304.0 884.0 773.0 701.0 700.0 700.0 640.0 734.0 825.0 731.0 730.0 591.0 701.0 710.0 572.0 675.0 652.0 671.0 641.0 551.0 487.0 457.0 459.0 477.0 484.0 439.0 451.0 461.0 446.0 273.0 245.0 262.0 333.0 347.0 362.0 372.0 360.0 369.0 368.0 358.0 390.0 427.0 381.0 396.0 445.0 466.0 457.0 487.0 426.0 396.0 183.0 183.0 183.0 183.0
402.0 797.0 707.0 898.0 730.0 1256.0 1414.0 1196.0 1515.0 1537.0 1192.0 1757.0 2042.0 2145.0 1811.0 1280.0 1133.0 1075.0 1006.0 914.0 914.0 914.0 975.0 986.0 1074.0 978.0 817.0 823.0 914.0 816.0 685.0 731.0 731.0 670.0 711.0 729.0 641.0 645.0 696.0 671.0 565.0 657.0 640.0 646.0 518.0 487.0 488.0 473.0 462.0 450.0 428.0 457.0 341.0 259.0 260.0 290.0 347.0 360.0 366.0 366.0 421.0 412.0 396.0 411.0 408.0 415.0 463.0 472.0 532.0 563.0 536.0 361.0 183.0 233.0 183.0 183.0 183.0
642.0 717.0 707.0 751.0 672.0 1037.0 1096.0 1828.0 1341.0 1304.0 853.0 2012.0 2148.0 2074.0 2027.0 1254.0 1158.0 1048.0 1036.0 1280.0 1319.0 1067.0 1066.0 1083.0 939.0 836.0 780.0 897.0 914.0 835.0 762.0 822.0 792.0 792.0 853.0 609.0 743.0 756.0 756.0 731.0 671.0 579.0 630.0 609.0 585.0 604.0 579.0 524.0 479.0 460.0 447.0 444.0 338.0 290.0 265.0 313.0 386.0 457.0 444.0 411.0 401.0 399.0 411.0 438.0 433.0 413.0 502.0 579.0 456.0 183.0 183.0 183.0 183.0 183.0 183.0 183.0 314.0
579.0 487.0 670.0 792.0 1011.0 1278.0 1802.0 1522.0 1651.0 1097.0 1056.0 2174.0 1636.0 1280.0 2230.0 2012.0 1099.0 1327.0 1524.0 1692.0 1521.0 1280.0 1212.0 1372.0 1036.0 898.0 812.0 949.0 1013.0 912.0 792.0 879.0 944.0 853.0 631.0 792.0 883.0 739.0 794.0 754.0 663.0 661.0 640.0 579.0 611.0 610.0 548.0 548.0 557.0 457.0 451.0 439.0 360.0 295.0 262.0 330.0 381.0 457.0 442.0 494.0 396.0 408.0 408.0 387.0 387.0 427.0 443.0 183.0 183.0 183.0 183.0 183.0 183.0 183.0 274.0 197.0 183.0
331.0 392.0 338.0 792.0 823.0 1041.0 737.0 918.0 1822.0 1960.0 1938.0 1326.0 1680.0 1414.0 1830.0 1857.0 1249.0 1700.0 1482.0 1768.0 2267.0 1587.0 1559.0 1706.0 1153.0 1036.0 907.0 960.0 914.0 914.0 884.0 910.0 746.0 797.0 829.0 884.0 884.0 792.0 845.0 814.0 792.0 697.0 655.0 643.0 498.0 569.0 579.0 575.0 608.0 460.0 449.0 385.0 323.0 291.0 280.0 343.0 442.0 423.0 439.0 411.0 388.0 380.0 369.0 387.0 404.0 365.0 198.0 259.0 407.0 183.0 183.0 245.0 463.0 271.0 304.0 518.0 562.0
427.0 643.0 1402.0 731.0 880.0 1141.0 975.0 1349.0 1829.0 2078.0 1921.0 1843.0 1890.0 2195.0 1450.0 1768.0 1944.0 1402.0 1744.0 1679.0 2162.0 1524.0 1242.0 1158.0 1097.0 1341.0 1037.0 945.0 798.0 769.0 823.0 825.0 884.0 792.0 853.0 975.0 875.0 937.0 858.0 823.0 787.0 758.0 670.0 586.0 532.0 511.0 596.0 614.0 640.0 490.0 429.0 397.0 358.0 323.0 292.0 304.0 381.0 426.0 442.0 388.0 357.0 403.0 381.0 409.0 354.0 381.0 315.0 354.0 426.0 469.0 548.0 518.0 503.0 495.0 467.0 483.0 442.0
