KEPLER/2.4/binaries/lib/outreach-2.3.0/workflows/data/garp/NA_ASC/h_flowacc.asc
nrows  200
ncols  400
xllcorner  -179.99962860149
yllcorner  6.7208489478326
cellsize  0.4
NODATA_value  -9999
[rows 108 to 143 of 200, columns 162 to 242 of 400]
3.0 3.0 0.0 1.0 1.0 11.0 4.0 0.0 16.0 1.0 92.0 0.0 0.0 0.0 146.0 0.0 81.0 2.0 0.0 0.0 0.0 10.0 0.0 0.0 0.0 0.0 0.0 2.0 0.0 0.0 6.0 2.0 3.0 2.0 0.0 218.0 0.0 1.0 0.0 1.0 0.0 0.0 165.0 0.0 295.0 0.0 0.0 0.0 0.0 0.0 1.0 0.0 0.0 0.0 0.0 0.0 2.0 0.0 0.0 0.0 0.0 0.0 186.0 0.0 0.0 0.0 0.0 0.0 0.0 143.0 1460.0 212.0 32.0 26.0 0.0 1.0 6.0 1.0 4.0 0.0 0.0
0.0 1.0 20.0 1766.0 12.0 0.0 1.0 1.0 2261.0 0.0 0.0 7.0 1.0 3.0 0.0 0.0 116.0 46.0 45.0 147.0 0.0 8.0 1.0 2.0 0.0 0.0 4.0 613.0 0.0 0.0 1.0 8.0 10.0 0.0 0.0 0.0 5.0 17.0 2344.0 0.0 17.0 1.0 0.0 0.0 0.0 3.0 2.0 0.0 0.0 0.0 4.0 0.0 1.0 3.0 11.0 0.0 0.0 0.0 0.0 20.0 37.0 0.0 0.0 40.0 0.0 14.0 18.0 0.0 0.0 108.0 161.0 165.0 347.0 22.0 0.0 0.0 0.0 21.0 0.0 13.0 0.0
180.0 0.0 2.0 1.0 8.0 72.0 1.0 0.0 0.0 0.0 1.0 0.0 0.0 3.0 51.0 0.0 1.0 0.0 3.0 0.0 142.0 1.0 6.0 7.0 3.0 1.0 5.0 31.0 0.0 0.0 0.0 2.0 6.0 1.0 26.0 11.0 0.0 15.0 0.0 0.0 29.0 11.0 0.0 0.0 1.0 0.0 5.0 2.0 0.0 0.0 2.0 0.0 0.0 4536.0 1.0 3.0 1920.0 0.0 10.0 0.0 0.0 790.0 0.0 9.0 0.0 28.0 21.0 0.0 4.0 66.0 117.0 123.0 62.0 0.0 3.0 12.0 0.0 17.0 0.0 0.0 16.0
0.0 0.0 0.0 0.0 0.0 12.0 18.0 0.0 0.0 0.0 0.0 0.0 4.0 0.0 27.0 0.0 3.0 1.0 3.0 5.0 1.0 1.0 0.0 0.0 1.0 2.0 41312.0 4.0 56.0 0.0 0.0 0.0 3.0 0.0 4.0 2.0 0.0 2.0 0.0 0.0 0.0 0.0 0.0 0.0 8.0 0.0 0.0 1.0 0.0 0.0 0.0 0.0 2.0 0.0 5.0 0.0 23.0 0.0 0.0 0.0 1.0 0.0 0.0 12.0 0.0 0.0 0.0 0.0 0.0 44.0 877.0 64.0 2.0 0.0 2223.0 59.0 2.0 0.0 1.0 11.0 1.0
0.0 3.0 0.0 8.0 5.0 0.0 8.0 25.0 1.0 13.0 0.0 0.0 1.0 21.0 0.0 5.0 0.0 27.0 1.0 6.0 13.0 0.0 0.0 6.0 6.0 249.0 2.0 4.0 10.0 0.0 0.0 0.0 0.0 250.0 0.0 0.0 0.0 277.0 0.0 2.0 11.0 1.0 26.0 21.0 0.0 0.0 1.0 0.0 0.0 0.0 36.0 0.0 0.0 0.0 3.0 0.0 0.0 0.0 0.0 0.0 11.0 2.0 6.0 0.0 1.0 0.0 12.0 0.0 1.0 35.0 29.0 10.0 2.0 118.0 0.0 3.0 4.0 41.0 977.0 97.0 17.0
1.0 9.0 202.0 0.0 0.0 11.0 131.0 6.0 1.0 0.0 0.0 0.0 2.0 7905.0 0.0 1.0 0.0 2.0 56.0 0.0 11.0 2.0 69.0 0.0 0.0 0.0 1.0 4.0 41.0 6.0 0.0 0.0 4.0 877.0 0.0 2.0 0.0 0.0 1.0 0.0 0.0 6.0 0.0 233.0 4.0 0.0 6.0 1.0 0.0 0.0 6.0 3.0 0.0 9.0 0.0 9.0 4.0 1.0 1.0 0.0 1.0 12.0 0.0 9.0 0.0 1.0 0.0 18.0 0.0 78.0 0.0 0.0 0.0 0.0 0.0 0.0 3.0 222.0 0.0 48.0 8.0
8.0 19.0 0.0 0.0 28291.0 0.0 10.0 2.0 17.0 3026.0 0.0 0.0 0.0 2.0 107.0 0.0 0.0 1.0 0.0 5.0 1.0 0.0 5.0 0.0 7.0 0.0 1.0 27.0 0.0 3.0 0.0 0.0 0.0 10.0 1.0 0.0 0.0 1.0 0.0 0.0 0.0 1.0 70.0 3.0 0.0 1.0 0.0 0.0 0.0 1.0 6.0 0.0 0.0 0.0 0.0 6.0 0.0 0.0 5.0 4.0 0.0 418.0 7.0 24.0 0.0 0.0 16.0 135.0 0.0 1.0 1.0 0.0 0.0 0.0 0.0 1.0 1.0 2.0 1.0 0.0 0.0
18.0 5.0 10.0 11.0 4.0 9.0 0.0 7.0 3.0 0.0 0.0 0.0 3.0 0.0 0.0 2.0 8.0 12.0 72.0 0.0 209.0 0.0 0.0 0.0 7.0 0.0 12.0 0.0 259.0 4.0 34.0 0.0 156.0 2.0 49.0 1.0 0.0 0.0 86.0 1.0 148927.0 38.0 33.0 0.0 1.0 0.0 0.0 0.0 0.0 2.0 4.0 0.0 0.0 2.0 11.0 0.0 1734.0 1.0 0.0 4.0 310516.0 0.0 3.0 0.0 5.0 0.0 9.0 9.0 0.0 1.0 1.0 0.0 78.0 2.0 0.0 0.0 4.0 1.0 0.0 224.0 5.0
5.0 209.0 462.0 0.0 2.0 2.0 0.0 715.0 2.0 0.0 0.0 1.0 0.0 11.0 6.0 3.0 0.0 7.0 0.0 5.0 0.0 0.0 0.0 0.0 7.0 0.0 0.0 0.0 8.0 12.0 2.0 1.0 2044.0 1.0 1371.0 1.0 0.0 0.0 1.0 45.0 2.0 0.0 0.0 2929.0 0.0 4.0 2.0 35.0 0.0 0.0 0.0 0.0 0.0 0.0 0.0 0.0 0.0 0.0 1.0 0.0 0.0 0.0 0.0 1.0 1.0 0.0 144.0 0.0 0.0 24.0 85.0 7.0 0.0 4.0 4.0 22.0 71.0 1.0 6.0 0.0 24.0
0.0 7.0 0.0 0.0 121.0 0.0 16.0 0.0 1.0 1.0 0.0 0.0 1.0 0.0 0.0 0.0 0.0 0.0 63.0 3.0 0.0 0.0 0.0 2.0 0.0 2.0 0.0 10.0 2.0 0.0 0.0 0.0 0.0 0.0 0.0 0.0 44.0 7.0 0.0 0.0 1.0 0.0 0.0 0.0 1.0 0.0 0.0 0.0 0.0 7.0 0.0 1.0 45.0 181.0 0.0 0.0 0.0 1.0 0.0 0.0 14.0 0.0 4.0 5.0 2.0 33.0 1.0 0.0 0.0 1.0 2.0 0.0 23.0 11.0 12.0 153.0 11.0 0.0 0.0 0.0 1.0
4.0 4.0 16.0 4.0 1287.0 6.0 11.0 0.0 0.0 0.0 2.0 8.0 1.0 0.0 154.0 1.0 0.0 0.0 2.0 5.0 3465.0 0.0 161.0 8.0 1.0 0.0 15.0 86.0 0.0 1.0 1.0 1.0 0.0 2.0 0.0 0.0 0.0 13.0 3.0 4.0 0.0 7.0 1.0 0.0 22.0 0.0 0.0 2.0 6.0 1495.0 0.0 11.0 0.0 0.0 7.0 0.0 5.0 0.0 0.0 0.0 1.0 0.0 3.0 9.0 1.0 3.0 0.0 13.0 9.0 0.0 3.0 0.0 169.0 40.0 245.0 0.0 2.0 1.0 3.0 1.0 0.0
5.0 26.0 2.0 0.0 2.0 6.0 13398.0 39.0 0.0 0.0 10.0 0.0 3971.0 0.0 0.0 20.0 0.0 0.0 0.0 0.0 8.0 0.0 216.0 0.0 1.0 0.0 0.0 3.0 37.0 2.0 0.0 1.0 23.0 0.0 1.0 0.0 6.0 1.0 17.0 2.0 1.0 0.0 9.0 0.0 0.0 0.0 116197.0 8.0 16.0 177.0 0.0 154945.0 0.0 0.0 0.0 21.0 0.0 0.0 0.0 0.0 0.0 0.0 24.0 0.0 1.0 0.0 0.0 0.0 0.0 0.0 0.0 3.0 0.0 0.0 2.0 0.0 4.0 2.0 58.0 0.0 0.0
2.0 1.0 1.0 0.0 0.0 9.0 0.0 0.0 0.0 0.0 3.0 15.0 24.0 43.0 2.0 5.0 0.0 0.0 1.0 0.0 0.0 2.0 0.0 1.0 0.0 0.0 1.0 10.0 0.0 1.0 12.0 1.0 0.0 49.0 0.0 0.0 0.0 0.0 16.0 0.0 1.0 3.0 0.0 1.0 0.0 85.0 0.0 179.0 0.0 10.0 1.0 1.0 2.0 0.0 1.0 1.0 0.0 1.0 0.0 0.0 0.0 14.0 0.0 0.0 1.0 0.0 1.0 0.0 0.0 89.0 0.0 0.0 0.0 13.0 0.0 4.0 2.0 2355.0 0.0 1.0 5.0
2.0 4.0 0.0 0.0 7.0 1.0 3.0 4.0 792.0 0.0 5.0 0.0 5.0 114692.0 0.0 1.0 0.0 1.0 6.0 0.0 3.0 0.0 0.0 7.0 0.0 0.0 10.0 2.0 0.0 4.0 0.0 1.0 6.0 0.0 0.0 0.0 1.0 55.0 0.0 1.0 0.0 0.0 13.0 0.0 0.0 2.0 0.0 0.0 240.0 0.0 3.0 3.0 0.0 2.0 36.0 0.0 111.0 36929.0 0.0 196.0 0.0 0.0 0.0 0.0 1.0 0.0 21.0 16.0 10.0 0.0 3.0 17.0 0.0 0.0 0.0 3.0 3.0 56.0 1.0 0.0 0.0
0.0 0.0 1.0 0.0 0.0 0.0 4.0 2.0 0.0 0.0 5.0 6.0 0.0 0.0 0.0 0.0 3.0 0.0 2.0 12.0 0.0 2.0 257.0 1817.0 0.0 11.0 0.0 1.0 1.0 2.0 51.0 0.0 0.0 6.0 1.0 3.0 4.0 5.0 2.0 0.0 18.0 0.0 2.0 1.0 0.0 1.0 2.0 8.0 2.0 0.0 0.0 142.0 6.0 2.0 0.0 1.0 0.0 0.0 0.0 0.0 57.0 1.0 8.0 3.0 0.0 2628.0 1.0 1.0 8.0 0.0 0.0 0.0 0.0 1.0 0.0 0.0 0.0 1.0 16.0 4.0 0.0
7.0 0.0 7.0 3.0 5.0 2.0 0.0 0.0 0.0 0.0 0.0 17.0 0.0 5.0 710.0 3.0 81.0 2.0 6.0 20.0 2.0 0.0 1.0 191.0 0.0 6.0 48.0 0.0 0.0 3.0 0.0 0.0 1.0 0.0 1.0 2.0 0.0 2.0 0.0 10.0 3.0 0.0 0.0 18.0 2.0 0.0 1.0 1.0 0.0 3.0 19.0 2.0 0.0 22.0 10.0 4.0 0.0 1.0 0.0 0.0 3.0 0.0 0.0 0.0 51.0 0.0 58.0 0.0 0.0 3.0 7.0 0.0 0.0 0.0 0.0 0.0 0.0 0.0 0.0 0.0 0.0
14.0 1.0 2.0 4.0 0.0 0.0 0.0 614.0 1.0 1.0 6.0 0.0 1.0 17.0 145.0 3.0 0.0 2.0 0.0 101.0 1.0 3.0 0.0 0.0 0.0 0.0 1.0 2.0 1.0 30.0 2.0 13.0 36.0 1.0 0.0 1.0 0.0 7.0 0.0 0.0 41.0 3.0 2.0 0.0 1.0 1.0 0.0 0.0 0.0 0.0 46.0 0.0 0.0 11.0 0.0 0.0 0.0 0.0 0.0 0.0 27.0 44.0 0.0 0.0 7.0 516783.0 6.0 22.0 0.0 0.0 14.0 1.0 0.0 1.0 24.0 0.0 0.0 0.0 5.0 0.0 0.0
12.0 1.0 11.0 3.0 4.0 5.0 0.0 264.0 412.0 7.0 0.0 0.0 0.0 1.0 4.0 0.0 1.0 0.0 0.0 0.0 0.0 0.0 1.0 267.0 1.0 0.0 4.0 0.0 15.0 0.0 0.0 0.0 11.0 5.0 1.0 0.0 13.0 1.0 5.0 12.0 0.0 27.0 157.0 5.0 0.0 2.0 1.0 132.0 0.0 10421.0 1.0 0.0 0.0 0.0 0.0 6.0 0.0 0.0 0.0 0.0 7.0 8.0 0.0 6.0 0.0 2351246.0 0.0 0.0 0.0 7.0 3.0 0.0 101.0 0.0 0.0 1.0 0.0 88.0 0.0 0.0 33.0
20.0 0.0 24.0 9.0 0.0 187.0 1.0 0.0 0.0 0.0 0.0 0.0 0.0 1.0 2.0 7.0 0.0 0.0 0.0 0.0 0.0 0.0 1.0 16.0 82.0 1.0 0.0 1.0 1.0 0.0 1.0 0.0 0.0 0.0 0.0 0.0 2.0 0.0 3.0 2.0 0.0 1.0 6.0 3.0 1.0 0.0 0.0 0.0 0.0 0.0 11.0 1.0 0.0 4.0 0.0 0.0 8.0 0.0 2.0 0.0 0.0 15.0 2.0 3313.0 5.0 4.0 0.0 0.0 6.0 239.0 8.0 0.0 3.0 0.0 0.0 0.0 7.0 0.0 48.0 76.0 11.0
7.0 0.0 5.0 0.0 1.0 1.0 6.0 0.0 1.0 1394.0 58.0 0.0 0.0 0.0 122.0 0.0 7.0 1.0 1.0 0.0 4.0 1.0 1.0 0.0 0.0 8.0 128.0 0.0 0.0 0.0 1.0 0.0 1.0 22.0 0.0 2.0 0.0 5.0 0.0 4.0 19.0 0.0 0.0 12.0 3.0 0.0 0.0 0.0 0.0 35.0 0.0 2.0 1.0 0.0 1.0 0.0 0.0 1.0 0.0 0.0 0.0 3.0 1.0 6.0 4.0 0.0 0.0 10.0 90137.0 0.0 0.0 1.0 6.0 1.0 0.0 0.0 0.0 0.0 58.0 523.0 0.0
56.0 3.0 12.0 72.0 5.0 1.0 1.0 0.0 0.0 0.0 43.0 1405.0 7.0 4.0 1.0 4.0 1.0 5.0 5.0 0.0 73.0 34.0 4.0 0.0 0.0 0.0 0.0 0.0 0.0 16.0 0.0 0.0 0.0 2.0 0.0 1.0 1.0 0.0 7.0 0.0 161.0 0.0 0.0 19.0 5.0 6.0 0.0 1.0 0.0 3.0 0.0 129.0 4.0 392031.0 16.0 0.0 0.0 3.0 0.0 1.0 43.0 6.0 0.0 1.0 13.0 0.0 3.0 0.0 7.0 0.0 8.0 0.0 1.0 1.0 0.0 0.0 0.0 0.0 0.0 0.0 1.0
12.0 0.0 0.0 0.0 0.0 0.0 4.0 14.0 7.0 1.0 0.0 12.0 0.0 0.0 0.0 0.0 0.0 9.0 0.0 2.0 321.0 26.0 4.0 0.0 0.0 0.0 0.0 3.0 0.0 517.0 211.0 0.0 0.0 20.0 0.0 0.0 0.0 0.0 0.0 2.0 0.0 788.0 1.0 10906.0 40.0 21.0 32.0 0.0 7.0 4.0 0.0 0.0 0.0 4.0 1.0 0.0 3.0 1.0 0.0 0.0 1.0 0.0 0.0 320.0 0.0 2.0 0.0 1.0 0.0 839.0 0.0 0.0 0.0 0.0 0.0 1.0 1.0 0.0 0.0 0.0 3.0
33.0 18.0 0.0 8.0 103.0 0.0 0.0 0.0 0.0 2.0 1.0 0.0 0.0 2.0 6.0 3.0 1.0 0.0 0.0 2.0 3.0 29374.0 17.0 3.0 96.0 0.0 0.0 8.0 1.0 1.0 710.0 9.0 2.0 2.0 0.0 5.0 1.0 422.0 2.0 13.0 0.0 0.0 3.0 1.0 5.0 1.0 0.0 5.0 8.0 0.0 2.0 194.0 2.0 0.0 4.0 20.0 2.0 3.0 5.0 23.0 0.0 0.0 4.0 3.0 0.0 0.0 0.0 11.0 2.0 0.0 0.0 0.0 0.0 60747.0 14.0 0.0 0.0 0.0 0.0 0.0 0.0
0.0 0.0 1.0 13087.0 0.0 2.0 0.0 4.0 26.0 2.0 0.0 0.0 0.0 4.0 27.0 46.0 59.0 352.0 0.0 7.0 1.0 0.0 3.0 22.0 4.0 0.0 42.0 1.0 0.0 1014.0 1.0 4.0 10.0 0.0 0.0 0.0 1.0 3.0 0.0 0.0 0.0 4.0 0.0 1.0 0.0 0.0 6.0 8.0 0.0 3.0 1082.0 0.0 2.0 0.0 0.0 0.0 0.0 1.0 198.0 2.0 0.0 0.0 0.0 0.0 660.0 0.0 1.0 6.0 2.0 0.0 0.0 0.0 0.0 0.0 1223.0 0.0 6.0 0.0 0.0 2.0 0.0
8.0 1.0 1.0 3.0 1.0 1.0 9.0 1.0 20.0 89.0 0.0 0.0 0.0 0.0 1.0 0.0 24.0 1.0 33.0 11.0 0.0 6.0 1.0 0.0 0.0 0.0 0.0 1.0 0.0 15.0 1.0 0.0 5.0 3.0 3168.0 4.0 0.0 1.0 0.0 0.0 2.0 1.0 0.0 0.0 0.0 23.0 1.0 89.0 25.0 448.0 2.0 4.0 0.0 0.0 4.0 0.0 1.0 4.0 44.0 1.0 0.0 0.0 0.0 2.0 0.0 0.0 1.0 0.0 0.0 0.0 2.0 1.0 0.0 26.0 0.0 0.0 4.0 0.0 0.0 1.0 0.0
0.0 24.0 0.0 0.0 0.0 4.0 0.0 4.0 0.0 1.0 0.0 7.0 0.0 1.0 0.0 2.0 15.0 4.0 1.0 0.0 20.0 4217.0 0.0 0.0 0.0 0.0 4.0 0.0 254.0 4.0 7.0 22.0 13.0 0.0 15354.0 22.0 1.0 0.0 0.0 1.0 1.0 2.0 27.0 5.0 0.0 0.0 27.0 2.0 0.0 981.0 0.0 0.0 1.0 20.0 0.0 0.0 1.0 0.0 9.0 1.0 0.0 3.0 101.0 116.0 46.0 4.0 1.0 0.0 1.0 0.0 0.0 0.0 0.0 0.0 0.0 4.0 8.0 0.0 0.0 1.0 0.0
38.0 0.0 1.0 54.0 0.0 19.0 1.0 1.0 0.0 1.0 1.0 0.0 33.0 0.0 9.0 22.0 130.0 0.0 0.0 0.0 7.0 5.0 0.0 30.0 0.0 4.0 0.0 1.0 20.0 21.0 0.0 8.0 1.0 4.0 789.0 0.0 2.0 0.0 0.0 2285.0 0.0 0.0 0.0 0.0 4494.0 0.0 0.0 0.0 1.0 0.0 0.0 12.0 0.0 0.0 920.0 0.0 0.0 0.0 2.0 0.0 2893636.0 1.0 0.0 1.0 1.0 0.0 5.0 65.0 1.0 1.0 0.0 0.0 3.0 16.0 2421.0 39.0 4.0 0.0 0.0 6.0 0.0
5.0 2.0 0.0 5.0 0.0 3.0 0.0 9.0 1.0 14654.0 94.0 0.0 0.0 12.0 5333.0 21.0 2.0 2.0 0.0 10.0 2.0 57.0 0.0 7.0 47.0 25.0 3.0 0.0 321.0 0.0 1.0 3.0 0.0 1.0 0.0 0.0 7.0 0.0 21.0 0.0 0.0 31.0 1.0 0.0 0.0 0.0 103.0 0.0 5.0 8.0 0.0 2.0 0.0 0.0 1748.0 6.0 19.0 0.0 1.0 7.0 0.0 0.0 0.0 0.0 3.0 0.0 0.0 2.0 4.0 4.0 2.0 8.0 0.0 0.0 20.0 0.0 1.0 0.0 0.0 0.0 0.0
0.0 0.0 60.0 18.0 0.0 1.0 2.0 328.0 71.0 104.0 1.0 5.0 0.0 1.0 1.0 1.0 0.0 2.0 1.0 2.0 1.0 8.0 0.0 1.0 12.0 0.0 0.0 0.0 1.0 0.0 14.0 59.0 1.0 1.0 0.0 11.0 0.0 1.0 0.0 0.0 0.0 1.0 0.0 184.0 0.0 1.0 0.0 1.0 0.0 7.0 0.0 120.0 1.0 0.0 2.0 0.0 0.0 1.0 4.0 0.0 4.0 0.0 0.0 9.0 0.0 50.0 681.0 0.0 20.0 0.0 0.0 6.0 0.0 0.0 0.0 0.0 0.0 5.0 121.0 0.0 0.0
242.0 3.0 0.0 10.0 5.0 6.0 0.0 0.0 1.0 12.0 3.0 6.0 4.0 2.0 26.0 2.0 1.0 21.0 0.0 0.0 1.0 141.0 0.0 0.0 5.0 0.0 5.0 0.0 1433.0 1.0 6.0 0.0 1.0 0.0 1.0 0.0 3.0 4.0 0.0 0.0 37.0 0.0 24.0 1.0 0.0 0.0 0.0 0.0 0.0 0.0 16.0 1.0 9.0 3.0 0.0 0.0 1.0 0.0 0.0 0.0 0.0 1.0 0.0 0.0 480.0 0.0 1.0 1.0 0.0 1.0 3.0 1.0 0.0 416.0 0.0 0.0 0.0 1221.0 0.0 2.0 4.0
0.0 -9999 -9999 -9999 22.0 1700.0 0.0 2.0 1.0 4.0 0.0 0.0 19.0 0.0 19.0 0.0 0.0 2.0 13.0 13.0 55.0 0.0 0.0 0.0 1.0 0.0 2.0 0.0 971.0 5.0 2.0 0.0 8.0 1.0 10.0 211.0 2.0 1.0 53.0 63493.0 0.0 0.0 0.0 0.0 0.0 17.0 0.0 0.0 564.0 0.0 0.0 19.0 0.0 8.0 1.0 1.0 6.0 5.0 10.0 0.0 0.0 0.0 1.0 1.0 0.0 19.0 2.0 0.0 0.0 0.0 33.0 0.0 0.0 7.0 0.0 73.0 1.0 0.0 9.0 0.0 0.0
25.0 -9999 -9999 -9999 -9999 -9999 185.0 0.0 334.0 0.0 0.0 0.0 1.0 0.0 0.0 3.0 1.0 0.0 0.0 1.0 4.0 4.0 0.0 18.0 8.0 0.0 114.0 0.0 0.0 0.0 2.0 11.0 0.0 1.0 6.0 6.0 0.0 0.0 0.0 0.0 0.0 0.0 0.0 0.0 202.0 0.0 0.0 0.0 0.0 0.0 0.0 1.0 0.0 3.0 0.0 0.0 1.0 4.0 0.0 1.0 0.0 1.0 0.0 1.0 0.0 0.0 0.0 0.0 0.0 1.0 0.0 0.0 2.0 0.0 43.0 0.0 1.0 696.0 0.0 0.0 0.0
0.0 0.0 -9999 -9999 -9999 -9999 0.0 0.0 0.0 0.0 1.0 0.0 10.0 197.0 2.0 1.0 0.0 2.0 2.0 0.0 5.0 0.0 6.0 13.0 4.0 16.0 0.0 7.0 0.0 3.0 0.0 0.0 0.0 0.0 0.0 0.0 0.0 1.0 1.0 0.0 0.0 0.0 0.0 155.0 8.0 0.0 0.0 0.0 0.0 1.0 2.0 0.0 0.0 0.0 0.0 0.0 8.0 0.0 0.0 5.0 78.0 39.0 5.0 4.0 170.0 1.0 0.0 304.0 2.0 0.0 0.0 3088.0 0.0 0.0 11.0 95.0 5.0 18.0 1.0 0.0 42.0
0.0 0.0 -9999 -9999 -9999 -9999 23.0 1.0 2.0 0.0 0.0 1.0 6.0 0.0 0.0 0.0 1.0 32.0 4894.0 0.0 0.0 0.0 0.0 85.0 0.0 0.0 3.0 33.0 0.0 0.0 103.0 53.0 0.0 1.0 0.0 0.0 1.0 14.0 0.0 68.0 0.0 2.0 15.0 0.0 104.0 35.0 1.0 0.0 1.0 847.0 0.0 2.0 0.0 4.0 0.0 5.0 0.0 4.0 27.0 0.0 0.0 9.0 14.0 3.0 6.0 -9999 -9999 -9999 -9999 -9999 -9999 -9999 -9999 1.0 1.0 2887.0 1.0 0.0 0.0 6.0 0.0
0.0 3.0 -9999 -9999 -9999 -9999 -9999 0.0 0.0 0.0 53.0 4.0 0.0 0.0 0.0 1.0 30.0 0.0 3.0 16.0 1.0 3.0 4.0 0.0 4.0 1.0 2.0 4.0 4.0 0.0 0.0 0.0 7.0 0.0 0.0 1.0 5.0 8.0 0.0 0.0 0.0 0.0 3.0 90.0 0.0 7.0 0.0 3.0 1.0 0.0 5.0 4.0 0.0 0.0 0.0 2.0 35.0 2.0 6.0 0.0 26.0 3.0 27.0 2.0 0.0 -9999 -9999 -9999 -9999 -9999 -9999 -9999 -9999 -9999 -9999 27.0 12.0 -9999 -9999 6.0 11.0
-9999 1.0 0.0 4.0 0.0 -9999 -9999 0.0 4.0 0.0 1.0 0.0 5.0 0.0 4.0 0.0 2.0 58.0 0.0 0.0 0.0 0.0 0.0 0.0 0.0 0.0 1.0 0.0 14.0 0.0 7.0 0.0 0.0 3.0 2.0 5.0 645.0 2.0 0.0 25.0 0.0 1.0 0.0 7.0 5.0 0.0 3.0 1.0 0.0 0.0 0.0 -9999 -9999 -9999 -9999 -9999 -9999 -9999 -9999 -9999 6.0 0.0 1.0 1.0 0.0 -9999 -9999 -9999 -9999 -9999 -9999 -9999 -9999 -9999 -9999 -9999 -9999 -9999 -9999 -9999 8.0
