KEPLER/2.4/binaries/lib/outreach-2.3.0/workflows/data/garp/NA_ASC/h_flowacc.asc
nrows  200
ncols  400
xllcorner  -179.99962860149
yllcorner  6.7208489478326
cellsize  0.4
NODATA_value  -9999
[rows 72 to 107 of 200, columns 162 to 242 of 400]
6.0 21.0 0.0 115.0 4.0 4.0 0.0 0.0 0.0 0.0 0.0 0.0 0.0 0.0 0.0 4.0 0.0 2.0 0.0 1.0 130.0 0.0 2.0 0.0 9.0 1.0 3.0 0.0 2.0 23.0 1.0 2.0 100.0 28.0 11.0 22.0 0.0 18.0 12.0 2.0 5.0 1.0 5.0 0.0 0.0 2.0 3.0 2.0 0.0 2.0 0.0 0.0 5.0 0.0 4.0 18.0 -9999 -9999 -9999 -9999 -9999 -9999 -9999 -9999 -9999 -9999 -9999 -9999 -9999 -9999 -9999 -9999 -9999 -9999 -9999 -9999 -9999 -9999 -9999 -9999 -9999
0.0 0.0 4.0 0.0 28.0 5.0 0.0 0.0 1.0 4.0 0.0 10.0 4.0 1.0 6.0 1.0 2.0 3.0 1.0 0.0 4.0 5.0 7.0 1.0 7.0 0.0 1.0 0.0 0.0 5.0 15.0 3.0 5.0 77.0 0.0 1.0 0.0 0.0 10.0 7.0 2.0 0.0 1.0 2.0 1.0 1.0 11.0 2.0 0.0 0.0 4.0 3.0 18.0 3.0 1177.0 9.0 0.0 -9999 -9999 -9999 -9999 -9999 -9999 -9999 -9999 -9999 -9999 -9999 -9999 -9999 -9999 -9999 -9999 -9999 -9999 -9999 -9999 -9999 -9999 -9999 -9999
116.0 0.0 1.0 4.0 8.0 4.0 6.0 1494.0 1.0 3.0 0.0 2.0 4.0 2.0 18.0 645.0 3.0 0.0 33.0 0.0 2.0 0.0 1.0 13.0 0.0 1.0 9.0 0.0 17.0 4.0 1.0 11.0 35.0 1.0 1.0 118.0 4.0 1.0 3.0 0.0 3.0 0.0 31.0 18.0 1.0 13.0 42.0 3.0 3.0 0.0 347.0 1.0 0.0 1.0 34.0 2.0 9.0 -9999 -9999 2.0 3.0 1.0 2.0 -9999 -9999 -9999 -9999 -9999 -9999 -9999 -9999 -9999 -9999 -9999 -9999 -9999 -9999 -9999 -9999 -9999 -9999
13.0 4.0 33.0 0.0 4.0 0.0 13.0 2.0 0.0 3.0 1.0 41.0 0.0 4.0 1.0 0.0 0.0 0.0 0.0 0.0 31.0 6.0 17.0 109.0 16.0 5.0 3.0 361.0 9.0 19.0 2.0 4.0 16.0 120.0 1.0 0.0 258.0 1.0 0.0 2.0 0.0 0.0 789.0 0.0 1.0 234.0 0.0 4.0 3.0 0.0 2.0 0.0 2.0 0.0 0.0 3.0 3.0 0.0 0.0 1.0 0.0 0.0 2.0 40.0 0.0 0.0 1.0 -9999 -9999 -9999 -9999 -9999 -9999 -9999 -9999 -9999 -9999 -9999 -9999 -9999 -9999
0.0 0.0 15.0 5.0 0.0 1.0 0.0 0.0 0.0 0.0 1.0 0.0 28.0 0.0 5.0 33.0 0.0 14.0 18324.0 23.0 2.0 19.0 0.0 5.0 0.0 1.0 0.0 0.0 1.0 2.0 34.0 0.0 4.0 34.0 2.0 5.0 0.0 0.0 0.0 256.0 0.0 0.0 3.0 0.0 511.0 0.0 17.0 0.0 1079739.0 2.0 7.0 0.0 0.0 0.0 317.0 0.0 2.0 6.0 164.0 1.0 0.0 0.0 23.0 1.0 257.0 0.0 11.0 55.0 0.0 -9999 -9999 -9999 -9999 -9999 -9999 -9999 -9999 -9999 -9999 -9999 -9999
11.0 0.0 23.0 0.0 0.0 0.0 0.0 16.0 0.0 0.0 0.0 164.0 0.0 1.0 1.0 1.0 1.0 95.0 0.0 6.0 5.0 715.0 0.0 0.0 1.0 1.0 0.0 0.0 0.0 0.0 1.0 3.0 1.0 3.0 15.0 2.0 0.0 4.0 3.0 0.0 1.0 40.0 6.0 0.0 4.0 23.0 1.0 2.0 0.0 0.0 1.0 678.0 3.0 2.0 305.0 2.0 1.0 1253.0 1.0 1.0 0.0 0.0 0.0 4.0 0.0 0.0 1.0 155.0 0.0 447.0 2.0 0.0 -9999 -9999 -9999 -9999 -9999 -9999 -9999 -9999 -9999
44.0 0.0 16.0 3.0 0.0 1.0 0.0 0.0 19.0 4.0 13.0 0.0 0.0 30.0 0.0 6.0 1.0 1.0 1.0 4.0 0.0 23.0 22.0 0.0 0.0 0.0 0.0 0.0 2.0 1.0 0.0 10.0 0.0 0.0 5.0 0.0 13.0 0.0 4.0 0.0 3.0 8.0 0.0 16551.0 47.0 6.0 8.0 1.0 0.0 0.0 0.0 6.0 1.0 2.0 0.0 0.0 0.0 0.0 2.0 1.0 2619.0 15.0 8.0 19.0 1.0 0.0 26.0 1.0 3.0 505.0 2.0 6.0 0.0 726.0 2.0 -9999 -9999 -9999 -9999 -9999 -9999
0.0 16.0 10.0 0.0 2.0 1.0 0.0 0.0 0.0 1.0 1.0 0.0 0.0 5.0 80.0 0.0 0.0 0.0 9.0 0.0 8.0 21.0 0.0 0.0 24.0 3.0 0.0 3.0 10.0 0.0 9.0 0.0 0.0 3.0 2.0 0.0 30.0 0.0 4.0 1.0 1.0 0.0 0.0 2.0 15.0 7.0 14.0 11.0 3.0 1.0 1.0 1.0 0.0 499.0 1.0 0.0 0.0 1.0 24.0 2.0 6.0 1.0 0.0 3.0 2.0 5.0 14.0 14.0 3.0 367.0 1.0 0.0 0.0 0.0 0.0 0.0 1.0 17.0 0.0 3212.0 0.0
1.0 0.0 2.0 4.0 0.0 4.0 24.0 329.0 133.0 0.0 0.0 0.0 346.0 0.0 0.0 18.0 0.0 4.0 1.0 12.0 0.0 4.0 8.0 1.0 0.0 0.0 0.0 5.0 0.0 61.0 63.0 0.0 0.0 10.0 0.0 4.0 5.0 0.0 0.0 15.0 2.0 18.0 3.0 0.0 28.0 0.0 0.0 0.0 3.0 9.0 1.0 1.0 0.0 2.0 0.0 7.0 1.0 0.0 37.0 2.0 0.0 1.0 0.0 0.0 0.0 1.0 1.0 1.0 70.0 78.0 0.0 0.0 3.0 39.0 0.0 6.0 6.0 10.0 1.0 1.0 198.0
0.0 1.0 0.0 3.0 67.0 2.0 3.0 1.0 2.0 0.0 11.0 760.0 2.0 3.0 3.0 1.0 20843.0 0.0 5.0 1.0 3.0 1.0 0.0 0.0 4.0 2.0 0.0 4.0 0.0 4.0 0.0 0.0 1.0 0.0 35.0 3.0 191.0 1.0 15.0 4.0 2.0 24.0 0.0 0.0 12.0 4.0 2.0 15.0 2.0 1.0 0.0 1.0 3.0 0.0 5.0 3.0 7.0 8.0 15.0 7.0 71.0 371.0 0.0 0.0 2.0 1559.0 3.0 1.0 0.0 1.0 0.0 0.0 0.0 1.0 2.0 11.0 0.0 0.0 5.0 0.0 89.0
414.0 0.0 8.0 95.0 0.0 0.0 3.0 1.0 0.0 0.0 0.0 0.0 25.0 3.0 12.0 9.0 0.0 12.0 5.0 5.0 178.0 1.0 1.0 0.0 296.0 0.0 1.0 0.0 558.0 2.0 0.0 46.0 3.0 0.0 7.0 1.0 1.0 0.0 0.0 0.0 6.0 54.0 4780.0 215.0 0.0 4.0 15.0 0.0 1.0 2.0 22.0 2.0 0.0 0.0 2.0 0.0 2.0 2.0 0.0 3.0 3.0 0.0 6.0 0.0 0.0 441.0 0.0 0.0 0.0 954.0 5.0 2.0 1.0 0.0 5.0 10.0 1.0 1.0 4.0 9.0 13.0
1.0 0.0 3.0 0.0 1315.0 0.0 11.0 0.0 0.0 0.0 14.0 0.0 0.0 0.0 81710.0 1.0 1.0 3.0 2.0 256.0 0.0 22.0 0.0 1.0 2.0 0.0 13.0 1.0 2.0 0.0 8.0 2.0 0.0 30.0 1.0 1.0 0.0 0.0 0.0 0.0 0.0 5.0 741.0 177.0 12.0 4.0 0.0 6.0 0.0 0.0 3.0 87.0 2.0 3.0 0.0 148.0 8.0 2.0 0.0 33.0 0.0 3.0 4.0 122.0 0.0 2.0 1.0 3.0 0.0 46.0 1.0 1.0 2.0 1.0 0.0 0.0 16.0 0.0 5.0 0.0 11935.0
0.0 1.0 2.0 0.0 0.0 33.0 0.0 5.0 0.0 0.0 0.0 0.0 11.0 1.0 0.0 0.0 0.0 2216.0 17.0 47.0 0.0 2.0 13.0 0.0 8.0 197.0 4004.0 0.0 2781.0 0.0 1.0 144.0 17.0 11.0 0.0 21.0 30.0 4.0 2.0 109.0 0.0 46.0 89.0 124.0 112.0 0.0 8.0 1.0 0.0 0.0 0.0 0.0 41.0 6.0 4.0 0.0 3.0 162.0 0.0 0.0 1.0 1.0 20.0 1.0 0.0 0.0 3.0 2.0 88.0 1.0 0.0 0.0 0.0 2980.0 12119.0 1.0 0.0 0.0 283.0 8.0 8.0
0.0 0.0 22.0 0.0 0.0 1.0 9.0 0.0 155.0 1.0 1.0 1.0 0.0 894.0 0.0 0.0 0.0 17.0 6.0 0.0 0.0 2.0 25.0 0.0 1.0 7.0 1.0 0.0 3.0 0.0 14.0 1.0 2.0 6.0 8.0 5.0 10562.0 1.0 49.0 1.0 180.0 2.0 104.0 83.0 156.0 10.0 6.0 1.0 0.0 0.0 2.0 74.0 38.0 44.0 0.0 2.0 1.0 0.0 0.0 0.0 6.0 8.0 1229.0 0.0 0.0 0.0 5.0 5.0 5.0 696.0 7.0 0.0 164.0 127.0 193.0 3.0 13.0 0.0 28.0 0.0 0.0
242.0 0.0 0.0 0.0 0.0 61.0 172.0 1.0 5.0 0.0 0.0 0.0 3.0 4.0 0.0 2.0 1.0 0.0 3.0 0.0 0.0 1.0 0.0 6.0 3.0 1.0 2.0 0.0 0.0 423.0 1.0 13.0 31.0 0.0 10.0 5.0 0.0 1.0 9.0 0.0 0.0 10.0 10.0 37.0 39.0 132.0 19801.0 1.0 23.0 0.0 32.0 1.0 76.0 9.0 0.0 7.0 10.0 2.0 0.0 29.0 2.0 0.0 0.0 55.0 1.0 8.0 7.0 1.0 0.0 27.0 58.0 1.0 139.0 3.0 3.0 0.0 2.0 0.0 27.0 0.0 115.0
20.0 0.0 4.0 1.0 16.0 1.0 0.0 20.0 0.0 0.0 4.0 1189.0 0.0 0.0 1.0 0.0 6.0 6.0 1.0 0.0 1.0 15875.0 0.0 3.0 2.0 843.0 1.0 12.0 0.0 12.0 3.0 14.0 2.0 0.0 10.0 0.0 5.0 2.0 0.0 2.0 0.0 8.0 69.0 2.0 52.0 112.0 0.0 1.0 0.0 1.0 1.0 4.0 0.0 2.0 0.0 0.0 0.0 63.0 14.0 6.0 2.0 12.0 0.0 348.0 4.0 2.0 1.0 0.0 1.0 8.0 40.0 1.0 0.0 6.0 4.0 375.0 0.0 69.0 13.0 0.0 5.0
0.0 0.0 0.0 14.0 3.0 56.0 0.0 0.0 0.0 3.0 0.0 0.0 5.0 0.0 0.0 162.0 3.0 0.0 0.0 292.0 5.0 1.0 2.0 21.0 0.0 24.0 0.0 0.0 10.0 20.0 0.0 4115.0 1.0 226.0 11.0 2.0 0.0 3.0 0.0 0.0 4.0 12.0 5.0 0.0 0.0 3.0 15.0 1.0 0.0 7.0 7.0 0.0 2.0 0.0 464.0 0.0 68.0 8.0 1.0 0.0 169.0 2.0 15.0 0.0 0.0 3.0 5.0 9044.0 2.0 0.0 2.0 6.0 11.0 0.0 0.0 1.0 4.0 0.0 0.0 16.0 0.0
0.0 0.0 1.0 0.0 0.0 0.0 54.0 3.0 0.0 2.0 379.0 1.0 0.0 1.0 1.0 0.0 3.0 6.0 0.0 2.0 0.0 9.0 3.0 2.0 1.0 74.0 1.0 134.0 1.0 1.0 2.0 22.0 14.0 4.0 14.0 0.0 15.0 5.0 16.0 0.0 3.0 3.0 12.0 3.0 0.0 0.0 0.0 0.0 2574.0 0.0 0.0 1.0 2.0 1.0 123.0 0.0 7.0 0.0 0.0 419.0 9.0 10.0 299.0 0.0 11.0 0.0 0.0 1.0 3.0 0.0 6.0 4.0 13.0 0.0 0.0 2.0 14.0 28.0 0.0 450.0 1.0
1.0 0.0 1.0 0.0 2.0 0.0 1.0 0.0 0.0 0.0 0.0 2.0 1.0 0.0 2.0 0.0 2.0 0.0 9.0 1.0 0.0 0.0 0.0 0.0 2.0 9.0 0.0 0.0 10.0 0.0 24.0 6.0 1.0 0.0 0.0 0.0 17.0 4.0 30.0 5.0 0.0 6.0 52.0 0.0 4.0 0.0 31.0 132695.0 15.0 0.0 1.0 0.0 6.0 46.0 0.0 0.0 6.0 0.0 114.0 1.0 0.0 0.0 5.0 1.0 0.0 0.0 1.0 0.0 2.0 0.0 2.0 0.0 6.0 14.0 305.0 175.0 0.0 0.0 3.0 663.0 1.0
1.0 0.0 3.0 0.0 0.0 6.0 0.0 1.0 2.0 0.0 3.0 1.0 0.0 2.0 1.0 1787.0 12.0 20.0 1.0 0.0 0.0 0.0 2.0 0.0 0.0 0.0 0.0 0.0 3.0 5.0 0.0 46.0 0.0 2.0 0.0 0.0 2.0 18.0 68.0 9.0 3.0 1.0 13.0 90.0 5.0 0.0 0.0 1.0 2.0 4.0 0.0 2.0 69.0 0.0 1.0 0.0 0.0 0.0 0.0 2.0 0.0 0.0 3.0 82.0 1.0 7.0 0.0 4.0 1.0 0.0 2.0 0.0 1.0 4.0 1.0 0.0 15.0 0.0 0.0 1.0 15.0
97.0 0.0 1179.0 2.0 2096.0 92.0 1.0 1.0 5.0 0.0 0.0 5.0 21.0 0.0 4.0 2.0 0.0 0.0 0.0 1.0 1.0 1.0 0.0 4.0 3.0 9.0 0.0 0.0 1.0 505.0 0.0 6.0 0.0 5.0 2.0 0.0 14.0 0.0 88.0 12.0 0.0 0.0 0.0 1.0 1.0 1.0 0.0 26.0 0.0 123.0 0.0 1.0 0.0 1.0 2.0 6.0 2.0 0.0 2.0 7971.0 0.0 0.0 0.0 0.0 0.0 0.0 60.0 4.0 0.0 47.0 0.0 0.0 0.0 0.0 2.0 0.0 0.0 0.0 1.0 0.0 4.0
0.0 0.0 306.0 3.0 2.0 1.0 4.0 201.0 3.0 2.0 0.0 13.0 210.0 0.0 0.0 0.0 108.0 9.0 3.0 5.0 63.0 0.0 0.0 0.0 3.0 0.0 1.0 0.0 0.0 3.0 1.0 0.0 0.0 0.0 19.0 0.0 0.0 0.0 0.0 9.0 397.0 0.0 0.0 0.0 0.0 23.0 15.0 56.0 4.0 4.0 6.0 0.0 0.0 10.0 7.0 10.0 0.0 27.0 0.0 601.0 0.0 0.0 1.0 6.0 2.0 40.0 22.0 1.0 2.0 0.0 0.0 0.0 0.0 6.0 415.0 0.0 0.0 0.0 24.0 1.0 0.0
0.0 0.0 2.0 0.0 12.0 0.0 81.0 1.0 222.0 0.0 4.0 1.0 0.0 0.0 1.0 146.0 8.0 90.0 26.0 4.0 0.0 166.0 0.0 2.0 0.0 1.0 2.0 0.0 0.0 4.0 0.0 1.0 16827.0 0.0 0.0 0.0 0.0 0.0 6.0 5.0 0.0 8.0 0.0 6.0 19.0 73.0 2.0 0.0 63.0 2.0 19.0 169.0 0.0 0.0 2.0 0.0 0.0 4.0 0.0 0.0 2.0 7.0 0.0 0.0 9.0 0.0 11.0 14.0 0.0 0.0 49.0 0.0 1.0 0.0 0.0 0.0 0.0 0.0 2.0 48.0 0.0
0.0 18.0 2.0 1.0 0.0 1.0 76.0 1.0 4.0 0.0 0.0 2.0 359.0 26.0 1.0 7103.0 8.0 0.0 2.0 12.0 8.0 1.0 1.0 25.0 0.0 0.0 0.0 1.0 5.0 0.0 4.0 0.0 3.0 3.0 0.0 19.0 91.0 2.0 6.0 0.0 14.0 0.0 14.0 16.0 25.0 894.0 13.0 0.0 12.0 1.0 13.0 47.0 0.0 0.0 0.0 0.0 0.0 298.0 6.0 0.0 17.0 0.0 0.0 2.0 0.0 305.0 4.0 10.0 244.0 54.0 152.0 17.0 4.0 0.0 2.0 0.0 0.0 1.0 162.0 0.0 1.0
0.0 31.0 10.0 0.0 1.0 7.0 79.0 3.0 0.0 0.0 3.0 16140.0 2.0 39.0 0.0 0.0 1.0 0.0 1588.0 0.0 38.0 54019.0 4.0 1.0 243.0 1.0 0.0 0.0 6.0 17.0 3.0 2.0 10.0 72.0 60.0 2.0 4.0 0.0 1.0 0.0 39.0 1.0 0.0 0.0 0.0 0.0 65.0 0.0 9.0 6.0 1.0 1.0 0.0 1.0 62.0 0.0 0.0 0.0 0.0 2.0 1.0 0.0 55.0 86.0 0.0 7.0 33.0 41.0 66.0 81.0 27016.0 134.0 37.0 0.0 0.0 1.0 51.0 15.0 0.0 0.0 1.0
0.0 0.0 0.0 0.0 0.0 0.0 0.0 0.0 9.0 0.0 0.0 0.0 78.0 0.0 0.0 2.0 0.0 2.0 4.0 0.0 0.0 0.0 9785.0 0.0 0.0 293.0 20.0 0.0 0.0 93.0 0.0 6.0 16.0 1.0 3.0 0.0 12.0 21.0 1.0 2.0 1.0 47.0 268.0 0.0 1.0 1.0 3.0 1.0 1.0 1.0 2.0 0.0 1.0 0.0 1581.0 0.0 0.0 1144.0 1.0 0.0 0.0 2.0 4.0 0.0 17.0 0.0 12.0 49.0 70.0 94.0 111.0 136.0 170.0 13.0 9.0 13.0 24.0 0.0 0.0 0.0 23.0
5.0 4.0 1364.0 2.0 0.0 0.0 1.0 2.0 2.0 4.0 5.0 2.0 0.0 0.0 0.0 0.0 1.0 1.0 0.0 0.0 0.0 3.0 0.0 0.0 0.0 1.0 5.0 84.0 0.0 0.0 46.0 0.0 0.0 3.0 3.0 4.0 0.0 2.0 0.0 0.0 5.0 0.0 0.0 0.0 1.0 0.0 371.0 25.0 0.0 4.0 0.0 1998.0 0.0 19.0 10.0 0.0 3.0 11.0 0.0 7.0 2.0 22.0 58.0 73.0 96.0 124.0 150.0 183.0 0.0 214.0 234.0 279.0 282.0 334.0 3.0 57.0 0.0 0.0 0.0 5.0 2.0
2.0 0.0 0.0 0.0 0.0 0.0 1.0 0.0 30.0 0.0 0.0 0.0 2.0 30.0 2.0 2.0 1.0 5.0 4.0 1.0 0.0 1.0 2.0 0.0 5.0 15.0 173119.0 3.0 0.0 0.0 1.0 5.0 3.0 0.0 0.0 0.0 16.0 0.0 6.0 5.0 0.0 0.0 1.0 2.0 6.0 6.0 21.0 2.0 100.0 1.0 107.0 0.0 9.0 40.0 0.0 36.0 1.0 9.0 1.0 2.0 30.0 86.0 2.0 124.0 143.0 359.0 2.0 2.0 24.0 54.0 85.0 251.0 132.0 158.0 184.0 150062.0 2.0 0.0 0.0 1.0 2.0
0.0 2.0 0.0 9.0 0.0 0.0 0.0 0.0 13.0 0.0 1.0 0.0 0.0 13.0 34.0 5.0 1.0 0.0 3.0 1.0 1.0 0.0 7.0 0.0 0.0 1.0 0.0 7.0 0.0 5.0 0.0 9.0 0.0 2.0 2.0 0.0 13.0 5.0 2.0 1136.0 0.0 0.0 2.0 11870.0 30.0 0.0 7.0 1.0 0.0 0.0 0.0 3.0 0.0 154.0 1.0 3.0 0.0 0.0 5.0 5.0 0.0 8.0 39.0 1.0 0.0 0.0 5.0 0.0 0.0 0.0 347.0 68.0 100.0 3.0 0.0 0.0 174651.0 0.0 4.0 10.0 40.0
0.0 0.0 3.0 0.0 1.0 0.0 2054.0 8.0 12.0 0.0 0.0 0.0 0.0 10.0 1.0 0.0 5.0 0.0 0.0 0.0 4.0 103816.0 0.0 0.0 0.0 1.0 0.0 0.0 0.0 0.0 16.0 0.0 2.0 0.0 0.0 71.0 56.0 1852.0 0.0 12.0 0.0 251.0 0.0 6.0 6.0 0.0 23.0 1.0 80.0 0.0 0.0 1012.0 3.0 0.0 163.0 0.0 0.0 39.0 2.0 3.0 1.0 0.0 0.0 0.0 0.0 0.0 4.0 0.0 0.0 0.0 0.0 3.0 0.0 0.0 0.0 88.0 0.0 0.0 6.0 0.0 0.0
2.0 1389.0 0.0 112.0 0.0 15.0 43.0 6.0 8.0 24599.0 36.0 17.0 2.0 1.0 0.0 0.0 1.0 0.0 663.0 0.0 0.0 0.0 1.0 42.0 1.0 0.0 0.0 1.0 0.0 0.0 5.0 4.0 1.0 1.0 7.0 1.0 1.0 4505.0 0.0 0.0 2.0 0.0 0.0 1.0 18.0 0.0 949.0 0.0 1.0 19.0 0.0 122.0 29814.0 0.0 5.0 0.0 2336.0 0.0 0.0 4.0 0.0 0.0 4.0 1.0 0.0 0.0 1.0 7.0 6.0 1.0 2.0 8.0 2.0 30.0 200.0 63.0 1.0 29.0 2058.0 7.0 13.0
7.0 0.0 0.0 0.0 5.0 0.0 0.0 0.0 0.0 8.0 2.0 0.0 1.0 0.0 2.0 1.0 1.0 1.0 6.0 12.0 0.0 1.0 0.0 16.0 0.0 138.0 0.0 0.0 0.0 0.0 4.0 0.0 1.0 2.0 0.0 0.0 0.0 4.0 0.0 0.0 0.0 0.0 1.0 0.0 0.0 2.0 6.0 6.0 7.0 1.0 0.0 7.0 3014.0 0.0 0.0 18.0 0.0 227.0 0.0 0.0 0.0 80.0 0.0 0.0 31.0 6.0 1.0 3.0 4.0 0.0 11.0 45.0 70.0 54.0 32.0 12.0 39.0 6.0 0.0 49.0 84.0
0.0 0.0 0.0 0.0 1.0 0.0 1.0 0.0 4.0 1.0 0.0 1.0 2.0 0.0 0.0 0.0 0.0 0.0 0.0 0.0 0.0 1.0 0.0 8.0 0.0 1.0 0.0 0.0 61.0 2.0 3.0 0.0 15.0 9.0 7.0 1.0 4.0 0.0 2.0 29.0 0.0 2101.0 1.0 6.0 0.0 0.0 0.0 0.0 2.0 0.0 968.0 1.0 22.0 0.0 0.0 0.0 1.0 39.0 592.0 0.0 19.0 2.0 1.0 20.0 184.0 2.0 1.0 0.0 233.0 5.0 0.0 24.0 386.0 1072.0 601.0 0.0 2.0 0.0 1.0 93.0 69.0
3.0 0.0 0.0 0.0 21.0 10.0 0.0 0.0 9.0 0.0 6.0 253.0 0.0 0.0 0.0 0.0 0.0 1.0 0.0 0.0 4.0 0.0 52.0 0.0 174.0 0.0 0.0 0.0 5.0 0.0 46.0 2.0 367.0 0.0 0.0 0.0 2.0 19.0 0.0 0.0 3.0 17.0 1.0 9.0 0.0 3.0 0.0 0.0 0.0 80.0 1.0 0.0 54.0 0.0 0.0 84.0 12.0 0.0 0.0 1.0 31.0 0.0 0.0 2.0 0.0 0.0 0.0 2.0 16.0 2.0 297.0 344.0 65.0 0.0 0.0 0.0 1.0 0.0 0.0 0.0 129.0
0.0 5.0 1.0 2.0 1.0 0.0 48.0 26.0 1.0 0.0 0.0 0.0 0.0 1.0 165.0 0.0 1.0 0.0 41.0 5.0 0.0 0.0 0.0 1.0 2.0 44.0 131.0 0.0 3.0 2.0 0.0 2.0 2.0 0.0 0.0 21.0 0.0 4.0 33.0 0.0 166.0 0.0 0.0 4.0 1223.0 1.0 6.0 2.0 10.0 1.0 5.0 9.0 1.0 9.0 0.0 78.0 0.0 0.0 2.0 37.0 0.0 0.0 7.0 0.0 0.0 1.0 1.0 0.0 0.0 1.0 266.0 382.0 18.0 3692.0 0.0 0.0 1.0 0.0 0.0 0.0 19.0
5.0 32.0 0.0 0.0 0.0 18.0 0.0 8.0 2.0 2.0 2.0 45.0 0.0 0.0 0.0 0.0 0.0 632.0 1.0 0.0 119.0 2.0 0.0 0.0 0.0 1.0 1.0 0.0 0.0 0.0 0.0 0.0 15.0 0.0 2.0 0.0 11.0 0.0 0.0 55.0 0.0 0.0 0.0 1532.0 2.0 0.0 0.0 0.0 0.0 11.0 0.0 115.0 1.0 1193.0 3.0 0.0 0.0 0.0 0.0 4.0 105.0 0.0 5.0 18.0 0.0 0.0 0.0 0.0 0.0 167.0 243.0 258.0 0.0 3.0 2.0 2.0 11.0 0.0 0.0 32.0 0.0
