KEPLER/2.4/binaries/lib/outreach-2.3.0/workflows/data/garp/NA_ASC/h_slope.asc
nrows  200
ncols  400
xllcorner  -179.99962860149
yllcorner  6.7208489478326
cellsize  0.4
NODATA_value  -9999
[rows 70 to 104 of 200, columns 237 to 315 of 400]
-9999 -9999 -9999 -9999 -9999 -9999 -9999 -9999 -9999 -9999 -9999 -9999 -9999 -9999 -9999 -9999 -9999 3.0 25.0 11.0 11.0 14.0 0.0 5.0 0.0 6.0 3.0 21.0 11.0 17.0 15.0 3.0 12.0 32.0 0.0 10.0 27.0 157.0 32.0 68.0 46.0 39.0 5.0 -9999 -9999 -9999 -9999 155.0 -9999 396.0 96.0 857.0 387.0 752.0 1024.0 1546.0 -9999 -9999 -9999 -9999 -9999 -9999 -9999 -9999 -9999 -9999 -9999 -9999 -9999 -9999 -9999 -9999 -9999 -9999 -9999 -9999 -9999 -9999 -9999
-9999 -9999 -9999 -9999 -9999 -9999 -9999 -9999 -9999 -9999 -9999 -9999 -9999 -9999 -9999 -9999 -9999 -9999 -9999 0.0 76.0 20.0 2.0 1.0 2.0 0.0 5.0 2.0 4.0 16.0 13.0 17.0 20.0 156.0 48.0 5.0 30.0 18.0 56.0 86.0 6.0 3.0 65.0 2.0 -9999 37.0 5.0 78.0 315.0 80.0 71.0 236.0 101.0 61.0 625.0 214.0 258.0 -9999 -9999 -9999 -9999 -9999 -9999 -9999 -9999 -9999 -9999 -9999 -9999 -9999 -9999 -9999 -9999 -9999 -9999 -9999 -9999 -9999 -9999
-9999 -9999 -9999 -9999 -9999 -9999 -9999 -9999 -9999 -9999 -9999 -9999 -9999 -9999 -9999 -9999 -9999 -9999 -9999 -9999 -9999 48.0 8.0 8.0 150.0 8.0 28.0 59.0 7.0 37.0 15.0 87.0 3.0 160.0 2.0 1.0 134.0 3.0 74.0 43.0 105.0 53.0 94.0 13.0 325.0 45.0 39.0 1.0 4.0 433.0 52.0 65.0 49.0 203.0 515.0 413.0 785.0 518.0 1593.0 -9999 -9999 -9999 -9999 -9999 -9999 -9999 -9999 -9999 -9999 -9999 -9999 -9999 -9999 -9999 -9999 -9999 -9999 -9999 -9999
-9999 -9999 -9999 -9999 -9999 -9999 -9999 -9999 -9999 -9999 -9999 -9999 -9999 -9999 -9999 -9999 -9999 -9999 -9999 -9999 -9999 -9999 21.0 15.0 23.0 12.0 102.0 236.0 113.0 32.0 48.0 8.0 0.0 3.0 106.0 122.0 236.0 76.0 24.0 42.0 57.0 35.0 64.0 45.0 4.0 9.0 74.0 107.0 349.0 25.0 244.0 137.0 48.0 8.0 172.0 250.0 452.0 405.0 51.0 71.0 -9999 -9999 -9999 -9999 -9999 -9999 -9999 -9999 -9999 -9999 -9999 -9999 -9999 -9999 -9999 -9999 -9999 -9999 -9999
-9999 -9999 -9999 -9999 -9999 -9999 -9999 -9999 -9999 -9999 -9999 -9999 -9999 -9999 -9999 -9999 -9999 -9999 -9999 -9999 -9999 -9999 74.0 148.0 0.0 27.0 22.0 125.0 11.0 70.0 72.0 74.0 13.0 34.0 30.0 124.0 18.0 120.0 38.0 68.0 203.0 5.0 1.0 33.0 2.0 103.0 58.0 34.0 5.0 3.0 102.0 40.0 71.0 118.0 273.0 382.0 139.0 535.0 110.0 163.0 -9999 -9999 -9999 -9999 -9999 -9999 -9999 -9999 -9999 -9999 -9999 -9999 -9999 -9999 -9999 -9999 -9999 -9999 -9999
-9999 -9999 -9999 -9999 -9999 -9999 -9999 -9999 -9999 -9999 -9999 -9999 -9999 -9999 -9999 -9999 -9999 -9999 -9999 -9999 -9999 -9999 8.0 58.0 20.0 145.0 59.0 82.0 70.0 6.0 34.0 14.0 15.0 12.0 38.0 118.0 3.0 42.0 18.0 28.0 38.0 55.0 256.0 0.0 1.0 3.0 12.0 15.0 15.0 55.0 68.0 185.0 75.0 183.0 124.0 974.0 154.0 88.0 -9999 -9999 -9999 -9999 -9999 -9999 -9999 -9999 -9999 -9999 -9999 -9999 -9999 -9999 -9999 -9999 -9999 -9999 -9999 -9999 -9999
-9999 -9999 -9999 -9999 -9999 -9999 -9999 -9999 -9999 -9999 -9999 -9999 -9999 0.0 -9999 15.0 0.0 -9999 -9999 -9999 -9999 -9999 17.0 125.0 107.0 20.0 0.0 0.0 47.0 1.0 19.0 36.0 93.0 27.0 19.0 17.0 46.0 32.0 19.0 15.0 266.0 111.0 21.0 120.0 5.0 3.0 6.0 112.0 58.0 68.0 60.0 11.0 23.0 44.0 20.0 103.0 83.0 1055.0 63.0 90.0 -9999 -9999 -9999 -9999 -9999 -9999 -9999 -9999 -9999 -9999 -9999 -9999 -9999 -9999 -9999 -9999 -9999 -9999 -9999
-9999 -9999 -9999 -9999 -9999 -9999 -9999 -9999 -9999 -9999 -9999 -9999 -9999 -9999 7.0 -9999 -9999 -9999 -9999 -9999 -9999 3.0 0.0 153.0 1.0 78.0 27.0 51.0 3.0 10.0 19.0 22.0 14.0 10.0 56.0 6.0 24.0 22.0 68.0 45.0 36.0 88.0 359.0 21.0 101.0 99.0 19.0 34.0 23.0 52.0 162.0 41.0 1.0 19.0 82.0 24.0 133.0 451.0 221.0 165.0 -9999 -9999 -9999 -9999 -9999 -9999 -9999 -9999 -9999 -9999 -9999 -9999 -9999 -9999 -9999 -9999 -9999 -9999 -9999
-9999 -9999 -9999 -9999 -9999 -9999 -9999 -9999 -9999 -9999 -9999 -9999 -9999 -9999 -9999 -9999 -9999 -9999 -9999 -9999 54.0 110.0 313.0 66.0 79.0 54.0 27.0 84.0 0.0 1.0 2.0 56.0 135.0 4.0 19.0 16.0 28.0 9.0 39.0 4.0 101.0 34.0 57.0 245.0 7.0 31.0 29.0 68.0 30.0 13.0 370.0 37.0 0.0 37.0 22.0 45.0 19.0 189.0 100.0 120.0 57.0 82.0 -9999 0.0 -9999 -9999 -9999 -9999 -9999 -9999 -9999 -9999 -9999 -9999 -9999 -9999 -9999 -9999 -9999
9.0 17.0 8.0 4.0 20.0 13.0 357.0 -9999 -9999 -9999 -9999 -9999 -9999 -9999 -9999 -9999 -9999 -9999 29.0 2.0 49.0 10.0 30.0 78.0 7.0 39.0 4.0 8.0 17.0 10.0 0.0 2.0 0.0 6.0 2.0 18.0 8.0 84.0 1.0 202.0 202.0 20.0 299.0 7.0 12.0 165.0 28.0 64.0 14.0 34.0 32.0 15.0 83.0 29.0 69.0 246.0 748.0 190.0 229.0 201.0 396.0 19.0 49.0 181.0 381.0 184.0 -9999 -9999 -9999 -9999 -9999 -9999 -9999 -9999 -9999 -9999 -9999 -9999 -9999
35.0 13.0 22.0 22.0 3.0 22.0 4.0 8.0 -9999 -9999 -9999 -9999 -9999 -9999 0.0 4.0 15.0 94.0 129.0 11.0 14.0 14.0 11.0 59.0 110.0 4.0 136.0 4.0 24.0 6.0 26.0 6.0 99.0 0.0 24.0 51.0 1.0 15.0 0.0 34.0 73.0 10.0 88.0 27.0 158.0 0.0 12.0 6.0 48.0 12.0 38.0 10.0 1.0 78.0 100.0 316.0 57.0 262.0 650.0 94.0 31.0 575.0 15.0 356.0 78.0 6.0 145.0 409.0 248.0 -9999 -9999 -9999 -9999 -9999 -9999 -9999 -9999 -9999 -9999
0.0 11.0 10.0 11.0 7.0 6.0 9.0 -9999 -9999 -9999 -9999 -9999 -9999 -9999 -9999 10.0 8.0 83.0 12.0 13.0 16.0 19.0 16.0 22.0 32.0 43.0 8.0 299.0 21.0 6.0 13.0 70.0 24.0 23.0 46.0 19.0 10.0 27.0 0.0 27.0 12.0 13.0 13.0 22.0 0.0 3.0 3.0 0.0 67.0 110.0 1.0 0.0 0.0 2.0 0.0 65.0 12.0 6.0 9.0 20.0 37.0 55.0 1.0 0.0 15.0 64.0 30.0 5.0 -9999 -9999 -9999 -9999 -9999 -9999 -9999 -9999 -9999 -9999 -9999
7.0 7.0 7.0 2.0 12.0 10.0 9.0 3.0 -9999 -9999 -9999 -9999 -9999 -9999 -9999 -9999 9.0 17.0 39.0 29.0 68.0 102.0 23.0 2.0 42.0 19.0 65.0 6.0 384.0 24.0 6.0 19.0 159.0 42.0 57.0 25.0 6.0 3.0 16.0 6.0 101.0 15.0 16.0 0.0 143.0 6.0 18.0 12.0 100.0 76.0 1.0 3.0 7.0 1.0 3.0 15.0 16.0 83.0 338.0 123.0 47.0 138.0 97.0 606.0 180.0 -9999 61.0 173.0 263.0 287.0 -9999 -9999 -9999 -9999 -9999 -9999 -9999 -9999 -9999
2.0 14.0 12.0 32.0 10.0 2.0 6.0 4.0 -9999 -9999 -9999 -9999 -9999 -9999 -9999 -9999 25.0 14.0 17.0 3.0 16.0 1.0 55.0 33.0 5.0 1.0 10.0 124.0 5.0 17.0 165.0 96.0 8.0 18.0 140.0 21.0 75.0 25.0 97.0 118.0 96.0 48.0 3.0 13.0 14.0 2.0 4.0 12.0 50.0 64.0 0.0 35.0 75.0 130.0 34.0 54.0 13.0 67.0 22.0 43.0 473.0 187.0 101.0 -9999 329.0 40.0 4.0 11.0 119.0 448.0 147.0 38.0 73.0 0.0 -9999 -9999 -9999 -9999 -9999
11.0 6.0 28.0 5.0 19.0 4.0 9.0 6.0 0.0 0.0 2.0 -9999 -9999 -9999 -9999 -9999 11.0 129.0 10.0 15.0 110.0 2.0 74.0 27.0 1.0 21.0 28.0 3.0 36.0 27.0 15.0 60.0 125.0 62.0 164.0 5.0 19.0 10.0 1.0 29.0 12.0 41.0 1.0 34.0 0.0 66.0 33.0 29.0 89.0 70.0 19.0 110.0 22.0 127.0 69.0 2.0 4.0 76.0 1.0 100.0 103.0 5.0 16.0 266.0 116.0 67.0 24.0 8.0 61.0 34.0 238.0 143.0 56.0 214.0 -9999 -9999 -9999 -9999 -9999
8.0 5.0 11.0 22.0 11.0 3.0 18.0 5.0 2.0 -9999 -9999 -9999 -9999 -9999 -9999 -9999 -9999 4.0 19.0 7.0 30.0 6.0 42.0 32.0 1.0 10.0 10.0 46.0 46.0 8.0 16.0 20.0 53.0 30.0 11.0 40.0 57.0 7.0 80.0 0.0 28.0 8.0 19.0 84.0 67.0 78.0 32.0 4.0 14.0 125.0 0.0 1.0 20.0 29.0 0.0 42.0 27.0 11.0 10.0 36.0 8.0 7.0 8.0 31.0 45.0 46.0 27.0 76.0 54.0 25.0 236.0 170.0 73.0 120.0 -9999 -9999 -9999 -9999 -9999
11.0 5.0 0.0 6.0 14.0 7.0 8.0 3.0 9.0 0.0 -9999 -9999 -9999 -9999 -9999 -9999 -9999 8.0 19.0 46.0 18.0 28.0 154.0 76.0 16.0 16.0 0.0 32.0 50.0 19.0 19.0 191.0 25.0 43.0 13.0 37.0 152.0 38.0 2.0 206.0 10.0 12.0 6.0 49.0 28.0 3.0 356.0 2.0 2.0 0.0 37.0 32.0 280.0 18.0 6.0 12.0 31.0 31.0 28.0 71.0 13.0 7.0 14.0 12.0 18.0 12.0 23.0 10.0 11.0 2.0 0.0 46.0 41.0 142.0 -9999 -9999 -9999 -9999 -9999
3.0 13.0 5.0 5.0 3.0 7.0 9.0 6.0 10.0 3.0 8.0 -9999 -9999 -9999 -9999 -9999 9.0 12.0 43.0 19.0 13.0 25.0 74.0 1.0 0.0 0.0 71.0 30.0 10.0 18.0 8.0 110.0 21.0 7.0 18.0 20.0 25.0 2.0 40.0 100.0 272.0 159.0 171.0 115.0 48.0 19.0 16.0 11.0 204.0 12.0 0.0 1.0 2.0 59.0 75.0 76.0 10.0 226.0 39.0 35.0 38.0 41.0 8.0 44.0 21.0 510.0 98.0 100.0 58.0 421.0 3.0 6.0 156.0 -9999 -9999 -9999 -9999 -9999 -9999
7.0 0.0 7.0 4.0 13.0 3.0 5.0 1.0 12.0 2.0 6.0 6.0 -9999 -9999 -9999 36.0 3.0 12.0 21.0 8.0 18.0 33.0 40.0 69.0 4.0 30.0 0.0 67.0 39.0 60.0 38.0 14.0 9.0 6.0 93.0 36.0 151.0 21.0 93.0 17.0 0.0 283.0 0.0 190.0 180.0 63.0 26.0 29.0 36.0 56.0 0.0 266.0 162.0 33.0 47.0 1.0 226.0 520.0 33.0 231.0 9.0 7.0 11.0 68.0 131.0 175.0 208.0 4.0 4.0 31.0 83.0 -9999 -9999 1.0 0.0 -9999 -9999 -9999 -9999
2.0 13.0 3.0 6.0 5.0 8.0 19.0 8.0 5.0 3.0 6.0 24.0 10.0 7.0 8.0 33.0 30.0 50.0 9.0 10.0 29.0 7.0 13.0 59.0 4.0 35.0 118.0 5.0 69.0 0.0 15.0 62.0 315.0 15.0 52.0 78.0 139.0 372.0 170.0 92.0 82.0 5.0 175.0 80.0 16.0 13.0 53.0 498.0 581.0 30.0 221.0 372.0 348.0 32.0 49.0 24.0 274.0 113.0 273.0 545.0 194.0 44.0 12.0 204.0 43.0 202.0 0.0 -9999 -9999 -9999 -9999 158.0 4.0 157.0 -9999 -9999 -9999 -9999 -9999
3.0 14.0 12.0 5.0 13.0 3.0 9.0 7.0 7.0 8.0 17.0 13.0 1.0 10.0 18.0 15.0 3.0 26.0 1.0 2.0 2.0 15.0 78.0 111.0 7.0 67.0 42.0 96.0 0.0 15.0 102.0 14.0 238.0 107.0 91.0 146.0 0.0 10.0 28.0 27.0 130.0 95.0 120.0 47.0 77.0 161.0 189.0 214.0 61.0 446.0 307.0 486.0 15.0 27.0 16.0 430.0 52.0 39.0 5.0 35.0 16.0 211.0 4.0 90.0 0.0 -9999 -9999 -9999 -9999 -9999 207.0 74.0 188.0 -9999 -9999 -9999 -9999 -9999 -9999
4.0 4.0 6.0 4.0 4.0 5.0 8.0 8.0 11.0 12.0 14.0 11.0 114.0 96.0 14.0 15.0 157.0 8.0 187.0 79.0 42.0 34.0 10.0 9.0 19.0 12.0 20.0 42.0 2.0 11.0 4.0 64.0 66.0 666.0 31.0 52.0 128.0 151.0 227.0 30.0 48.0 83.0 23.0 155.0 132.0 86.0 153.0 119.0 -9999 -9999 -9999 -9999 -9999 -9999 0.0 -9999 -9999 -9999 12.0 33.0 6.0 0.0 6.0 -9999 -9999 -9999 -9999 -9999 -9999 3.0 434.0 48.0 -9999 -9999 -9999 -9999 -9999 -9999 -9999
8.0 27.0 17.0 36.0 8.0 25.0 13.0 9.0 6.0 53.0 23.0 71.0 19.0 12.0 8.0 5.0 16.0 40.0 26.0 0.0 147.0 57.0 9.0 2.0 35.0 175.0 29.0 35.0 30.0 193.0 50.0 2.0 148.0 57.0 395.0 209.0 25.0 0.0 192.0 31.0 90.0 42.0 280.0 6.0 12.0 56.0 -9999 -9999 -9999 -9999 -9999 -9999 22.0 2.0 -9999 -9999 -9999 -9999 -9999 -9999 -9999 -9999 -9999 -9999 -9999 -9999 -9999 -9999 -9999 140.0 43.0 -9999 19.0 42.0 -9999 -9999 -9999 -9999 -9999
39.0 18.0 12.0 10.0 19.0 10.0 14.0 12.0 23.0 18.0 7.0 52.0 28.0 30.0 3.0 50.0 9.0 52.0 34.0 6.0 31.0 17.0 7.0 10.0 5.0 0.0 9.0 14.0 7.0 5.0 0.0 3.0 103.0 19.0 59.0 66.0 5.0 425.0 259.0 15.0 10.0 96.0 134.0 40.0 329.0 -9999 -9999 -9999 -9999 -9999 -9999 -9999 -9999 -9999 34.0 82.0 4.0 21.0 -9999 -9999 -9999 -9999 -9999 -9999 -9999 -9999 -9999 -9999 736.0 365.0 0.0 35.0 0.0 107.0 -9999 112.0 0.0 -9999 -9999
49.0 65.0 62.0 17.0 5.0 13.0 14.0 10.0 30.0 12.0 4.0 718.0 9.0 12.0 6.0 22.0 0.0 12.0 32.0 28.0 67.0 56.0 19.0 345.0 11.0 79.0 52.0 77.0 19.0 45.0 84.0 46.0 9.0 92.0 38.0 80.0 53.0 129.0 70.0 61.0 41.0 56.0 3.0 -9999 -9999 -9999 -9999 394.0 579.0 43.0 83.0 365.0 -9999 -9999 -9999 -9999 -9999 -9999 2.0 -9999 -9999 -9999 -9999 -9999 -9999 -9999 -9999 -9999 183.0 77.0 46.0 9.0 184.0 60.0 103.0 117.0 14.0 5.0 113.0
73.0 179.0 84.0 98.0 24.0 85.0 69.0 52.0 13.0 29.0 9.0 9.0 16.0 20.0 0.0 21.0 40.0 16.0 9.0 31.0 7.0 53.0 116.0 4.0 0.0 2.0 3.0 124.0 14.0 1.0 264.0 69.0 3.0 0.0 15.0 139.0 42.0 68.0 168.0 70.0 91.0 -9999 -9999 186.0 274.0 405.0 38.0 239.0 547.0 309.0 60.0 108.0 83.0 -9999 -9999 -9999 -9999 -9999 -9999 -9999 -9999 -9999 -9999 -9999 -9999 -9999 -9999 222.0 691.0 275.0 10.0 152.0 245.0 19.0 42.0 91.0 296.0 254.0 -9999
60.0 71.0 4.0 53.0 30.0 14.0 55.0 65.0 49.0 25.0 26.0 24.0 78.0 38.0 116.0 56.0 26.0 29.0 3.0 3.0 72.0 27.0 19.0 97.0 19.0 0.0 9.0 28.0 45.0 24.0 43.0 40.0 14.0 1.0 30.0 214.0 40.0 542.0 422.0 266.0 -9999 91.0 82.0 45.0 89.0 41.0 152.0 241.0 201.0 513.0 9.0 116.0 -9999 -9999 -9999 -9999 -9999 -9999 -9999 -9999 -9999 -9999 -9999 -9999 -9999 -9999 29.0 3.0 52.0 88.0 27.0 174.0 32.0 28.0 3.0 69.0 27.0 0.0 68.0
0.0 75.0 86.0 59.0 20.0 41.0 7.0 17.0 60.0 86.0 7.0 9.0 53.0 51.0 80.0 98.0 97.0 65.0 74.0 9.0 28.0 127.0 117.0 57.0 25.0 188.0 27.0 25.0 219.0 279.0 169.0 101.0 90.0 149.0 144.0 61.0 259.0 477.0 502.0 -9999 30.0 96.0 206.0 55.0 81.0 296.0 32.0 127.0 79.0 -9999 -9999 -9999 -9999 -9999 -9999 -9999 -9999 -9999 -9999 -9999 -9999 -9999 -9999 -9999 -9999 436.0 4.0 31.0 176.0 23.0 46.0 46.0 117.0 10.0 145.0 2.0 117.0 193.0 69.0
0.0 0.0 120.0 156.0 86.0 54.0 46.0 5.0 13.0 22.0 51.0 146.0 39.0 14.0 0.0 74.0 66.0 40.0 21.0 67.0 130.0 54.0 188.0 10.0 30.0 166.0 128.0 124.0 59.0 66.0 86.0 126.0 8.0 179.0 5.0 95.0 92.0 657.0 42.0 213.0 260.0 170.0 60.0 87.0 92.0 56.0 356.0 155.0 45.0 69.0 37.0 -9999 -9999 -9999 -9999 -9999 -9999 -9999 -9999 -9999 -9999 -9999 -9999 -9999 -9999 -9999 -9999 -9999 -9999 -9999 -9999 -9999 -9999 -9999 486.0 206.0 123.0 -9999 -9999
0.0 161.0 386.0 79.0 157.0 105.0 31.0 30.0 148.0 40.0 8.0 73.0 96.0 71.0 76.0 6.0 45.0 24.0 98.0 81.0 130.0 105.0 185.0 104.0 89.0 315.0 9.0 92.0 76.0 152.0 143.0 222.0 68.0 70.0 324.0 596.0 -9999 94.0 57.0 22.0 446.0 107.0 14.0 92.0 168.0 141.0 250.0 138.0 28.0 28.0 -9999 -9999 -9999 -9999 -9999 -9999 -9999 -9999 -9999 -9999 -9999 -9999 -9999 -9999 -9999 -9999 -9999 -9999 -9999 -9999 -9999 -9999 186.0 -9999 12.0 90.0 -9999 -9999 46.0
1.0 0.0 419.0 156.0 83.0 42.0 156.0 82.0 106.0 52.0 250.0 50.0 34.0 28.0 16.0 200.0 131.0 129.0 62.0 43.0 7.0 185.0 143.0 27.0 475.0 396.0 339.0 75.0 60.0 128.0 156.0 50.0 78.0 80.0 170.0 49.0 39.0 164.0 120.0 78.0 123.0 98.0 17.0 87.0 206.0 346.0 456.0 162.0 72.0 20.0 48.0 -9999 43.0 35.0 -9999 -9999 -9999 -9999 -9999 -9999 -9999 17.0 -9999 -9999 -9999 -9999 -9999 -9999 -9999 -9999 -9999 -9999 -9999 -9999 -9999 -9999 -9999 -9999 -9999
6.0 15.0 33.0 42.0 31.0 19.0 51.0 24.0 107.0 65.0 37.0 61.0 1.0 0.0 0.0 114.0 35.0 13.0 263.0 76.0 30.0 141.0 99.0 24.0 122.0 306.0 321.0 502.0 328.0 28.0 92.0 10.0 51.0 23.0 133.0 261.0 186.0 74.0 132.0 105.0 28.0 80.0 49.0 126.0 20.0 140.0 190.0 11.0 70.0 43.0 47.0 56.0 -9999 -9999 111.0 67.0 41.0 -9999 -9999 -9999 338.0 115.0 53.0 -9999 -9999 -9999 -9999 -9999 -9999 -9999 -9999 -9999 -9999 -9999 -9999 -9999 -9999 -9999 -9999
0.0 46.0 0.0 0.0 0.0 55.0 53.0 41.0 84.0 0.0 0.0 0.0 36.0 16.0 104.0 46.0 64.0 23.0 5.0 56.0 45.0 61.0 44.0 83.0 427.0 187.0 44.0 82.0 97.0 31.0 4.0 19.0 23.0 148.0 154.0 4.0 76.0 129.0 243.0 44.0 343.0 254.0 63.0 2.0 87.0 46.0 141.0 197.0 38.0 184.0 135.0 527.0 71.0 58.0 46.0 -9999 -9999 -9999 148.0 -9999 3.0 -9999 91.0 -9999 -9999 -9999 -9999 -9999 -9999 -9999 -9999 -9999 -9999 -9999 -9999 -9999 -9999 -9999 -9999
0.0 19.0 1.0 24.0 0.0 0.0 0.0 0.0 0.0 0.0 0.0 0.0 26.0 35.0 24.0 22.0 147.0 81.0 144.0 87.0 73.0 15.0 15.0 107.0 59.0 55.0 13.0 20.0 0.0 8.0 10.0 23.0 58.0 12.0 149.0 397.0 126.0 515.0 101.0 261.0 422.0 56.0 76.0 61.0 57.0 88.0 260.0 218.0 96.0 205.0 -9999 100.0 349.0 196.0 180.0 40.0 88.0 69.0 135.0 268.0 -9999 -9999 -9999 -9999 -9999 -9999 -9999 -9999 -9999 -9999 -9999 -9999 -9999 -9999 -9999 -9999 -9999 -9999 -9999
151.0 33.0 37.0 23.0 0.0 0.0 0.0 0.0 0.0 0.0 0.0 0.0 0.0 18.0 60.0 20.0 75.0 156.0 163.0 13.0 93.0 84.0 6.0 18.0 32.0 35.0 20.0 33.0 32.0 28.0 1.0 241.0 185.0 185.0 186.0 461.0 399.0 917.0 292.0 94.0 161.0 0.0 31.0 101.0 168.0 116.0 31.0 -9999 -9999 -9999 -9999 102.0 127.0 16.0 43.0 135.0 20.0 52.0 15.0 -9999 -9999 -9999 -9999 -9999 -9999 -9999 -9999 -9999 -9999 -9999 -9999 -9999 -9999 -9999 -9999 -9999 -9999 -9999 -9999
