KEPLER/2.4/binaries/lib/outreach-2.3.0/workflows/data/garp/NA_ASC/h_slope.asc
nrows  200
ncols  400
xllcorner  -179.99962860149
yllcorner  6.7208489478326
cellsize  0.4
NODATA_value  -9999
[rows 35 to 69 of 200, columns 158 to 236 of 400]
27.0 8.0 97.0 53.0 43.0 55.0 236.0 -9999 0.0 71.0 177.0 11.0 80.0 67.0 -9999 -9999 -9999 265.0 17.0 -9999 -9999 -9999 138.0 68.0 22.0 11.0 27.0 30.0 16.0 -9999 -9999 -9999 -9999 -9999 -9999 -9999 8.0 107.0 19.0 -9999 -9999 -9999 3.0 44.0 31.0 31.0 7.0 130.0 10.0 1.0 372.0 -9999 -9999 59.0 361.0 0.0 333.0 139.0 62.0 -9999 202.0 49.0 -9999 -9999 -9999 -9999 -9999 -9999 -9999 107.0 196.0 66.0 21.0 64.0 175.0 263.0 -9999 -9999 416.0
26.0 131.0 290.0 16.0 404.0 12.0 10.0 224.0 29.0 30.0 43.0 41.0 115.0 865.0 30.0 321.0 137.0 29.0 124.0 184.0 92.0 -9999 -9999 158.0 199.0 170.0 19.0 43.0 50.0 46.0 -9999 -9999 -9999 -9999 -9999 -9999 -9999 -9999 -9999 -9999 1.0 10.0 37.0 11.0 14.0 49.0 14.0 26.0 72.0 35.0 215.0 -9999 -9999 -9999 173.0 38.0 103.0 199.0 -9999 -9999 -9999 -9999 -9999 -9999 -9999 -9999 -9999 -9999 379.0 66.0 15.0 12.0 226.0 24.0 38.0 67.0 -9999 283.0 -9999
104.0 33.0 5.0 105.0 36.0 41.0 76.0 493.0 687.0 6.0 279.0 50.0 132.0 82.0 28.0 21.0 42.0 79.0 13.0 83.0 3.0 34.0 -9999 -9999 7.0 17.0 73.0 5.0 5.0 27.0 -9999 -9999 -9999 -9999 -9999 -9999 -9999 -9999 -9999 -9999 -9999 -9999 3.0 4.0 34.0 24.0 24.0 146.0 35.0 21.0 5.0 -9999 -9999 -9999 257.0 110.0 -9999 -9999 -9999 -9999 -9999 -9999 -9999 -9999 -9999 -9999 -9999 56.0 140.0 80.0 75.0 82.0 0.0 65.0 1.0 63.0 62.0 -9999 -9999
169.0 -9999 -9999 3.0 10.0 214.0 74.0 75.0 5.0 130.0 327.0 142.0 114.0 13.0 71.0 21.0 73.0 116.0 62.0 38.0 14.0 51.0 6.0 4.0 5.0 9.0 11.0 7.0 11.0 6.0 12.0 0.0 -9999 -9999 -9999 -9999 -9999 -9999 -9999 -9999 -9999 -9999 -9999 -9999 14.0 6.0 3.0 -9999 -9999 -9999 -9999 -9999 -9999 -9999 274.0 260.0 3.0 27.0 17.0 -9999 -9999 -9999 -9999 -9999 -9999 -9999 -9999 27.0 27.0 31.0 4.0 114.0 194.0 42.0 23.0 32.0 26.0 63.0 55.0
147.0 158.0 55.0 17.0 345.0 0.0 103.0 174.0 110.0 26.0 28.0 13.0 98.0 16.0 6.0 3.0 57.0 23.0 21.0 6.0 14.0 26.0 75.0 54.0 12.0 19.0 6.0 8.0 26.0 25.0 21.0 -9999 -9999 -9999 -9999 -9999 -9999 -9999 -9999 -9999 -9999 -9999 -9999 -9999 -9999 -9999 -9999 -9999 -9999 -9999 -9999 227.0 242.0 69.0 99.0 62.0 28.0 15.0 66.0 12.0 -9999 -9999 -9999 -9999 -9999 -9999 -9999 -9999 -9999 -9999 -9999 -9999 -9999 98.0 0.0 30.0 47.0 66.0 7.0
85.0 238.0 257.0 80.0 65.0 101.0 -9999 -9999 68.0 7.0 42.0 31.0 87.0 36.0 12.0 30.0 21.0 5.0 35.0 35.0 66.0 34.0 4.0 0.0 19.0 15.0 20.0 23.0 23.0 49.0 13.0 13.0 53.0 -9999 -9999 -9999 -9999 -9999 -9999 -9999 -9999 -9999 -9999 -9999 -9999 -9999 -9999 -9999 -9999 -9999 -9999 -9999 -9999 72.0 97.0 140.0 54.0 179.0 125.0 77.0 288.0 -9999 -9999 -9999 -9999 -9999 -9999 -9999 -9999 -9999 26.0 24.0 35.0 68.0 14.0 34.0 81.0 95.0 75.0
-9999 -9999 -9999 -9999 -9999 308.0 263.0 -9999 -9999 -9999 -9999 -9999 -9999 25.0 25.0 31.0 27.0 11.0 12.0 68.0 20.0 19.0 28.0 22.0 8.0 30.0 4.0 117.0 34.0 77.0 38.0 6.0 1.0 7.0 25.0 18.0 28.0 15.0 -9999 -9999 12.0 -9999 -9999 -9999 -9999 -9999 -9999 -9999 -9999 -9999 -9999 37.0 132.0 52.0 41.0 85.0 103.0 44.0 218.0 228.0 31.0 185.0 37.0 -9999 -9999 -9999 -9999 -9999 -9999 -9999 -9999 -9999 18.0 -9999 -9999 -9999 140.0 273.0 128.0
56.0 38.0 46.0 23.0 6.0 57.0 42.0 15.0 30.0 16.0 2.0 34.0 49.0 34.0 40.0 12.0 29.0 31.0 67.0 17.0 24.0 25.0 37.0 42.0 49.0 13.0 8.0 0.0 72.0 93.0 61.0 31.0 51.0 38.0 23.0 16.0 14.0 20.0 17.0 23.0 -9999 -9999 -9999 -9999 -9999 -9999 -9999 71.0 -9999 -9999 -9999 -9999 1.0 55.0 50.0 63.0 23.0 255.0 52.0 11.0 133.0 161.0 -9999 -9999 -9999 -9999 -9999 -9999 -9999 -9999 -9999 -9999 -9999 -9999 -9999 -9999 -9999 -9999 -9999
-9999 99.0 55.0 22.0 101.0 66.0 76.0 68.0 68.0 60.0 72.0 41.0 31.0 23.0 43.0 29.0 12.0 14.0 26.0 8.0 41.0 26.0 20.0 34.0 74.0 50.0 75.0 17.0 48.0 47.0 39.0 19.0 83.0 30.0 39.0 -9999 12.0 -9999 -9999 44.0 -9999 -9999 -9999 -9999 -9999 -9999 29.0 88.0 1.0 65.0 21.0 77.0 -9999 53.0 -9999 -9999 -9999 162.0 -9999 22.0 31.0 55.0 67.0 16.0 163.0 156.0 -9999 -9999 -9999 -9999 -9999 -9999 -9999 -9999 -9999 -9999 -9999 -9999 -9999
-9999 -9999 -9999 -9999 -9999 -9999 -9999 -9999 44.0 30.0 27.0 23.0 44.0 41.0 9.0 0.0 77.0 5.0 4.0 41.0 22.0 22.0 31.0 29.0 30.0 -9999 -9999 126.0 211.0 65.0 143.0 36.0 41.0 57.0 -9999 30.0 32.0 13.0 11.0 -9999 -9999 -9999 -9999 -9999 -9999 26.0 20.0 25.0 8.0 12.0 21.0 31.0 41.0 -9999 -9999 -9999 -9999 62.0 37.0 1.0 91.0 0.0 50.0 74.0 106.0 64.0 -9999 -9999 -9999 24.0 -9999 -9999 -9999 -9999 -9999 -9999 -9999 -9999 -9999
47.0 39.0 26.0 61.0 29.0 15.0 -9999 -9999 -9999 38.0 40.0 22.0 0.0 55.0 69.0 181.0 64.0 54.0 135.0 -9999 -9999 -9999 -9999 -9999 8.0 21.0 156.0 99.0 40.0 -9999 -9999 -9999 -9999 -9999 -9999 -9999 -9999 10.0 -9999 -9999 -9999 -9999 -9999 -9999 -9999 -9999 -9999 -9999 16.0 15.0 18.0 13.0 22.0 -9999 -9999 -9999 -9999 -9999 27.0 23.0 8.0 51.0 47.0 31.0 58.0 64.0 -9999 21.0 24.0 57.0 68.0 153.0 112.0 -9999 -9999 -9999 -9999 -9999 664.0
0.0 6.0 64.0 17.0 34.0 53.0 53.0 -9999 -9999 -9999 -9999 -9999 -9999 -9999 -9999 -9999 -9999 -9999 -9999 -9999 67.0 -9999 31.0 -9999 -9999 -9999 67.0 10.0 34.0 16.0 -9999 -9999 -9999 -9999 -9999 -9999 -9999 -9999 -9999 -9999 -9999 -9999 -9999 -9999 -9999 -9999 11.0 28.0 7.0 45.0 -9999 -9999 -9999 -9999 -9999 -9999 -9999 2.0 33.0 42.0 32.0 82.0 37.0 91.0 137.0 148.0 40.0 118.0 124.0 33.0 43.0 -9999 26.0 -9999 28.0 -9999 -9999 -9999 383.0
148.0 55.0 239.0 34.0 -9999 -9999 -9999 -9999 -9999 -9999 -9999 -9999 -9999 -9999 -9999 -9999 145.0 17.0 -9999 -9999 -9999 -9999 -9999 76.0 382.0 26.0 21.0 39.0 34.0 30.0 14.0 25.0 18.0 68.0 15.0 -9999 -9999 -9999 1.0 -9999 -9999 -9999 -9999 -9999 -9999 -9999 86.0 -9999 -9999 57.0 4.0 60.0 -9999 -9999 3.0 53.0 60.0 62.0 191.0 43.0 5.0 61.0 4.0 43.0 22.0 59.0 143.0 74.0 21.0 94.0 95.0 183.0 -9999 -9999 -9999 6.0 -9999 98.0 38.0
200.0 187.0 37.0 112.0 50.0 49.0 118.0 51.0 201.0 69.0 34.0 195.0 312.0 98.0 37.0 159.0 10.0 35.0 127.0 230.0 -9999 40.0 -9999 154.0 55.0 10.0 16.0 19.0 16.0 14.0 18.0 18.0 26.0 30.0 8.0 64.0 26.0 39.0 19.0 1.0 4.0 28.0 19.0 29.0 46.0 28.0 50.0 5.0 5.0 24.0 18.0 -9999 -9999 -9999 158.0 28.0 166.0 362.0 105.0 23.0 36.0 152.0 11.0 153.0 138.0 202.0 38.0 147.0 181.0 157.0 173.0 168.0 100.0 -9999 -9999 -9999 131.0 87.0 172.0
286.0 83.0 94.0 234.0 202.0 82.0 138.0 23.0 18.0 115.0 114.0 21.0 79.0 130.0 26.0 18.0 192.0 48.0 96.0 84.0 123.0 49.0 172.0 171.0 70.0 0.0 44.0 51.0 42.0 0.0 35.0 32.0 48.0 45.0 29.0 33.0 64.0 37.0 41.0 22.0 27.0 37.0 17.0 25.0 42.0 46.0 39.0 12.0 8.0 35.0 52.0 14.0 28.0 28.0 36.0 83.0 100.0 54.0 30.0 88.0 24.0 229.0 72.0 37.0 59.0 18.0 34.0 19.0 67.0 52.0 30.0 117.0 126.0 120.0 7.0 18.0 277.0 272.0 70.0
160.0 27.0 109.0 48.0 22.0 119.0 44.0 13.0 17.0 138.0 66.0 7.0 30.0 94.0 27.0 45.0 63.0 24.0 17.0 1.0 54.0 2.0 263.0 361.0 93.0 97.0 35.0 28.0 46.0 48.0 11.0 5.0 23.0 19.0 2.0 3.0 32.0 4.0 7.0 0.0 9.0 8.0 20.0 1.0 12.0 13.0 56.0 44.0 44.0 23.0 12.0 34.0 30.0 5.0 23.0 52.0 0.0 132.0 152.0 3.0 59.0 160.0 34.0 106.0 3.0 38.0 128.0 58.0 114.0 101.0 112.0 171.0 9.0 99.0 31.0 28.0 45.0 132.0 23.0
56.0 35.0 85.0 58.0 136.0 25.0 26.0 98.0 37.0 27.0 27.0 83.0 40.0 17.0 45.0 62.0 17.0 55.0 54.0 40.0 8.0 64.0 80.0 254.0 398.0 28.0 0.0 10.0 11.0 12.0 27.0 17.0 9.0 6.0 17.0 0.0 0.0 20.0 12.0 3.0 9.0 88.0 31.0 6.0 14.0 0.0 11.0 0.0 27.0 13.0 64.0 63.0 226.0 109.0 19.0 32.0 3.0 7.0 37.0 142.0 12.0 31.0 67.0 27.0 98.0 53.0 65.0 72.0 10.0 24.0 4.0 14.0 83.0 190.0 21.0 52.0 196.0 -9999 -9999
15.0 35.0 67.0 106.0 52.0 19.0 12.0 60.0 11.0 34.0 59.0 41.0 42.0 38.0 33.0 104.0 28.0 9.0 43.0 48.0 52.0 46.0 83.0 55.0 12.0 93.0 58.0 13.0 71.0 12.0 3.0 12.0 6.0 15.0 7.0 9.0 4.0 0.0 0.0 0.0 0.0 3.0 0.0 2.0 3.0 21.0 16.0 11.0 44.0 81.0 77.0 16.0 1.0 9.0 113.0 91.0 6.0 71.0 30.0 0.0 10.0 5.0 38.0 159.0 0.0 335.0 -9999 189.0 -9999 17.0 49.0 82.0 41.0 38.0 33.0 69.0 -9999 -9999 3.0
49.0 40.0 40.0 47.0 32.0 12.0 25.0 0.0 39.0 21.0 0.0 0.0 18.0 16.0 22.0 31.0 14.0 21.0 10.0 28.0 32.0 26.0 46.0 22.0 17.0 1.0 3.0 25.0 141.0 0.0 13.0 26.0 14.0 14.0 168.0 10.0 8.0 6.0 3.0 16.0 23.0 0.0 3.0 19.0 7.0 4.0 8.0 0.0 14.0 21.0 18.0 5.0 71.0 5.0 6.0 20.0 54.0 115.0 247.0 44.0 7.0 3.0 41.0 39.0 1.0 9.0 8.0 67.0 23.0 -9999 -9999 -9999 8.0 77.0 29.0 -9999 -9999 24.0 11.0
49.0 38.0 27.0 10.0 25.0 1.0 0.0 41.0 0.0 61.0 8.0 0.0 13.0 16.0 0.0 25.0 35.0 25.0 26.0 47.0 12.0 42.0 40.0 16.0 111.0 34.0 56.0 34.0 57.0 34.0 17.0 19.0 10.0 4.0 0.0 14.0 138.0 12.0 7.0 2.0 11.0 10.0 26.0 1.0 5.0 25.0 3.0 1.0 29.0 9.0 0.0 45.0 112.0 10.0 14.0 18.0 0.0 21.0 7.0 51.0 52.0 168.0 60.0 22.0 66.0 6.0 71.0 51.0 42.0 86.0 94.0 30.0 68.0 28.0 15.0 -9999 -9999 13.0 24.0
27.0 5.0 16.0 2.0 8.0 11.0 38.0 14.0 10.0 3.0 12.0 0.0 4.0 34.0 29.0 23.0 5.0 41.0 9.0 3.0 2.0 58.0 18.0 6.0 52.0 23.0 9.0 8.0 3.0 3.0 85.0 15.0 9.0 60.0 107.0 5.0 6.0 3.0 9.0 108.0 11.0 123.0 75.0 119.0 104.0 37.0 0.0 13.0 0.0 0.0 191.0 53.0 177.0 88.0 8.0 82.0 42.0 48.0 9.0 0.0 0.0 33.0 15.0 39.0 15.0 3.0 30.0 13.0 29.0 143.0 25.0 30.0 66.0 37.0 -9999 -9999 -9999 17.0 7.0
23.0 99.0 2.0 20.0 79.0 120.0 9.0 5.0 55.0 23.0 11.0 6.0 42.0 1.0 1.0 15.0 31.0 18.0 39.0 7.0 9.0 126.0 7.0 41.0 5.0 4.0 114.0 12.0 136.0 11.0 56.0 32.0 93.0 0.0 2.0 0.0 4.0 0.0 142.0 13.0 7.0 14.0 14.0 132.0 93.0 7.0 0.0 1.0 96.0 20.0 14.0 5.0 0.0 15.0 103.0 29.0 22.0 17.0 8.0 16.0 35.0 2.0 13.0 15.0 0.0 23.0 9.0 66.0 55.0 84.0 5.0 29.0 -9999 -9999 -9999 -9999 -9999 6.0 5.0
14.0 1.0 131.0 8.0 28.0 4.0 6.0 25.0 84.0 34.0 9.0 5.0 7.0 112.0 80.0 21.0 118.0 50.0 74.0 4.0 62.0 11.0 1.0 0.0 0.0 5.0 0.0 26.0 27.0 38.0 14.0 75.0 108.0 26.0 65.0 15.0 2.0 62.0 43.0 98.0 3.0 4.0 3.0 52.0 21.0 10.0 0.0 20.0 2.0 6.0 168.0 41.0 2.0 3.0 14.0 13.0 21.0 6.0 -9999 11.0 115.0 13.0 12.0 41.0 74.0 15.0 3.0 0.0 -9999 -9999 -9999 -9999 -9999 -9999 -9999 5.0 0.0 4.0 46.0
6.0 23.0 41.0 94.0 30.0 11.0 5.0 19.0 31.0 79.0 238.0 62.0 16.0 110.0 199.0 198.0 175.0 195.0 81.0 7.0 10.0 0.0 10.0 91.0 0.0 0.0 10.0 36.0 4.0 3.0 5.0 12.0 201.0 6.0 11.0 79.0 11.0 16.0 116.0 0.0 1.0 25.0 140.0 34.0 9.0 22.0 19.0 8.0 9.0 3.0 45.0 124.0 76.0 87.0 87.0 0.0 38.0 37.0 24.0 0.0 6.0 1.0 16.0 60.0 0.0 -9999 -9999 -9999 -9999 -9999 -9999 -9999 -9999 -9999 -9999 -9999 -9999 -9999 54.0
5.0 11.0 7.0 0.0 24.0 7.0 89.0 3.0 3.0 3.0 19.0 29.0 98.0 204.0 141.0 16.0 137.0 223.0 5.0 6.0 17.0 44.0 0.0 18.0 11.0 2.0 0.0 9.0 0.0 9.0 0.0 47.0 4.0 17.0 43.0 4.0 3.0 2.0 0.0 0.0 44.0 82.0 17.0 19.0 5.0 59.0 12.0 0.0 143.0 13.0 40.0 61.0 45.0 136.0 30.0 5.0 5.0 14.0 4.0 28.0 12.0 0.0 37.0 76.0 39.0 5.0 -9999 -9999 -9999 -9999 -9999 -9999 -9999 -9999 -9999 -9999 -9999 -9999 -9999
52.0 16.0 0.0 0.0 2.0 19.0 35.0 48.0 83.0 12.0 12.0 6.0 7.0 6.0 212.0 12.0 219.0 259.0 10.0 2.0 11.0 22.0 9.0 14.0 18.0 0.0 6.0 100.0 48.0 4.0 142.0 9.0 21.0 30.0 23.0 0.0 13.0 1.0 0.0 5.0 23.0 51.0 1.0 13.0 30.0 26.0 45.0 0.0 31.0 33.0 16.0 14.0 14.0 19.0 16.0 21.0 15.0 15.0 15.0 6.0 0.0 2.0 -9999 -9999 0.0 -9999 -9999 -9999 -9999 -9999 -9999 -9999 -9999 -9999 -9999 -9999 -9999 -9999 -9999
19.0 7.0 6.0 3.0 1.0 0.0 0.0 22.0 12.0 6.0 3.0 28.0 336.0 0.0 445.0 1.0 0.0 34.0 17.0 4.0 57.0 98.0 20.0 0.0 5.0 13.0 24.0 6.0 3.0 7.0 3.0 3.0 0.0 7.0 13.0 45.0 0.0 54.0 0.0 10.0 49.0 2.0 4.0 14.0 19.0 28.0 0.0 3.0 2.0 2.0 1.0 78.0 46.0 3.0 0.0 0.0 4.0 9.0 6.0 3.0 -9999 -9999 -9999 -9999 -9999 -9999 -9999 -9999 -9999 -9999 -9999 -9999 -9999 -9999 -9999 -9999 -9999 -9999 -9999
3.0 19.0 7.0 7.0 3.0 9.0 0.0 0.0 0.0 0.0 0.0 15.0 180.0 16.0 0.0 181.0 4.0 4.0 2.0 3.0 121.0 67.0 28.0 1.0 13.0 3.0 7.0 80.0 22.0 28.0 11.0 15.0 2.0 4.0 1.0 1.0 46.0 12.0 37.0 1.0 2.0 12.0 8.0 0.0 19.0 10.0 13.0 76.0 7.0 6.0 57.0 19.0 0.0 0.0 2.0 5.0 11.0 40.0 -9999 0.0 -9999 -9999 -9999 -9999 -9999 -9999 -9999 -9999 -9999 -9999 -9999 -9999 -9999 -9999 -9999 -9999 -9999 -9999 -9999
2.0 15.0 28.0 0.0 0.0 0.0 0.0 0.0 0.0 80.0 0.0 16.0 14.0 8.0 2.0 12.0 9.0 6.0 2.0 26.0 24.0 60.0 17.0 157.0 0.0 6.0 65.0 29.0 1.0 1.0 3.0 12.0 9.0 1.0 17.0 0.0 12.0 4.0 1.0 1.0 138.0 7.0 12.0 0.0 11.0 23.0 18.0 11.0 21.0 5.0 0.0 2.0 6.0 23.0 8.0 11.0 7.0 0.0 -9999 -9999 -9999 -9999 -9999 -9999 -9999 -9999 -9999 -9999 -9999 -9999 -9999 -9999 -9999 -9999 -9999 -9999 -9999 -9999 -9999
0.0 0.0 0.0 0.0 0.0 0.0 0.0 0.0 3.0 3.0 11.0 13.0 27.0 14.0 6.0 13.0 59.0 10.0 4.0 31.0 10.0 7.0 15.0 11.0 17.0 62.0 8.0 8.0 8.0 28.0 1.0 3.0 75.0 9.0 9.0 9.0 4.0 9.0 0.0 0.0 5.0 2.0 72.0 28.0 33.0 3.0 14.0 5.0 18.0 31.0 39.0 7.0 81.0 55.0 15.0 15.0 2.0 -9999 -9999 -9999 -9999 -9999 -9999 -9999 -9999 -9999 -9999 -9999 -9999 -9999 -9999 -9999 -9999 -9999 -9999 -9999 -9999 -9999 -9999
14.0 16.0 15.0 10.0 22.0 64.0 16.0 4.0 13.0 11.0 11.0 15.0 0.0 5.0 16.0 1.0 50.0 88.0 16.0 31.0 66.0 9.0 8.0 23.0 45.0 0.0 23.0 158.0 37.0 12.0 13.0 0.0 0.0 3.0 1.0 6.0 7.0 8.0 128.0 13.0 4.0 18.0 0.0 12.0 22.0 54.0 99.0 9.0 31.0 3.0 8.0 160.0 15.0 29.0 11.0 13.0 -9999 -9999 -9999 -9999 -9999 -9999 -9999 -9999 -9999 -9999 -9999 -9999 -9999 -9999 -9999 -9999 -9999 -9999 -9999 -9999 -9999 -9999 -9999
52.0 32.0 2.0 10.0 0.0 5.0 8.0 11.0 7.0 9.0 7.0 5.0 5.0 7.0 31.0 3.0 54.0 53.0 55.0 4.0 33.0 15.0 14.0 13.0 5.0 7.0 3.0 6.0 6.0 152.0 33.0 207.0 56.0 12.0 12.0 0.0 1.0 6.0 123.0 14.0 5.0 12.0 10.0 0.0 21.0 25.0 66.0 38.0 2.0 4.0 9.0 6.0 10.0 54.0 12.0 11.0 -9999 -9999 -9999 -9999 -9999 -9999 -9999 -9999 -9999 -9999 -9999 -9999 -9999 -9999 -9999 -9999 -9999 -9999 -9999 -9999 -9999 -9999 -9999
19.0 10.0 13.0 17.0 41.0 17.0 3.0 4.0 11.0 15.0 5.0 14.0 9.0 26.0 24.0 0.0 0.0 14.0 128.0 268.0 41.0 2.0 48.0 52.0 5.0 0.0 34.0 28.0 5.0 6.0 5.0 0.0 145.0 5.0 192.0 5.0 132.0 55.0 19.0 14.0 0.0 0.0 0.0 21.0 95.0 11.0 3.0 1.0 43.0 11.0 8.0 12.0 16.0 9.0 10.0 -9999 -9999 -9999 -9999 -9999 -9999 -9999 -9999 -9999 -9999 -9999 -9999 -9999 -9999 -9999 -9999 -9999 -9999 -9999 -9999 -9999 -9999 -9999 -9999
18.0 17.0 89.0 28.0 191.0 83.0 491.0 35.0 3.0 0.0 3.0 1.0 14.0 19.0 14.0 48.0 15.0 45.0 0.0 0.0 99.0 149.0 71.0 167.0 280.0 52.0 263.0 319.0 23.0 35.0 10.0 70.0 43.0 72.0 11.0 95.0 59.0 30.0 185.0 12.0 24.0 13.0 11.0 2.0 2.0 3.0 3.0 0.0 76.0 20.0 18.0 20.0 74.0 16.0 8.0 0.0 -9999 -9999 -9999 -9999 -9999 -9999 -9999 -9999 -9999 -9999 -9999 -9999 -9999 -9999 -9999 -9999 -9999 -9999 -9999 -9999 -9999 -9999 -9999
33.0 97.0 91.0 27.0 57.0 55.0 80.0 30.0 15.0 10.0 24.0 17.0 0.0 1.0 25.0 5.0 0.0 0.0 0.0 14.0 33.0 77.0 11.0 15.0 91.0 110.0 23.0 1.0 15.0 12.0 8.0 10.0 26.0 0.0 5.0 8.0 19.0 13.0 5.0 56.0 52.0 81.0 27.0 3.0 12.0 14.0 7.0 11.0 3.0 17.0 7.0 3.0 12.0 18.0 12.0 -9999 -9999 -9999 -9999 -9999 -9999 -9999 -9999 -9999 -9999 -9999 -9999 -9999 -9999 -9999 -9999 -9999 -9999 -9999 -9999 -9999 -9999 -9999 -9999
