KEPLER/2.4/binaries/lib/outreach-2.3.0/workflows/data/garp/NA_ASC/h_slope.asc
nrows  200
ncols  400
xllcorner  -179.99962860149
yllcorner  6.7208489478326
cellsize  0.4
NODATA_value  -9999
[rows 105 to 139 of 200, columns 158 to 236 of 400]
421.0 17.0 223.0 374.0 1042.0 1050.0 208.0 319.0 525.0 244.0 1307.0 221.0 154.0 834.0 408.0 751.0 388.0 1329.0 371.0 335.0 72.0 153.0 142.0 233.0 583.0 90.0 16.0 132.0 64.0 84.0 77.0 122.0 33.0 73.0 7.0 41.0 2.0 62.0 81.0 143.0 77.0 29.0 15.0 19.0 27.0 8.0 11.0 23.0 36.0 33.0 147.0 131.0 22.0 2.0 14.0 1.0 13.0 4.0 27.0 25.0 114.0 103.0 118.0 136.0 23.0 8.0 8.0 32.0 32.0 12.0 17.0 52.0 0.0 72.0 0.0 0.0 0.0 49.0 70.0
0.0 546.0 519.0 407.0 635.0 1118.0 1098.0 481.0 214.0 828.0 274.0 92.0 162.0 148.0 190.0 36.0 504.0 473.0 809.0 773.0 224.0 88.0 0.0 79.0 440.0 302.0 191.0 159.0 105.0 182.0 4.0 4.0 205.0 181.0 56.0 45.0 189.0 88.0 5.0 79.0 86.0 66.0 77.0 38.0 24.0 40.0 11.0 15.0 23.0 18.0 12.0 41.0 33.0 48.0 12.0 35.0 34.0 30.0 5.0 13.0 51.0 31.0 15.0 92.0 78.0 16.0 8.0 2.0 29.0 21.0 89.0 44.0 34.0 51.0 0.0 0.0 0.0 71.0 32.0
0.0 0.0 557.0 684.0 733.0 348.0 762.0 485.0 136.0 749.0 52.0 0.0 16.0 179.0 163.0 1826.0 1037.0 1227.0 575.0 784.0 412.0 66.0 32.0 261.0 231.0 179.0 2.0 142.0 60.0 67.0 37.0 72.0 59.0 186.0 3.0 63.0 127.0 0.0 35.0 77.0 70.0 49.0 35.0 46.0 33.0 83.0 21.0 23.0 21.0 37.0 24.0 37.0 64.0 13.0 42.0 38.0 15.0 4.0 17.0 16.0 25.0 34.0 73.0 35.0 88.0 86.0 123.0 0.0 16.0 57.0 27.0 224.0 28.0 0.0 0.0 0.0 61.0 19.0 52.0
0.0 93.0 216.0 159.0 798.0 638.0 642.0 111.0 247.0 31.0 111.0 41.0 43.0 79.0 148.0 702.0 288.0 212.0 114.0 76.0 82.0 787.0 237.0 303.0 562.0 199.0 126.0 47.0 159.0 152.0 75.0 75.0 75.0 209.0 0.0 0.0 160.0 4.0 73.0 12.0 47.0 52.0 76.0 49.0 161.0 21.0 7.0 21.0 16.0 48.0 46.0 42.0 42.0 25.0 39.0 8.0 12.0 14.0 34.0 2.0 52.0 25.0 10.0 125.0 118.0 44.0 69.0 195.0 95.0 23.0 59.0 97.0 19.0 0.0 0.0 0.0 45.0 74.0 20.0
172.0 150.0 12.0 35.0 97.0 303.0 126.0 21.0 24.0 22.0 21.0 99.0 236.0 433.0 125.0 835.0 226.0 389.0 410.0 671.0 42.0 0.0 0.0 50.0 75.0 54.0 128.0 94.0 124.0 42.0 152.0 9.0 35.0 30.0 117.0 128.0 19.0 26.0 91.0 0.0 37.0 6.0 23.0 74.0 76.0 279.0 46.0 33.0 13.0 38.0 65.0 23.0 5.0 32.0 22.0 19.0 49.0 47.0 9.0 30.0 3.0 35.0 34.0 12.0 18.0 106.0 81.0 26.0 38.0 30.0 0.0 80.0 34.0 0.0 0.0 0.0 0.0 6.0 73.0
261.0 42.0 224.0 108.0 108.0 103.0 78.0 16.0 0.0 31.0 527.0 630.0 455.0 223.0 179.0 283.0 198.0 121.0 37.0 186.0 624.0 106.0 61.0 50.0 94.0 274.0 430.0 162.0 193.0 104.0 24.0 39.0 77.0 101.0 301.0 19.0 98.0 50.0 0.0 15.0 74.0 30.0 9.0 12.0 20.0 116.0 88.0 82.0 96.0 74.0 153.0 82.0 46.0 168.0 40.0 3.0 10.0 10.0 31.0 47.0 13.0 27.0 19.0 32.0 95.0 105.0 29.0 42.0 15.0 92.0 15.0 72.0 20.0 0.0 0.0 0.0 0.0 29.0 12.0
103.0 13.0 164.0 23.0 136.0 141.0 101.0 103.0 161.0 67.0 95.0 190.0 393.0 718.0 204.0 171.0 330.0 77.0 0.0 34.0 186.0 23.0 56.0 234.0 321.0 295.0 156.0 61.0 232.0 292.0 62.0 121.0 89.0 6.0 34.0 1.0 16.0 62.0 93.0 0.0 44.0 48.0 13.0 24.0 17.0 5.0 24.0 25.0 8.0 55.0 29.0 115.0 24.0 41.0 47.0 27.0 15.0 14.0 31.0 54.0 25.0 90.0 68.0 52.0 53.0 77.0 87.0 95.0 11.0 18.0 41.0 20.0 38.0 0.0 0.0 0.0 41.0 4.0 47.0
54.0 43.0 393.0 406.0 53.0 179.0 406.0 403.0 483.0 683.0 105.0 419.0 195.0 606.0 436.0 412.0 150.0 0.0 4.0 105.0 110.0 0.0 15.0 54.0 18.0 147.0 132.0 57.0 23.0 188.0 22.0 35.0 40.0 61.0 74.0 85.0 1.0 58.0 29.0 42.0 10.0 21.0 64.0 35.0 53.0 37.0 32.0 52.0 47.0 57.0 54.0 34.0 66.0 48.0 69.0 34.0 34.0 59.0 51.0 17.0 12.0 47.0 45.0 80.0 30.0 12.0 52.0 28.0 31.0 7.0 8.0 26.0 31.0 0.0 0.0 0.0 41.0 8.0 19.0
60.0 763.0 974.0 100.0 287.0 167.0 129.0 180.0 73.0 197.0 0.0 0.0 1524.0 608.0 108.0 417.0 2.0 2.0 197.0 192.0 73.0 179.0 37.0 179.0 209.0 57.0 179.0 82.0 88.0 254.0 8.0 117.0 72.0 8.0 59.0 195.0 22.0 14.0 36.0 63.0 35.0 145.0 30.0 66.0 74.0 48.0 19.0 47.0 10.0 76.0 6.0 62.0 2.0 68.0 69.0 102.0 21.0 55.0 17.0 40.0 16.0 55.0 6.0 71.0 71.0 101.0 46.0 0.0 38.0 14.0 15.0 13.0 4.0 43.0 65.0 1.0 21.0 2.0 16.0
43.0 193.0 188.0 14.0 0.0 122.0 118.0 28.0 5.0 14.0 0.0 0.0 64.0 598.0 452.0 199.0 149.0 230.0 0.0 373.0 76.0 51.0 172.0 77.0 80.0 471.0 408.0 353.0 170.0 144.0 72.0 22.0 4.0 34.0 6.0 8.0 35.0 35.0 71.0 45.0 80.0 54.0 0.0 60.0 43.0 67.0 13.0 49.0 5.0 68.0 59.0 12.0 114.0 92.0 23.0 39.0 32.0 13.0 47.0 50.0 22.0 42.0 28.0 29.0 47.0 2.0 22.0 7.0 49.0 16.0 19.0 1.0 8.0 10.0 0.0 1.0 7.0 21.0 3.0
118.0 180.0 366.0 138.0 184.0 40.0 173.0 0.0 3.0 18.0 7.0 0.0 99.0 796.0 941.0 358.0 693.0 115.0 407.0 315.0 0.0 0.0 20.0 100.0 494.0 491.0 42.0 505.0 288.0 725.0 29.0 69.0 35.0 59.0 26.0 8.0 28.0 25.0 24.0 51.0 44.0 25.0 1.0 32.0 6.0 9.0 14.0 14.0 18.0 13.0 66.0 49.0 79.0 82.0 43.0 71.0 43.0 46.0 26.0 15.0 3.0 36.0 13.0 6.0 4.0 6.0 24.0 31.0 53.0 13.0 2.0 22.0 13.0 24.0 30.0 3.0 5.0 2.0 0.0
357.0 491.0 782.0 1210.0 159.0 112.0 20.0 22.0 2.0 4.0 181.0 4.0 975.0 1844.0 560.0 223.0 295.0 0.0 0.0 182.0 181.0 265.0 313.0 414.0 614.0 262.0 632.0 524.0 1284.0 398.0 55.0 20.0 13.0 39.0 33.0 14.0 44.0 9.0 26.0 70.0 54.0 67.0 61.0 40.0 15.0 5.0 6.0 18.0 12.0 15.0 48.0 26.0 26.0 218.0 15.0 30.0 4.0 54.0 48.0 112.0 93.0 50.0 45.0 64.0 27.0 63.0 31.0 17.0 8.0 21.0 1.0 1.0 30.0 6.0 23.0 22.0 3.0 0.0 1.0
63.0 108.0 13.0 461.0 863.0 88.0 295.0 537.0 2.0 292.0 419.0 188.0 652.0 338.0 653.0 332.0 263.0 165.0 157.0 193.0 73.0 66.0 156.0 1430.0 372.0 731.0 473.0 687.0 409.0 452.0 59.0 38.0 131.0 8.0 36.0 44.0 28.0 76.0 109.0 49.0 39.0 24.0 21.0 18.0 30.0 49.0 59.0 142.0 19.0 29.0 50.0 23.0 48.0 9.0 45.0 49.0 2.0 25.0 34.0 36.0 69.0 30.0 31.0 73.0 29.0 46.0 35.0 17.0 1.0 3.0 47.0 15.0 10.0 24.0 67.0 38.0 22.0 2.0 0.0
560.0 178.0 488.0 139.0 226.0 118.0 773.0 103.0 16.0 192.0 0.0 10.0 10.0 28.0 171.0 51.0 428.0 1306.0 326.0 178.0 452.0 1297.0 236.0 758.0 493.0 728.0 334.0 529.0 682.0 897.0 19.0 43.0 55.0 56.0 43.0 41.0 47.0 9.0 55.0 30.0 29.0 30.0 39.0 49.0 41.0 42.0 41.0 33.0 24.0 28.0 89.0 79.0 68.0 26.0 35.0 90.0 54.0 43.0 63.0 14.0 37.0 18.0 40.0 22.0 145.0 60.0 51.0 13.0 17.0 11.0 14.0 13.0 9.0 17.0 12.0 30.0 31.0 0.0 0.0
657.0 422.0 572.0 246.0 332.0 110.0 402.0 12.0 862.0 218.0 7.0 48.0 459.0 874.0 800.0 201.0 0.0 532.0 194.0 0.0 333.0 230.0 509.0 318.0 1508.0 403.0 42.0 14.0 522.0 201.0 146.0 81.0 50.0 24.0 22.0 27.0 36.0 38.0 90.0 29.0 23.0 27.0 30.0 74.0 143.0 44.0 52.0 68.0 53.0 38.0 111.0 38.0 15.0 9.0 56.0 122.0 49.0 61.0 2.0 15.0 15.0 86.0 8.0 14.0 55.0 153.0 28.0 18.0 26.0 14.0 6.0 7.0 5.0 12.0 29.0 58.0 118.0 28.0 0.0
57.0 0.0 103.0 30.0 322.0 1365.0 111.0 346.0 178.0 134.0 124.0 419.0 674.0 1045.0 125.0 311.0 0.0 0.0 213.0 415.0 294.0 258.0 62.0 450.0 478.0 736.0 1381.0 487.0 631.0 505.0 62.0 70.0 52.0 203.0 57.0 15.0 35.0 24.0 15.0 30.0 124.0 65.0 68.0 11.0 40.0 32.0 54.0 16.0 34.0 25.0 14.0 22.0 14.0 96.0 28.0 37.0 52.0 54.0 14.0 77.0 83.0 41.0 44.0 41.0 118.0 81.0 11.0 25.0 23.0 26.0 25.0 50.0 6.0 2.0 52.0 62.0 12.0 154.0 85.0
232.0 79.0 235.0 1373.0 87.0 165.0 206.0 251.0 514.0 233.0 112.0 592.0 58.0 662.0 594.0 53.0 226.0 33.0 156.0 114.0 414.0 319.0 320.0 877.0 871.0 201.0 598.0 150.0 265.0 792.0 93.0 88.0 156.0 46.0 7.0 39.0 40.0 27.0 5.0 15.0 24.0 31.0 29.0 43.0 14.0 12.0 36.0 37.0 21.0 29.0 63.0 68.0 11.0 3.0 89.0 75.0 53.0 27.0 75.0 62.0 14.0 32.0 94.0 55.0 46.0 133.0 0.0 36.0 25.0 24.0 39.0 36.0 0.0 15.0 75.0 39.0 47.0 78.0 49.0
19.0 512.0 340.0 335.0 1.0 50.0 273.0 479.0 7.0 79.0 808.0 0.0 538.0 79.0 581.0 218.0 12.0 352.0 963.0 6.0 184.0 467.0 1620.0 826.0 559.0 544.0 115.0 0.0 1470.0 244.0 84.0 159.0 45.0 56.0 27.0 50.0 63.0 54.0 75.0 8.0 31.0 11.0 26.0 26.0 14.0 14.0 15.0 19.0 8.0 6.0 22.0 32.0 50.0 14.0 15.0 46.0 38.0 46.0 32.0 1.0 51.0 110.0 67.0 27.0 51.0 103.0 50.0 131.0 43.0 0.0 19.0 10.0 0.0 51.0 28.0 18.0 54.0 12.0 140.0
257.0 0.0 203.0 55.0 219.0 633.0 20.0 540.0 469.0 188.0 382.0 345.0 121.0 312.0 195.0 0.0 238.0 107.0 164.0 183.0 203.0 166.0 763.0 951.0 320.0 392.0 1195.0 0.0 34.0 556.0 19.0 41.0 94.0 504.0 81.0 34.0 60.0 58.0 25.0 56.0 5.0 39.0 21.0 56.0 72.0 45.0 47.0 39.0 34.0 6.0 32.0 34.0 82.0 42.0 18.0 5.0 3.0 9.0 71.0 52.0 44.0 63.0 75.0 73.0 38.0 46.0 115.0 90.0 38.0 30.0 49.0 49.0 79.0 31.0 38.0 54.0 46.0 52.0 64.0
102.0 319.0 281.0 947.0 212.0 760.0 327.0 240.0 33.0 1012.0 136.0 134.0 124.0 0.0 0.0 337.0 26.0 0.0 0.0 234.0 64.0 205.0 54.0 19.0 705.0 549.0 202.0 20.0 41.0 1184.0 289.0 768.0 107.0 222.0 80.0 65.0 51.0 41.0 16.0 27.0 3.0 78.0 33.0 51.0 32.0 93.0 22.0 8.0 22.0 43.0 18.0 41.0 39.0 14.0 69.0 14.0 9.0 44.0 16.0 54.0 128.0 158.0 77.0 102.0 46.0 0.0 85.0 3.0 17.0 1.0 21.0 28.0 31.0 22.0 64.0 38.0 27.0 28.0 95.0
532.0 72.0 382.0 569.0 492.0 562.0 0.0 252.0 66.0 269.0 76.0 552.0 5.0 125.0 64.0 327.0 1130.0 173.0 211.0 142.0 93.0 82.0 84.0 263.0 0.0 65.0 545.0 78.0 1175.0 1014.0 358.0 451.0 39.0 110.0 60.0 25.0 27.0 41.0 35.0 60.0 30.0 27.0 31.0 52.0 11.0 12.0 17.0 10.0 4.0 32.0 49.0 51.0 23.0 58.0 32.0 107.0 151.0 22.0 80.0 103.0 4.0 172.0 17.0 42.0 109.0 20.0 3.0 20.0 13.0 17.0 49.0 40.0 51.0 31.0 36.0 39.0 78.0 110.0 70.0
1248.0 113.0 225.0 470.0 70.0 365.0 0.0 0.0 88.0 619.0 258.0 733.0 1086.0 155.0 429.0 95.0 115.0 260.0 55.0 75.0 78.0 92.0 69.0 149.0 134.0 623.0 306.0 94.0 654.0 44.0 229.0 94.0 97.0 137.0 65.0 46.0 44.0 20.0 17.0 12.0 46.0 55.0 17.0 42.0 16.0 50.0 58.0 11.0 48.0 14.0 53.0 78.0 9.0 69.0 65.0 94.0 22.0 82.0 74.0 28.0 149.0 123.0 45.0 69.0 68.0 3.0 29.0 0.0 4.0 15.0 14.0 48.0 15.0 56.0 96.0 43.0 32.0 105.0 61.0
556.0 380.0 193.0 520.0 180.0 855.0 326.0 527.0 1760.0 1169.0 11.0 67.0 191.0 1078.0 0.0 235.0 328.0 80.0 56.0 39.0 417.0 58.0 15.0 26.0 42.0 406.0 554.0 136.0 614.0 122.0 5.0 171.0 27.0 82.0 46.0 17.0 25.0 22.0 30.0 52.0 73.0 86.0 125.0 147.0 64.0 78.0 35.0 17.0 17.0 71.0 58.0 36.0 18.0 0.0 48.0 76.0 114.0 292.0 85.0 387.0 446.0 533.0 81.0 51.0 11.0 41.0 1.0 3.0 77.0 55.0 48.0 9.0 133.0 29.0 74.0 29.0 15.0 359.0 214.0
40.0 328.0 373.0 347.0 162.0 248.0 74.0 34.0 9.0 17.0 221.0 73.0 26.0 68.0 0.0 0.0 129.0 1.0 124.0 72.0 98.0 96.0 93.0 291.0 527.0 75.0 14.0 144.0 151.0 233.0 139.0 7.0 49.0 40.0 39.0 97.0 97.0 111.0 56.0 38.0 60.0 13.0 65.0 62.0 18.0 54.0 20.0 16.0 13.0 23.0 53.0 49.0 78.0 12.0 61.0 17.0 78.0 106.0 42.0 121.0 53.0 197.0 44.0 120.0 0.0 24.0 1.0 126.0 37.0 13.0 46.0 42.0 146.0 96.0 84.0 39.0 44.0 17.0 31.0
0.0 398.0 213.0 223.0 0.0 618.0 299.0 437.0 58.0 143.0 94.0 173.0 369.0 42.0 112.0 0.0 53.0 75.0 19.0 238.0 110.0 34.0 287.0 131.0 16.0 286.0 277.0 13.0 103.0 122.0 13.0 87.0 61.0 17.0 9.0 10.0 11.0 18.0 11.0 14.0 76.0 77.0 140.0 33.0 60.0 10.0 81.0 7.0 13.0 62.0 17.0 35.0 2.0 73.0 63.0 385.0 615.0 77.0 330.0 36.0 0.0 57.0 64.0 8.0 4.0 15.0 4.0 12.0 42.0 28.0 77.0 69.0 54.0 69.0 108.0 168.0 14.0 660.0 388.0
179.0 756.0 194.0 486.0 209.0 80.0 178.0 177.0 118.0 873.0 118.0 56.0 60.0 103.0 162.0 111.0 9.0 96.0 128.0 110.0 120.0 73.0 332.0 0.0 226.0 24.0 177.0 8.0 28.0 83.0 58.0 60.0 52.0 49.0 84.0 37.0 6.0 25.0 16.0 65.0 54.0 42.0 15.0 20.0 190.0 31.0 82.0 37.0 41.0 53.0 32.0 27.0 52.0 244.0 62.0 0.0 755.0 358.0 105.0 35.0 99.0 4.0 7.0 2.0 1.0 20.0 5.0 17.0 46.0 113.0 36.0 44.0 87.0 102.0 1.0 20.0 432.0 54.0 180.0
613.0 467.0 138.0 218.0 156.0 336.0 373.0 74.0 9.0 63.0 140.0 902.0 176.0 151.0 131.0 420.0 78.0 105.0 217.0 8.0 146.0 4.0 423.0 326.0 554.0 57.0 67.0 19.0 113.0 32.0 84.0 64.0 40.0 26.0 21.0 28.0 41.0 24.0 2.0 179.0 21.0 125.0 5.0 20.0 15.0 37.0 22.0 38.0 41.0 47.0 16.0 38.0 31.0 0.0 203.0 199.0 62.0 86.0 59.0 5.0 58.0 20.0 2.0 4.0 3.0 16.0 2.0 3.0 118.0 79.0 21.0 36.0 97.0 60.0 57.0 74.0 278.0 50.0 91.0
1570.0 257.0 578.0 340.0 134.0 556.0 157.0 37.0 82.0 354.0 232.0 99.0 92.0 411.0 324.0 276.0 211.0 577.0 396.0 246.0 86.0 883.0 0.0 133.0 157.0 97.0 353.0 33.0 73.0 105.0 51.0 68.0 33.0 31.0 26.0 29.0 19.0 31.0 10.0 8.0 57.0 42.0 26.0 38.0 59.0 6.0 21.0 58.0 41.0 49.0 68.0 14.0 6.0 30.0 67.0 4.0 10.0 23.0 24.0 30.0 56.0 49.0 25.0 0.0 9.0 4.0 1.0 37.0 63.0 12.0 30.0 8.0 99.0 112.0 60.0 52.0 507.0 31.0 360.0
379.0 263.0 1.0 237.0 227.0 51.0 185.0 177.0 318.0 56.0 50.0 3.0 161.0 369.0 529.0 260.0 238.0 167.0 173.0 645.0 629.0 163.0 129.0 487.0 211.0 13.0 72.0 429.0 160.0 184.0 34.0 73.0 22.0 19.0 14.0 20.0 11.0 6.0 34.0 44.0 52.0 22.0 28.0 22.0 31.0 71.0 3.0 73.0 133.0 33.0 11.0 61.0 26.0 88.0 52.0 35.0 21.0 6.0 21.0 28.0 73.0 40.0 21.0 46.0 26.0 3.0 0.0 39.0 47.0 9.0 82.0 43.0 41.0 92.0 23.0 138.0 82.0 98.0 104.0
216.0 1222.0 29.0 18.0 46.0 152.0 133.0 85.0 0.0 24.0 80.0 55.0 14.0 72.0 46.0 269.0 519.0 157.0 554.0 246.0 273.0 479.0 186.0 78.0 212.0 479.0 14.0 277.0 324.0 206.0 32.0 34.0 38.0 18.0 7.0 16.0 24.0 9.0 66.0 30.0 61.0 40.0 20.0 34.0 29.0 71.0 110.0 92.0 50.0 22.0 40.0 13.0 62.0 35.0 0.0 69.0 62.0 7.0 6.0 40.0 33.0 66.0 16.0 6.0 20.0 1.0 5.0 37.0 25.0 6.0 39.0 4.0 42.0 59.0 74.0 71.0 95.0 24.0 16.0
564.0 294.0 369.0 8.0 9.0 17.0 627.0 48.0 9.0 21.0 54.0 340.0 77.0 6.0 68.0 180.0 396.0 992.0 0.0 76.0 98.0 332.0 416.0 89.0 261.0 19.0 25.0 55.0 132.0 84.0 90.0 21.0 67.0 151.0 13.0 26.0 9.0 28.0 23.0 41.0 33.0 16.0 30.0 59.0 77.0 86.0 97.0 21.0 103.0 30.0 84.0 31.0 2.0 5.0 97.0 14.0 30.0 34.0 33.0 68.0 46.0 49.0 15.0 0.0 40.0 0.0 32.0 61.0 34.0 9.0 30.0 7.0 20.0 33.0 73.0 72.0 135.0 56.0 77.0
334.0 390.0 58.0 26.0 7.0 12.0 35.0 2.0 384.0 142.0 54.0 22.0 30.0 0.0 25.0 47.0 490.0 115.0 707.0 33.0 72.0 38.0 42.0 16.0 71.0 47.0 3.0 100.0 109.0 40.0 98.0 106.0 38.0 43.0 28.0 21.0 30.0 6.0 29.0 26.0 21.0 89.0 120.0 111.0 48.0 47.0 60.0 68.0 46.0 46.0 26.0 19.0 19.0 138.0 52.0 23.0 12.0 27.0 2.0 106.0 9.0 9.0 0.0 27.0 0.0 69.0 57.0 21.0 36.0 32.0 68.0 23.0 94.0 27.0 67.0 31.0 17.0 43.0 39.0
-9999 853.0 175.0 132.0 2.0 1.0 10.0 34.0 366.0 37.0 48.0 123.0 45.0 506.0 334.0 450.0 310.0 281.0 74.0 1258.0 221.0 33.0 99.0 12.0 116.0 6.0 15.0 112.0 69.0 73.0 29.0 48.0 45.0 52.0 8.0 92.0 16.0 16.0 23.0 117.0 44.0 28.0 24.0 89.0 45.0 41.0 29.0 94.0 63.0 34.0 36.0 13.0 20.0 23.0 55.0 59.0 22.0 48.0 67.0 5.0 8.0 16.0 24.0 1.0 21.0 69.0 18.0 48.0 20.0 27.0 6.0 56.0 55.0 66.0 16.0 14.0 44.0 0.0 55.0
-9999 460.0 554.0 919.0 147.0 -9999 -9999 -9999 16.0 17.0 299.0 182.0 117.0 241.0 159.0 374.0 1390.0 458.0 74.0 122.0 357.0 989.0 0.0 26.0 0.0 12.0 16.0 26.0 94.0 64.0 22.0 45.0 20.0 17.0 31.0 14.0 43.0 11.0 20.0 67.0 53.0 5.0 10.0 24.0 19.0 58.0 90.0 40.0 39.0 47.0 9.0 47.0 49.0 35.0 58.0 61.0 68.0 50.0 54.0 56.0 35.0 71.0 0.0 7.0 66.0 26.0 37.0 56.0 42.0 65.0 20.0 23.0 65.0 58.0 32.0 13.0 96.0 92.0 26.0
-9999 -9999 210.0 1183.0 0.0 -9999 -9999 -9999 -9999 -9999 46.0 36.0 34.0 385.0 135.0 380.0 634.0 70.0 199.0 94.0 307.0 58.0 44.0 179.0 52.0 0.0 183.0 203.0 17.0 196.0 73.0 116.0 108.0 35.0 31.0 36.0 73.0 150.0 42.0 30.0 68.0 77.0 14.0 26.0 153.0 38.0 62.0 76.0 109.0 30.0 42.0 23.0 28.0 32.0 55.0 23.0 32.0 87.0 47.0 12.0 24.0 3.0 1.0 169.0 49.0 10.0 33.0 27.0 39.0 19.0 1.0 38.0 9.0 26.0 74.0 32.0 31.0 11.0 0.0
