KEPLER/2.4/binaries/lib/outreach-2.3.0/workflows/data/garp/NA_ASC/h_slope.asc
nrows  200
ncols  400
xllcorner  -179.99962860149
yllcorner  6.7208489478326
cellsize  0.4
NODATA_value  -9999
[rows 35 to 69 of 200, columns 79 to 157 of 400]
-9999 -9999 -9999 -9999 -9999 -9999 -9999 -9999 -9999 -9999 -9999 -9999 -9999 -9999 -9999 -9999 -9999 -9999 -9999 -9999 -9999 -9999 -9999 -9999 -9999 -9999 -9999 -9999 -9999 -9999 -9999 -9999 -9999 -9999 -9999 -9999 -9999 -9999 -9999 -9999 -9999 -9999 -9999 -9999 -9999 -9999 -9999 -9999 -9999 -9999 -9999 -9999 -9999 -9999 -9999 -9999 -9999 -9999 -9999 32.0 102.0 64.0 65.0 94.0 14.0 270.0 225.0 46.0 4.0 0.0 22.0 82.0 138.0 98.0 74.0 53.0 -9999 90.0 1.0
-9999 -9999 -9999 -9999 -9999 -9999 -9999 -9999 -9999 -9999 -9999 -9999 -9999 -9999 -9999 -9999 -9999 -9999 -9999 -9999 -9999 -9999 -9999 -9999 -9999 -9999 -9999 -9999 -9999 -9999 -9999 -9999 -9999 -9999 -9999 -9999 -9999 -9999 -9999 -9999 -9999 -9999 -9999 -9999 -9999 -9999 -9999 -9999 -9999 -9999 -9999 -9999 -9999 -9999 -9999 -9999 -9999 -9999 34.0 30.0 218.0 18.0 258.0 224.0 5.0 0.0 189.0 56.0 0.0 19.0 4.0 210.0 -9999 -9999 -9999 -9999 28.0 55.0 6.0
-9999 -9999 -9999 -9999 -9999 -9999 -9999 -9999 -9999 -9999 -9999 -9999 -9999 -9999 -9999 -9999 -9999 -9999 -9999 -9999 -9999 -9999 -9999 -9999 -9999 -9999 -9999 -9999 -9999 -9999 -9999 -9999 -9999 -9999 -9999 -9999 -9999 -9999 -9999 -9999 -9999 -9999 -9999 -9999 -9999 -9999 -9999 -9999 -9999 -9999 -9999 -9999 -9999 -9999 -9999 -9999 -9999 -9999 -9999 3.0 227.0 36.0 94.0 106.0 88.0 113.0 125.0 12.0 10.0 90.0 172.0 -9999 -9999 -9999 211.0 296.0 97.0 19.0 49.0
-9999 -9999 -9999 -9999 -9999 -9999 -9999 -9999 -9999 -9999 -9999 -9999 -9999 -9999 -9999 -9999 -9999 -9999 -9999 -9999 -9999 -9999 -9999 -9999 -9999 -9999 -9999 -9999 -9999 -9999 -9999 -9999 -9999 -9999 -9999 -9999 -9999 -9999 -9999 -9999 -9999 -9999 -9999 -9999 -9999 -9999 -9999 -9999 -9999 -9999 -9999 -9999 -9999 -9999 -9999 -9999 -9999 -9999 -9999 -9999 -9999 -9999 452.0 424.0 224.0 113.0 132.0 118.0 160.0 107.0 -9999 -9999 -9999 -9999 -9999 -9999 35.0 -9999 240.0
-9999 -9999 -9999 -9999 -9999 -9999 -9999 -9999 -9999 -9999 -9999 -9999 -9999 -9999 -9999 -9999 -9999 -9999 -9999 -9999 -9999 -9999 -9999 -9999 -9999 -9999 -9999 -9999 -9999 -9999 -9999 -9999 -9999 -9999 -9999 -9999 -9999 -9999 -9999 -9999 -9999 -9999 -9999 -9999 -9999 -9999 -9999 -9999 -9999 -9999 -9999 -9999 -9999 -9999 -9999 -9999 -9999 -9999 -9999 -9999 -9999 -9999 -9999 124.0 865.0 -9999 -9999 -9999 -9999 -9999 -9999 -9999 -9999 -9999 -9999 -9999 -9999 -9999 123.0
-9999 -9999 -9999 -9999 -9999 -9999 -9999 -9999 -9999 -9999 -9999 -9999 -9999 -9999 -9999 -9999 -9999 -9999 -9999 -9999 -9999 -9999 -9999 -9999 -9999 -9999 -9999 -9999 -9999 -9999 -9999 -9999 -9999 -9999 -9999 -9999 -9999 -9999 -9999 -9999 -9999 -9999 -9999 -9999 -9999 -9999 -9999 -9999 -9999 -9999 -9999 -9999 -9999 -9999 -9999 -9999 -9999 -9999 -9999 -9999 -9999 -9999 -9999 -9999 -9999 -9999 -9999 -9999 -9999 -9999 -9999 -9999 -9999 -9999 -9999 -9999 -9999 149.0 56.0
19.0 37.0 -9999 -9999 -9999 -9999 -9999 -9999 -9999 -9999 -9999 -9999 -9999 -9999 -9999 -9999 -9999 -9999 -9999 -9999 -9999 -9999 -9999 -9999 -9999 -9999 -9999 -9999 -9999 -9999 -9999 -9999 -9999 -9999 -9999 -9999 -9999 -9999 -9999 -9999 -9999 -9999 -9999 -9999 -9999 -9999 -9999 -9999 -9999 -9999 -9999 47.0 79.0 -9999 -9999 -9999 -9999 -9999 -9999 -9999 -9999 -9999 -9999 -9999 -9999 -9999 -9999 -9999 -9999 -9999 -9999 -9999 -9999 -9999 -9999 -9999 -9999 -9999 -9999
111.0 92.0 16.0 68.0 42.0 32.0 99.0 93.0 105.0 22.0 69.0 30.0 15.0 6.0 42.0 23.0 -9999 -9999 -9999 -9999 -9999 -9999 -9999 -9999 -9999 -9999 -9999 -9999 -9999 -9999 -9999 -9999 -9999 -9999 -9999 -9999 -9999 -9999 -9999 -9999 -9999 -9999 -9999 1.0 3.0 0.0 -9999 -9999 -9999 -9999 70.0 60.0 14.0 42.0 -9999 -9999 -9999 -9999 -9999 46.0 54.0 -9999 -9999 -9999 -9999 -9999 -9999 -9999 -9999 -9999 -9999 -9999 -9999 -9999 -9999 -9999 -9999 -9999 53.0
71.0 93.0 84.0 78.0 160.0 217.0 636.0 855.0 482.0 224.0 798.0 392.0 387.0 720.0 564.0 556.0 417.0 196.0 394.0 251.0 356.0 664.0 18.0 31.0 -9999 -9999 -9999 -9999 -9999 -9999 -9999 -9999 -9999 2.0 -9999 -9999 16.0 -9999 -9999 15.0 18.0 0.0 0.0 52.0 -9999 32.0 28.0 11.0 15.0 4.0 39.0 70.0 82.0 120.0 45.0 55.0 -9999 1.0 6.0 13.0 29.0 -9999 -9999 61.0 261.0 41.0 80.0 60.0 328.0 124.0 -9999 -9999 -9999 -9999 -9999 -9999 -9999 -9999 -9999
303.0 233.0 1023.0 1072.0 283.0 1023.0 771.0 516.0 843.0 721.0 469.0 1638.0 443.0 1306.0 691.0 732.0 1106.0 931.0 827.0 676.0 627.0 594.0 340.0 256.0 44.0 47.0 -9999 -9999 -9999 -9999 -9999 0.0 0.0 0.0 51.0 14.0 22.0 17.0 63.0 0.0 31.0 49.0 47.0 11.0 35.0 13.0 25.0 30.0 76.0 58.0 103.0 135.0 60.0 44.0 245.0 242.0 29.0 118.0 41.0 64.0 78.0 150.0 63.0 216.0 135.0 117.0 45.0 149.0 91.0 91.0 269.0 50.0 49.0 134.0 35.0 -9999 -9999 -9999 -9999
271.0 771.0 765.0 84.0 1101.0 1569.0 963.0 1004.0 911.0 1274.0 801.0 1519.0 714.0 547.0 200.0 101.0 297.0 342.0 93.0 851.0 575.0 163.0 544.0 194.0 490.0 501.0 174.0 261.0 275.0 50.0 179.0 0.0 0.0 1.0 0.0 0.0 126.0 70.0 82.0 0.0 176.0 12.0 34.0 33.0 85.0 15.0 74.0 0.0 9.0 36.0 14.0 85.0 156.0 65.0 73.0 65.0 44.0 0.0 38.0 20.0 30.0 22.0 106.0 99.0 12.0 37.0 36.0 35.0 160.0 77.0 218.0 46.0 78.0 28.0 164.0 74.0 23.0 36.0 31.0
119.0 852.0 699.0 1360.0 127.0 383.0 805.0 689.0 194.0 407.0 540.0 191.0 77.0 114.0 415.0 336.0 74.0 31.0 62.0 117.0 0.0 0.0 0.0 91.0 27.0 86.0 146.0 131.0 410.0 472.0 252.0 200.0 80.0 0.0 0.0 0.0 0.0 140.0 97.0 140.0 44.0 27.0 115.0 32.0 28.0 36.0 29.0 66.0 45.0 0.0 30.0 13.0 32.0 29.0 80.0 42.0 107.0 51.0 86.0 79.0 211.0 72.0 222.0 130.0 22.0 29.0 81.0 83.0 51.0 54.0 65.0 74.0 43.0 142.0 40.0 133.0 23.0 1.0 74.0
1088.0 724.0 337.0 768.0 301.0 51.0 502.0 208.0 212.0 272.0 129.0 96.0 341.0 319.0 378.0 261.0 65.0 280.0 537.0 134.0 486.0 0.0 0.0 0.0 2.0 53.0 140.0 218.0 734.0 581.0 495.0 394.0 748.0 0.0 0.0 0.0 1.0 48.0 36.0 131.0 72.0 144.0 43.0 18.0 95.0 245.0 89.0 28.0 105.0 71.0 11.0 3.0 16.0 72.0 76.0 32.0 36.0 20.0 15.0 0.0 38.0 47.0 31.0 21.0 18.0 14.0 34.0 66.0 80.0 72.0 12.0 78.0 66.0 68.0 32.0 70.0 46.0 99.0 88.0
677.0 692.0 554.0 418.0 552.0 14.0 216.0 107.0 157.0 221.0 213.0 273.0 245.0 183.0 79.0 64.0 174.0 148.0 275.0 141.0 51.0 0.0 10.0 0.0 415.0 94.0 165.0 160.0 55.0 0.0 726.0 92.0 173.0 191.0 14.0 40.0 22.0 73.0 2.0 43.0 129.0 67.0 33.0 15.0 56.0 34.0 57.0 84.0 94.0 126.0 78.0 78.0 90.0 121.0 7.0 0.0 18.0 0.0 29.0 1.0 0.0 53.0 5.0 30.0 3.0 0.0 48.0 34.0 78.0 26.0 80.0 6.0 68.0 23.0 39.0 22.0 7.0 712.0 10.0
629.0 17.0 162.0 622.0 505.0 217.0 76.0 51.0 18.0 2.0 16.0 13.0 50.0 205.0 0.0 274.0 157.0 108.0 266.0 35.0 343.0 173.0 80.0 595.0 220.0 485.0 233.0 232.0 0.0 160.0 301.0 527.0 155.0 94.0 47.0 9.0 11.0 150.0 35.0 38.0 122.0 90.0 139.0 107.0 115.0 63.0 327.0 44.0 44.0 24.0 120.0 323.0 37.0 69.0 203.0 4.0 0.0 17.0 185.0 52.0 3.0 43.0 15.0 9.0 39.0 21.0 3.0 103.0 73.0 21.0 6.0 48.0 51.0 54.0 106.0 40.0 107.0 96.0 84.0
82.0 89.0 120.0 133.0 0.0 0.0 0.0 0.0 0.0 0.0 0.0 5.0 41.0 320.0 328.0 238.0 129.0 299.0 625.0 180.0 768.0 2.0 12.0 295.0 42.0 106.0 340.0 46.0 432.0 82.0 273.0 14.0 129.0 57.0 292.0 8.0 98.0 7.0 15.0 31.0 39.0 23.0 1.0 14.0 62.0 138.0 59.0 63.0 17.0 145.0 91.0 24.0 29.0 71.0 5.0 83.0 18.0 23.0 4.0 1.0 13.0 0.0 48.0 8.0 223.0 62.0 142.0 0.0 0.0 0.0 0.0 0.0 56.0 9.0 3.0 2.0 20.0 6.0 38.0
0.0 0.0 0.0 0.0 0.0 0.0 0.0 0.0 0.0 0.0 0.0 32.0 147.0 18.0 134.0 0.0 15.0 101.0 116.0 300.0 11.0 514.0 398.0 8.0 487.0 39.0 93.0 56.0 158.0 49.0 68.0 696.0 284.0 235.0 177.0 169.0 369.0 16.0 50.0 87.0 23.0 25.0 49.0 14.0 14.0 4.0 5.0 24.0 59.0 27.0 53.0 23.0 21.0 18.0 19.0 9.0 18.0 23.0 94.0 0.0 316.0 0.0 0.0 0.0 0.0 0.0 0.0 0.0 0.0 0.0 0.0 0.0 0.0 0.0 0.0 0.0 0.0 6.0 4.0
149.0 246.0 427.0 400.0 550.0 29.0 371.0 22.0 221.0 163.0 154.0 45.0 63.0 119.0 185.0 215.0 393.0 245.0 441.0 144.0 273.0 131.0 87.0 553.0 492.0 94.0 50.0 24.0 378.0 197.0 41.0 18.0 150.0 37.0 265.0 310.0 456.0 536.0 436.0 189.0 47.0 139.0 113.0 70.0 35.0 35.0 10.0 12.0 123.0 8.0 73.0 83.0 149.0 31.0 3.0 67.0 18.0 26.0 43.0 3.0 69.0 13.0 20.0 27.0 74.0 273.0 0.0 0.0 0.0 0.0 0.0 0.0 0.0 0.0 0.0 0.0 3.0 2.0 1.0
398.0 342.0 39.0 535.0 508.0 928.0 763.0 470.0 431.0 483.0 90.0 88.0 802.0 624.0 480.0 446.0 609.0 699.0 328.0 802.0 168.0 499.0 458.0 405.0 405.0 488.0 273.0 1159.0 955.0 651.0 128.0 67.0 516.0 46.0 20.0 535.0 423.0 255.0 652.0 616.0 775.0 136.0 119.0 115.0 409.0 232.0 388.0 175.0 81.0 471.0 473.0 20.0 154.0 43.0 103.0 714.0 228.0 244.0 65.0 27.0 44.0 0.0 21.0 3.0 0.0 0.0 0.0 0.0 395.0 158.0 248.0 0.0 80.0 7.0 3.0 7.0 3.0 2.0 1.0
60.0 447.0 479.0 227.0 425.0 247.0 585.0 408.0 582.0 892.0 771.0 329.0 745.0 225.0 172.0 202.0 217.0 367.0 669.0 486.0 622.0 644.0 68.0 128.0 240.0 269.0 279.0 197.0 0.0 124.0 15.0 747.0 953.0 191.0 565.0 1127.0 1777.0 724.0 164.0 653.0 1471.0 951.0 499.0 1077.0 806.0 601.0 553.0 969.0 735.0 597.0 1010.0 7.0 16.0 14.0 30.0 15.0 429.0 120.0 37.0 92.0 2.0 32.0 26.0 0.0 0.0 0.0 0.0 104.0 63.0 45.0 0.0 61.0 59.0 40.0 0.0 0.0 8.0 85.0 4.0
175.0 6.0 20.0 15.0 340.0 515.0 426.0 568.0 380.0 631.0 909.0 698.0 827.0 848.0 369.0 237.0 564.0 508.0 492.0 1025.0 703.0 858.0 565.0 608.0 134.0 429.0 569.0 46.0 584.0 744.0 300.0 1292.0 903.0 767.0 440.0 628.0 1520.0 2077.0 613.0 226.0 130.0 1491.0 366.0 1407.0 654.0 1275.0 839.0 698.0 1634.0 129.0 523.0 76.0 674.0 476.0 171.0 131.0 75.0 86.0 71.0 13.0 133.0 17.0 28.0 8.0 19.0 64.0 2.0 18.0 36.0 7.0 24.0 87.0 4.0 123.0 131.0 108.0 139.0 0.0 0.0
42.0 61.0 39.0 59.0 76.0 100.0 22.0 133.0 867.0 660.0 732.0 540.0 734.0 374.0 457.0 229.0 715.0 651.0 410.0 425.0 23.0 1079.0 621.0 773.0 422.0 1934.0 378.0 812.0 979.0 349.0 178.0 242.0 713.0 456.0 242.0 402.0 1040.0 664.0 1518.0 1051.0 334.0 1328.0 683.0 1204.0 989.0 708.0 628.0 1028.0 1021.0 510.0 617.0 981.0 822.0 773.0 209.0 31.0 138.0 251.0 131.0 8.0 242.0 604.0 87.0 31.0 50.0 38.0 107.0 15.0 22.0 34.0 13.0 43.0 141.0 6.0 19.0 28.0 11.0 21.0 0.0
628.0 898.0 1070.0 129.0 351.0 195.0 167.0 52.0 44.0 445.0 291.0 502.0 521.0 58.0 118.0 167.0 426.0 529.0 453.0 581.0 147.0 170.0 603.0 33.0 313.0 111.0 78.0 308.0 510.0 693.0 306.0 616.0 203.0 576.0 586.0 263.0 658.0 185.0 40.0 628.0 1173.0 485.0 237.0 683.0 139.0 589.0 267.0 1280.0 1085.0 778.0 1698.0 616.0 971.0 218.0 709.0 378.0 147.0 374.0 540.0 240.0 102.0 127.0 396.0 3.0 106.0 10.0 12.0 0.0 10.0 15.0 3.0 2.0 46.0 47.0 153.0 6.0 9.0 60.0 0.0
1043.0 738.0 747.0 1191.0 497.0 744.0 1654.0 716.0 1880.0 1768.0 365.0 373.0 623.0 141.0 260.0 50.0 141.0 295.0 511.0 51.0 550.0 275.0 110.0 261.0 97.0 50.0 76.0 145.0 232.0 7.0 626.0 279.0 390.0 462.0 0.0 482.0 104.0 996.0 65.0 790.0 451.0 66.0 967.0 930.0 1183.0 681.0 18.0 10.0 304.0 450.0 480.0 534.0 1886.0 1090.0 145.0 203.0 576.0 775.0 10.0 135.0 126.0 138.0 153.0 198.0 10.0 75.0 42.0 79.0 52.0 4.0 13.0 71.0 75.0 25.0 39.0 8.0 3.0 24.0 59.0
443.0 488.0 54.0 332.0 0.0 596.0 9.0 112.0 120.0 730.0 859.0 341.0 1375.0 299.0 0.0 0.0 131.0 264.0 309.0 808.0 245.0 128.0 580.0 129.0 108.0 238.0 223.0 241.0 268.0 168.0 179.0 381.0 242.0 372.0 333.0 149.0 613.0 372.0 589.0 543.0 715.0 958.0 940.0 531.0 839.0 248.0 591.0 140.0 346.0 405.0 1062.0 187.0 2180.0 1582.0 276.0 196.0 253.0 715.0 810.0 331.0 209.0 418.0 35.0 412.0 44.0 115.0 15.0 5.0 160.0 16.0 32.0 20.0 26.0 21.0 5.0 0.0 9.0 8.0 12.0
286.0 257.0 323.0 19.0 177.0 153.0 57.0 212.0 52.0 45.0 137.0 46.0 546.0 965.0 114.0 367.0 133.0 374.0 110.0 372.0 609.0 215.0 717.0 130.0 331.0 657.0 133.0 624.0 60.0 20.0 233.0 114.0 23.0 14.0 453.0 582.0 912.0 235.0 107.0 589.0 322.0 126.0 311.0 583.0 866.0 416.0 109.0 388.0 354.0 707.0 265.0 1254.0 9.0 501.0 1170.0 816.0 255.0 1233.0 626.0 151.0 195.0 342.0 541.0 0.0 145.0 214.0 27.0 33.0 18.0 12.0 6.0 13.0 49.0 6.0 12.0 19.0 0.0 16.0 3.0
1556.0 742.0 290.0 289.0 65.0 27.0 24.0 34.0 22.0 134.0 537.0 1691.0 869.0 1671.0 860.0 891.0 1182.0 1100.0 79.0 38.0 19.0 151.0 33.0 210.0 579.0 260.0 108.0 792.0 971.0 113.0 442.0 381.0 229.0 365.0 29.0 1370.0 447.0 283.0 692.0 452.0 772.0 497.0 0.0 86.0 551.0 961.0 149.0 201.0 1559.0 751.0 1503.0 703.0 1176.0 108.0 1039.0 408.0 686.0 161.0 98.0 453.0 668.0 285.0 436.0 220.0 18.0 101.0 120.0 8.0 4.0 145.0 41.0 82.0 34.0 16.0 177.0 103.0 15.0 6.0 21.0
1236.0 1291.0 513.0 289.0 411.0 385.0 198.0 315.0 82.0 157.0 462.0 1569.0 96.0 227.0 500.0 538.0 609.0 120.0 651.0 350.0 362.0 521.0 257.0 111.0 472.0 454.0 209.0 350.0 415.0 469.0 387.0 487.0 350.0 131.0 241.0 232.0 932.0 375.0 653.0 439.0 46.0 25.0 640.0 54.0 154.0 366.0 256.0 1410.0 961.0 1112.0 1012.0 427.0 1097.0 1932.0 179.0 572.0 803.0 310.0 44.0 303.0 83.0 746.0 104.0 102.0 13.0 328.0 184.0 18.0 47.0 42.0 120.0 0.0 43.0 11.0 32.0 19.0 14.0 5.0 15.0
2099.0 1933.0 1065.0 955.0 641.0 1344.0 1533.0 360.0 819.0 554.0 384.0 4.0 894.0 271.0 1252.0 3039.0 1890.0 1166.0 742.0 1052.0 762.0 97.0 761.0 845.0 407.0 456.0 630.0 125.0 93.0 185.0 327.0 225.0 33.0 539.0 305.0 270.0 977.0 1451.0 886.0 656.0 332.0 522.0 610.0 475.0 85.0 220.0 836.0 283.0 919.0 1341.0 937.0 1156.0 847.0 401.0 514.0 53.0 71.0 448.0 872.0 92.0 401.0 397.0 246.0 32.0 138.0 64.0 17.0 4.0 11.0 8.0 62.0 12.0 8.0 15.0 22.0 25.0 0.0 5.0 5.0
2250.0 -9999 -9999 691.0 1431.0 1076.0 2665.0 824.0 1113.0 1335.0 1906.0 1720.0 1508.0 1113.0 241.0 398.0 84.0 1944.0 212.0 188.0 1588.0 755.0 631.0 270.0 292.0 0.0 256.0 670.0 690.0 970.0 63.0 239.0 123.0 0.0 886.0 66.0 581.0 523.0 587.0 552.0 478.0 21.0 34.0 455.0 336.0 638.0 1185.0 83.0 101.0 764.0 1101.0 252.0 249.0 326.0 36.0 771.0 85.0 56.0 636.0 389.0 528.0 1609.0 86.0 14.0 34.0 10.0 81.0 67.0 78.0 24.0 53.0 245.0 22.0 39.0 19.0 76.0 20.0 25.0 3.0
914.0 658.0 -9999 -9999 -9999 -9999 388.0 1507.0 635.0 282.0 60.0 1523.0 2211.0 730.0 152.0 1308.0 534.0 672.0 258.0 998.0 968.0 338.0 953.0 1439.0 1741.0 1526.0 45.0 1428.0 211.0 581.0 58.0 1381.0 933.0 640.0 867.0 121.0 49.0 409.0 541.0 174.0 591.0 394.0 332.0 183.0 403.0 213.0 120.0 162.0 281.0 534.0 265.0 23.0 408.0 96.0 302.0 5.0 135.0 551.0 512.0 55.0 387.0 1171.0 56.0 30.0 15.0 41.0 5.0 123.0 0.0 75.0 80.0 52.0 33.0 11.0 7.0 5.0 28.0 30.0 22.0
292.0 -9999 -9999 365.0 -9999 -9999 -9999 -9999 -9999 -9999 153.0 106.0 61.0 82.0 1016.0 1459.0 359.0 30.0 636.0 1256.0 866.0 277.0 1004.0 699.0 1023.0 927.0 581.0 1531.0 1071.0 459.0 589.0 426.0 247.0 307.0 654.0 313.0 700.0 242.0 206.0 306.0 492.0 183.0 521.0 435.0 398.0 543.0 134.0 37.0 5.0 131.0 322.0 627.0 214.0 29.0 176.0 369.0 296.0 31.0 297.0 289.0 407.0 494.0 217.0 40.0 32.0 48.0 121.0 58.0 26.0 3.0 44.0 68.0 39.0 13.0 65.0 38.0 281.0 80.0 49.0
-9999 -9999 290.0 -9999 -9999 -9999 -9999 -9999 -9999 -9999 -9999 -9999 -9999 -9999 -9999 -9999 -9999 -9999 194.0 56.0 114.0 76.0 878.0 1171.0 1193.0 750.0 2342.0 1263.0 582.0 198.0 635.0 568.0 941.0 351.0 2179.0 821.0 174.0 414.0 607.0 195.0 318.0 61.0 435.0 574.0 36.0 1083.0 303.0 291.0 106.0 31.0 32.0 28.0 204.0 218.0 204.0 207.0 69.0 477.0 155.0 37.0 110.0 33.0 89.0 26.0 34.0 14.0 0.0 13.0 28.0 33.0 32.0 0.0 38.0 55.0 6.0 372.0 16.0 5.0 67.0
-9999 -9999 -9999 -9999 -9999 -9999 -9999 -9999 -9999 -9999 -9999 -9999 -9999 -9999 -9999 -9999 -9999 -9999 -9999 -9999 -9999 -9999 6.0 30.0 725.0 370.0 1714.0 1631.0 539.0 1212.0 2331.0 2229.0 304.0 2638.0 1161.0 772.0 622.0 825.0 444.0 180.0 503.0 1044.0 566.0 263.0 51.0 1535.0 175.0 304.0 44.0 412.0 61.0 131.0 398.0 353.0 356.0 926.0 471.0 193.0 228.0 280.0 51.0 39.0 44.0 15.0 55.0 93.0 5.0 114.0 150.0 38.0 26.0 59.0 50.0 21.0 43.0 136.0 123.0 45.0 4.0
-9999 -9999 -9999 -9999 -9999 -9999 -9999 -9999 -9999 -9999 -9999 -9999 -9999 -9999 -9999 -9999 -9999 -9999 -9999 -9999 -9999 -9999 -9999 -9999 -9999 -9999 442.0 1026.0 1256.0 2073.0 293.0 1133.0 446.0 880.0 1191.0 253.0 588.0 351.0 1345.0 334.0 1229.0 179.0 99.0 333.0 446.0 427.0 1418.0 1828.0 595.0 155.0 274.0 130.0 212.0 551.0 273.0 568.0 715.0 762.0 626.0 916.0 32.0 20.0 212.0 74.0 42.0 0.0 46.0 13.0 0.0 40.0 143.0 15.0 14.0 33.0 33.0 26.0 16.0 22.0 35.0
