KEPLER/2.4/binaries/lib/outreach-2.3.0/workflows/data/garp/NA_ASC/pre6190_ann.asc
nrows  200
ncols  400
xllcorner  -179.99962860149
yllcorner  6.7208489478326
cellsize  0.4
NODATA_value  -9999
[rows 35 to 69 of 200, columns 320 to 399 of 400]
11.0 11.0 12.0 12.0 12.0 12.0 13.0 13.0 14.0 14.0 14.0 14.0 14.0 15.0 15.0 15.0 16.0 16.0 17.0 17.0 17.0 17.0 18.0 18.0 18.0 19.0 19.0 19.0 20.0 20.0 20.0 20.0 21.0 21.0 21.0 21.0 21.0 21.0 21.0 21.0 21.0 21.0 21.0 21.0 21.0 21.0 21.0 21.0 21.0 21.0 21.0 20.0 20.0 20.0 20.0 20.0 19.0 18.0 18.0 18.0 17.0 14.0 15.0 14.0 14.0 14.0 14.0 13.0 11.0 11.0 12.0 10.0 9.0 8.0 8.0 8.0 -9999 -9999 -9999 -9999
9.0 11.0 11.0 12.0 12.0 12.0 12.0 13.0 13.0 13.0 14.0 14.0 15.0 15.0 15.0 16.0 16.0 17.0 17.0 17.0 17.0 18.0 18.0 19.0 19.0 19.0 20.0 20.0 21.0 21.0 21.0 21.0 22.0 22.0 22.0 22.0 22.0 22.0 22.0 22.0 22.0 22.0 22.0 22.0 22.0 22.0 22.0 22.0 22.0 22.0 21.0 21.0 20.0 20.0 20.0 19.0 18.0 17.0 17.0 17.0 18.0 17.0 16.0 15.0 15.0 15.0 16.0 15.0 15.0 15.0 13.0 10.0 9.0 8.0 8.0 8.0 -9999 -9999 -9999 -9999
9.0 9.0 9.0 10.0 10.0 11.0 12.0 12.0 13.0 13.0 14.0 14.0 15.0 15.0 15.0 15.0 16.0 17.0 17.0 17.0 18.0 18.0 19.0 19.0 19.0 20.0 20.0 21.0 21.0 21.0 22.0 21.0 22.0 22.0 22.0 22.0 23.0 23.0 23.0 23.0 23.0 23.0 23.0 23.0 23.0 23.0 23.0 23.0 23.0 23.0 23.0 22.0 21.0 21.0 21.0 20.0 19.0 17.0 16.0 16.0 15.0 16.0 16.0 17.0 17.0 18.0 17.0 18.0 15.0 15.0 13.0 12.0 11.0 9.0 9.0 9.0 9.0 -9999 -9999 -9999
8.0 8.0 9.0 8.0 8.0 10.0 12.0 12.0 13.0 13.0 13.0 14.0 14.0 15.0 15.0 16.0 16.0 17.0 17.0 17.0 18.0 19.0 19.0 20.0 20.0 20.0 21.0 21.0 22.0 22.0 22.0 22.0 22.0 23.0 23.0 23.0 24.0 24.0 24.0 24.0 24.0 24.0 24.0 24.0 24.0 24.0 24.0 24.0 24.0 24.0 24.0 23.0 22.0 21.0 21.0 21.0 21.0 19.0 18.0 18.0 16.0 17.0 19.0 19.0 19.0 18.0 15.0 15.0 13.0 13.0 13.0 13.0 12.0 11.0 11.0 10.0 9.0 -9999 -9999 -9999
8.0 8.0 9.0 8.0 8.0 10.0 12.0 12.0 13.0 13.0 13.0 14.0 14.0 15.0 15.0 16.0 16.0 17.0 17.0 17.0 18.0 19.0 19.0 20.0 20.0 20.0 21.0 21.0 22.0 22.0 22.0 22.0 22.0 23.0 23.0 23.0 24.0 24.0 24.0 24.0 24.0 24.0 24.0 24.0 24.0 24.0 24.0 24.0 24.0 24.0 24.0 23.0 22.0 21.0 21.0 21.0 21.0 19.0 18.0 18.0 16.0 17.0 19.0 19.0 19.0 18.0 15.0 15.0 13.0 13.0 13.0 13.0 12.0 11.0 11.0 10.0 9.0 -9999 -9999 -9999
8.0 7.0 7.0 7.0 7.0 9.0 10.0 11.0 12.0 12.0 13.0 14.0 14.0 15.0 15.0 16.0 16.0 17.0 18.0 18.0 19.0 19.0 20.0 20.0 20.0 21.0 21.0 22.0 22.0 22.0 23.0 23.0 24.0 24.0 24.0 25.0 25.0 25.0 25.0 25.0 25.0 25.0 25.0 25.0 25.0 25.0 24.0 25.0 25.0 25.0 24.0 24.0 23.0 22.0 22.0 20.0 20.0 19.0 19.0 19.0 17.0 18.0 19.0 18.0 18.0 18.0 17.0 10.0 -9999 -9999 10.0 13.0 13.0 12.0 12.0 11.0 10.0 -9999 -9999 -9999
9.0 9.0 7.0 7.0 7.0 8.0 9.0 11.0 12.0 12.0 12.0 13.0 14.0 15.0 15.0 16.0 17.0 17.0 18.0 18.0 19.0 20.0 20.0 21.0 21.0 21.0 22.0 22.0 23.0 23.0 24.0 24.0 24.0 25.0 25.0 26.0 26.0 26.0 26.0 26.0 26.0 26.0 26.0 26.0 26.0 26.0 26.0 26.0 26.0 26.0 26.0 25.0 24.0 23.0 23.0 21.0 20.0 20.0 19.0 19.0 20.0 20.0 21.0 20.0 20.0 18.0 19.0 18.0 18.0 18.0 18.0 14.0 14.0 12.0 12.0 12.0 12.0 -9999 -9999 -9999
7.0 5.0 7.0 6.0 6.0 6.0 9.0 11.0 12.0 12.0 13.0 14.0 14.0 15.0 15.0 16.0 17.0 18.0 19.0 19.0 19.0 20.0 21.0 22.0 22.0 22.0 23.0 23.0 24.0 24.0 25.0 25.0 26.0 26.0 26.0 27.0 27.0 27.0 27.0 27.0 27.0 27.0 26.0 26.0 26.0 26.0 26.0 26.0 26.0 26.0 26.0 26.0 25.0 25.0 25.0 25.0 24.0 25.0 25.0 25.0 24.0 23.0 23.0 23.0 23.0 23.0 23.0 23.0 22.0 22.0 20.0 19.0 17.0 13.0 13.0 13.0 -9999 -9999 -9999 -9999
6.0 -9999 5.0 7.0 7.0 6.0 8.0 10.0 12.0 12.0 12.0 14.0 15.0 15.0 15.0 16.0 17.0 18.0 19.0 19.0 20.0 21.0 22.0 23.0 23.0 23.0 24.0 25.0 25.0 25.0 26.0 26.0 27.0 27.0 27.0 28.0 28.0 28.0 28.0 28.0 28.0 28.0 27.0 26.0 26.0 25.0 25.0 25.0 25.0 25.0 26.0 26.0 26.0 25.0 25.0 25.0 25.0 25.0 26.0 26.0 26.0 27.0 27.0 26.0 26.0 25.0 23.0 21.0 20.0 20.0 13.0 -9999 -9999 -9999 -9999 -9999 -9999 -9999 -9999 -9999
6.0 -9999 5.0 7.0 7.0 6.0 8.0 10.0 12.0 12.0 12.0 14.0 15.0 15.0 15.0 16.0 17.0 18.0 19.0 19.0 20.0 21.0 22.0 23.0 23.0 23.0 24.0 25.0 25.0 25.0 26.0 26.0 27.0 27.0 27.0 28.0 28.0 28.0 28.0 28.0 28.0 28.0 27.0 26.0 26.0 25.0 25.0 25.0 25.0 25.0 26.0 26.0 26.0 25.0 25.0 25.0 25.0 25.0 26.0 26.0 26.0 27.0 27.0 26.0 26.0 25.0 23.0 21.0 20.0 20.0 13.0 -9999 -9999 -9999 -9999 -9999 -9999 -9999 -9999 -9999
7.0 6.0 6.0 6.0 6.0 7.0 8.0 10.0 12.0 12.0 13.0 14.0 15.0 16.0 16.0 17.0 18.0 19.0 20.0 20.0 21.0 22.0 23.0 24.0 24.0 25.0 25.0 26.0 27.0 27.0 27.0 28.0 28.0 29.0 29.0 29.0 29.0 29.0 29.0 29.0 29.0 29.0 28.0 27.0 27.0 26.0 23.0 22.0 21.0 21.0 23.0 25.0 25.0 24.0 24.0 23.0 26.0 27.0 26.0 26.0 25.0 24.0 24.0 24.0 24.0 22.0 14.0 -9999 -9999 -9999 -9999 -9999 -9999 -9999 -9999 -9999 -9999 -9999 -9999 -9999
7.0 6.0 6.0 6.0 6.0 7.0 8.0 10.0 12.0 12.0 13.0 15.0 16.0 17.0 17.0 18.0 19.0 20.0 21.0 21.0 22.0 23.0 24.0 25.0 25.0 26.0 27.0 28.0 28.0 28.0 29.0 29.0 29.0 30.0 30.0 30.0 30.0 30.0 30.0 30.0 30.0 30.0 29.0 28.0 28.0 27.0 26.0 24.0 22.0 22.0 19.0 20.0 21.0 21.0 21.0 20.0 21.0 21.0 16.0 16.0 16.0 15.0 -9999 -9999 -9999 -9999 -9999 -9999 -9999 -9999 -9999 -9999 -9999 -9999 -9999 -9999 -9999 -9999 -9999 -9999
8.0 7.0 6.0 5.0 5.0 6.0 8.0 10.0 12.0 12.0 14.0 15.0 16.0 17.0 17.0 19.0 20.0 21.0 22.0 22.0 23.0 24.0 25.0 26.0 26.0 27.0 28.0 28.0 28.0 28.0 29.0 29.0 29.0 30.0 30.0 30.0 30.0 30.0 30.0 30.0 29.0 29.0 28.0 27.0 27.0 25.0 22.0 21.0 20.0 20.0 19.0 -9999 -9999 -9999 -9999 -9999 -9999 -9999 -9999 -9999 -9999 -9999 -9999 -9999 -9999 -9999 -9999 -9999 -9999 -9999 -9999 -9999 -9999 -9999 -9999 -9999 -9999 -9999 -9999 -9999
9.0 8.0 7.0 5.0 5.0 6.0 8.0 10.0 12.0 12.0 14.0 15.0 17.0 18.0 18.0 19.0 21.0 22.0 23.0 23.0 24.0 25.0 26.0 27.0 27.0 28.0 28.0 29.0 29.0 29.0 29.0 29.0 30.0 30.0 30.0 30.0 31.0 31.0 31.0 31.0 31.0 31.0 31.0 29.0 29.0 26.0 23.0 20.0 -9999 -9999 -9999 -9999 -9999 -9999 -9999 -9999 -9999 -9999 -9999 -9999 -9999 -9999 -9999 -9999 -9999 -9999 -9999 -9999 -9999 -9999 -9999 -9999 -9999 -9999 -9999 -9999 -9999 -9999 -9999 -9999
9.0 8.0 7.0 5.0 5.0 6.0 8.0 10.0 12.0 12.0 14.0 15.0 17.0 18.0 18.0 19.0 21.0 22.0 23.0 23.0 24.0 25.0 26.0 27.0 27.0 28.0 28.0 29.0 29.0 29.0 29.0 29.0 30.0 30.0 30.0 30.0 31.0 31.0 31.0 31.0 31.0 31.0 31.0 29.0 29.0 26.0 23.0 20.0 -9999 -9999 -9999 -9999 -9999 -9999 -9999 -9999 -9999 -9999 -9999 -9999 -9999 -9999 -9999 -9999 -9999 -9999 -9999 -9999 -9999 -9999 -9999 -9999 -9999 -9999 -9999 -9999 -9999 -9999 -9999 -9999
10.0 9.0 8.0 7.0 7.0 8.0 9.0 10.0 13.0 13.0 15.0 16.0 18.0 19.0 19.0 20.0 22.0 23.0 24.0 24.0 25.0 27.0 28.0 28.0 28.0 29.0 29.0 29.0 30.0 30.0 30.0 30.0 30.0 30.0 30.0 29.0 29.0 30.0 30.0 30.0 29.0 29.0 28.0 27.0 27.0 25.0 21.0 -9999 -9999 -9999 -9999 -9999 -9999 -9999 -9999 -9999 -9999 -9999 -9999 -9999 -9999 -9999 -9999 -9999 -9999 -9999 -9999 -9999 -9999 -9999 -9999 -9999 -9999 -9999 -9999 -9999 -9999 -9999 -9999 -9999
16.0 15.0 12.0 12.0 12.0 12.0 12.0 14.0 16.0 16.0 18.0 19.0 20.0 21.0 21.0 22.0 24.0 25.0 26.0 26.0 28.0 28.0 29.0 29.0 29.0 30.0 30.0 30.0 30.0 30.0 30.0 30.0 30.0 29.0 29.0 26.0 25.0 26.0 28.0 28.0 27.0 26.0 25.0 23.0 23.0 -9999 -9999 -9999 -9999 -9999 -9999 -9999 -9999 -9999 -9999 -9999 -9999 -9999 -9999 -9999 -9999 -9999 -9999 -9999 -9999 -9999 -9999 -9999 -9999 -9999 -9999 18.0 18.0 23.0 23.0 24.0 17.0 -9999 -9999 -9999
16.0 14.0 14.0 12.0 12.0 13.0 15.0 17.0 18.0 18.0 19.0 20.0 21.0 23.0 23.0 24.0 25.0 27.0 28.0 28.0 29.0 30.0 30.0 30.0 30.0 31.0 31.0 31.0 30.0 30.0 30.0 29.0 28.0 28.0 28.0 27.0 26.0 26.0 26.0 26.0 25.0 -9999 -9999 -9999 -9999 -9999 -9999 -9999 -9999 -9999 -9999 -9999 -9999 -9999 -9999 -9999 -9999 -9999 -9999 -9999 -9999 -9999 -9999 -9999 -9999 -9999 -9999 -9999 -9999 -9999 19.0 28.0 25.0 20.0 20.0 20.0 19.0 18.0 17.0 17.0
16.0 16.0 15.0 14.0 14.0 14.0 16.0 18.0 19.0 19.0 20.0 21.0 22.0 23.0 23.0 24.0 26.0 28.0 29.0 29.0 31.0 31.0 31.0 32.0 32.0 31.0 31.0 30.0 30.0 30.0 30.0 26.0 -9999 -9999 -9999 -9999 -9999 -9999 -9999 -9999 -9999 -9999 -9999 -9999 -9999 -9999 -9999 -9999 -9999 -9999 -9999 -9999 -9999 -9999 -9999 -9999 -9999 -9999 -9999 -9999 -9999 -9999 -9999 -9999 -9999 -9999 -9999 -9999 -9999 -9999 20.0 20.0 19.0 19.0 19.0 18.0 18.0 16.0 16.0 16.0
16.0 16.0 15.0 14.0 14.0 14.0 16.0 18.0 19.0 19.0 20.0 21.0 22.0 23.0 23.0 24.0 26.0 28.0 29.0 29.0 31.0 31.0 31.0 32.0 32.0 31.0 31.0 30.0 30.0 30.0 30.0 26.0 -9999 -9999 -9999 -9999 -9999 -9999 -9999 -9999 -9999 -9999 -9999 -9999 -9999 -9999 -9999 -9999 -9999 -9999 -9999 -9999 -9999 -9999 -9999 -9999 -9999 -9999 -9999 -9999 -9999 -9999 -9999 -9999 -9999 -9999 -9999 -9999 -9999 -9999 20.0 20.0 19.0 19.0 19.0 18.0 18.0 16.0 16.0 16.0
13.0 17.0 17.0 16.0 16.0 16.0 16.0 18.0 19.0 19.0 21.0 22.0 23.0 24.0 24.0 26.0 27.0 29.0 30.0 30.0 32.0 33.0 34.0 34.0 34.0 34.0 34.0 32.0 31.0 31.0 -9999 -9999 -9999 -9999 -9999 -9999 -9999 -9999 -9999 -9999 -9999 -9999 -9999 -9999 -9999 -9999 -9999 -9999 -9999 -9999 -9999 -9999 -9999 -9999 -9999 -9999 -9999 -9999 -9999 -9999 -9999 -9999 -9999 -9999 -9999 -9999 -9999 -9999 -9999 -9999 -9999 21.0 21.0 22.0 22.0 20.0 20.0 21.0 22.0 22.0
14.0 20.0 20.0 19.0 19.0 18.0 18.0 19.0 21.0 21.0 22.0 24.0 25.0 26.0 26.0 27.0 29.0 31.0 32.0 32.0 34.0 35.0 36.0 36.0 36.0 35.0 34.0 33.0 33.0 33.0 29.0 -9999 -9999 -9999 -9999 -9999 -9999 -9999 -9999 -9999 -9999 -9999 -9999 -9999 -9999 -9999 -9999 -9999 -9999 -9999 -9999 -9999 -9999 -9999 -9999 -9999 -9999 -9999 -9999 -9999 -9999 -9999 -9999 -9999 -9999 -9999 -9999 -9999 -9999 -9999 -9999 -9999 -9999 21.0 21.0 21.0 24.0 28.0 28.0 28.0
-9999 15.0 21.0 22.0 22.0 22.0 21.0 22.0 24.0 24.0 25.0 26.0 27.0 28.0 28.0 29.0 31.0 32.0 34.0 34.0 35.0 37.0 38.0 38.0 38.0 38.0 37.0 37.0 31.0 31.0 -9999 -9999 -9999 -9999 -9999 -9999 -9999 -9999 -9999 -9999 -9999 -9999 -9999 -9999 -9999 -9999 -9999 -9999 -9999 -9999 -9999 -9999 -9999 -9999 -9999 -9999 -9999 -9999 -9999 -9999 -9999 -9999 -9999 -9999 -9999 -9999 -9999 -9999 -9999 -9999 -9999 -9999 -9999 22.0 22.0 22.0 23.0 23.0 32.0 32.0
-9999 -9999 16.0 21.0 21.0 22.0 22.0 24.0 25.0 25.0 26.0 27.0 27.0 29.0 29.0 30.0 32.0 34.0 35.0 35.0 36.0 37.0 38.0 39.0 39.0 38.0 38.0 39.0 -9999 -9999 -9999 -9999 -9999 -9999 -9999 -9999 -9999 -9999 -9999 -9999 -9999 -9999 -9999 -9999 -9999 -9999 -9999 -9999 -9999 -9999 -9999 -9999 -9999 -9999 -9999 -9999 -9999 -9999 -9999 -9999 -9999 -9999 -9999 -9999 -9999 -9999 -9999 -9999 -9999 -9999 -9999 -9999 -9999 -9999 -9999 -9999 -9999 -9999 -9999 -9999
-9999 -9999 16.0 21.0 21.0 22.0 22.0 24.0 25.0 25.0 26.0 27.0 27.0 29.0 29.0 30.0 32.0 34.0 35.0 35.0 36.0 37.0 38.0 39.0 39.0 38.0 38.0 39.0 -9999 -9999 -9999 -9999 -9999 -9999 -9999 -9999 -9999 -9999 -9999 -9999 -9999 -9999 -9999 -9999 -9999 -9999 -9999 -9999 -9999 -9999 -9999 -9999 -9999 -9999 -9999 -9999 -9999 -9999 -9999 -9999 -9999 -9999 -9999 -9999 -9999 -9999 -9999 -9999 -9999 -9999 -9999 -9999 -9999 -9999 -9999 -9999 -9999 -9999 -9999 -9999
-9999 -9999 -9999 -9999 -9999 22.0 24.0 26.0 26.0 26.0 27.0 27.0 28.0 29.0 29.0 31.0 33.0 35.0 37.0 37.0 38.0 38.0 37.0 38.0 38.0 40.0 40.0 -9999 -9999 -9999 -9999 -9999 -9999 -9999 -9999 -9999 -9999 -9999 -9999 -9999 -9999 -9999 -9999 -9999 -9999 -9999 -9999 -9999 -9999 -9999 -9999 -9999 -9999 -9999 -9999 -9999 -9999 -9999 -9999 -9999 -9999 -9999 -9999 -9999 -9999 -9999 -9999 -9999 -9999 -9999 -9999 -9999 -9999 -9999 -9999 -9999 -9999 -9999 -9999 -9999
-9999 -9999 -9999 -9999 -9999 18.0 24.0 25.0 26.0 26.0 27.0 27.0 28.0 29.0 29.0 32.0 34.0 36.0 39.0 39.0 41.0 42.0 43.0 43.0 43.0 43.0 -9999 -9999 -9999 -9999 -9999 -9999 -9999 -9999 -9999 -9999 -9999 -9999 -9999 -9999 -9999 -9999 -9999 -9999 -9999 -9999 -9999 31.0 30.0 30.0 -9999 -9999 -9999 -9999 -9999 -9999 -9999 -9999 -9999 -9999 -9999 -9999 -9999 -9999 -9999 -9999 -9999 -9999 -9999 -9999 -9999 -9999 -9999 -9999 -9999 -9999 -9999 -9999 -9999 -9999
-9999 -9999 -9999 -9999 -9999 -9999 19.0 25.0 26.0 26.0 27.0 27.0 29.0 30.0 30.0 32.0 32.0 35.0 38.0 38.0 41.0 43.0 45.0 47.0 47.0 48.0 -9999 -9999 -9999 -9999 -9999 -9999 -9999 -9999 -9999 -9999 -9999 -9999 -9999 -9999 -9999 -9999 -9999 -9999 -9999 -9999 -9999 32.0 31.0 31.0 -9999 -9999 -9999 -9999 -9999 -9999 -9999 -9999 -9999 -9999 -9999 -9999 -9999 -9999 -9999 -9999 -9999 -9999 -9999 -9999 -9999 -9999 -9999 -9999 -9999 -9999 -9999 -9999 -9999 -9999
-9999 -9999 -9999 -9999 -9999 -9999 -9999 22.0 24.0 24.0 28.0 27.0 28.0 27.0 27.0 25.0 22.0 26.0 35.0 35.0 42.0 46.0 49.0 51.0 51.0 42.0 -9999 -9999 -9999 -9999 -9999 -9999 -9999 -9999 -9999 -9999 -9999 -9999 -9999 -9999 -9999 -9999 -9999 -9999 -9999 -9999 -9999 -9999 -9999 -9999 -9999 -9999 -9999 -9999 -9999 -9999 -9999 -9999 -9999 -9999 -9999 -9999 -9999 -9999 -9999 -9999 -9999 -9999 -9999 -9999 -9999 -9999 -9999 -9999 -9999 -9999 -9999 -9999 -9999 -9999
-9999 -9999 -9999 -9999 -9999 -9999 -9999 22.0 24.0 24.0 28.0 27.0 28.0 27.0 27.0 25.0 22.0 26.0 35.0 35.0 42.0 46.0 49.0 51.0 51.0 42.0 -9999 -9999 -9999 -9999 -9999 -9999 -9999 -9999 -9999 -9999 -9999 -9999 -9999 -9999 -9999 -9999 -9999 -9999 -9999 -9999 -9999 -9999 -9999 -9999 -9999 -9999 -9999 -9999 -9999 -9999 -9999 -9999 -9999 -9999 -9999 -9999 -9999 -9999 -9999 -9999 -9999 -9999 -9999 -9999 -9999 -9999 -9999 -9999 -9999 -9999 -9999 -9999 -9999 -9999
-9999 -9999 -9999 -9999 -9999 -9999 -9999 -9999 -9999 -9999 27.0 28.0 31.0 32.0 32.0 24.0 24.0 27.0 37.0 37.0 46.0 49.0 54.0 45.0 45.0 -9999 -9999 -9999 -9999 -9999 -9999 -9999 -9999 -9999 -9999 -9999 -9999 -9999 -9999 -9999 -9999 -9999 -9999 -9999 -9999 -9999 -9999 -9999 -9999 -9999 -9999 -9999 -9999 -9999 -9999 -9999 -9999 -9999 -9999 -9999 -9999 -9999 -9999 -9999 -9999 -9999 -9999 -9999 -9999 -9999 -9999 -9999 -9999 -9999 -9999 -9999 -9999 -9999 -9999 -9999
-9999 -9999 -9999 -9999 -9999 -9999 -9999 -9999 -9999 -9999 -9999 -9999 -9999 -9999 -9999 -9999 -9999 33.0 39.0 39.0 47.0 53.0 59.0 -9999 -9999 -9999 -9999 -9999 -9999 -9999 -9999 -9999 -9999 -9999 -9999 -9999 -9999 -9999 -9999 -9999 -9999 -9999 -9999 -9999 -9999 -9999 -9999 -9999 -9999 -9999 -9999 -9999 -9999 -9999 -9999 -9999 -9999 -9999 -9999 -9999 -9999 -9999 -9999 -9999 -9999 -9999 -9999 -9999 -9999 -9999 -9999 -9999 -9999 -9999 -9999 -9999 -9999 -9999 -9999 -9999
-9999 -9999 -9999 -9999 -9999 -9999 -9999 -9999 -9999 -9999 -9999 -9999 -9999 -9999 -9999 -9999 -9999 -9999 44.0 44.0 46.0 48.0 49.0 -9999 -9999 -9999 -9999 -9999 -9999 -9999 -9999 -9999 -9999 -9999 -9999 -9999 -9999 -9999 -9999 -9999 -9999 -9999 -9999 -9999 -9999 -9999 -9999 -9999 -9999 -9999 -9999 -9999 -9999 -9999 -9999 -9999 -9999 -9999 -9999 -9999 -9999 -9999 -9999 -9999 -9999 -9999 -9999 -9999 -9999 -9999 -9999 -9999 -9999 -9999 -9999 -9999 -9999 -9999 -9999 -9999
-9999 -9999 -9999 -9999 -9999 -9999 -9999 -9999 -9999 -9999 -9999 -9999 -9999 -9999 -9999 -9999 -9999 -9999 -9999 -9999 -9999 -9999 -9999 -9999 -9999 -9999 -9999 -9999 -9999 -9999 -9999 -9999 -9999 -9999 -9999 -9999 -9999 -9999 -9999 -9999 -9999 -9999 -9999 -9999 -9999 -9999 -9999 -9999 -9999 -9999 -9999 -9999 -9999 -9999 -9999 -9999 -9999 -9999 -9999 -9999 -9999 -9999 -9999 -9999 -9999 -9999 -9999 -9999 -9999 -9999 -9999 -9999 -9999 -9999 -9999 -9999 -9999 -9999 -9999 -9999
-9999 -9999 -9999 -9999 -9999 -9999 -9999 -9999 -9999 -9999 -9999 -9999 -9999 -9999 -9999 -9999 -9999 -9999 -9999 -9999 -9999 -9999 -9999 -9999 -9999 -9999 -9999 -9999 -9999 -9999 -9999 -9999 -9999 -9999 -9999 -9999 -9999 -9999 -9999 -9999 -9999 -9999 -9999 -9999 -9999 -9999 -9999 -9999 -9999 -9999 -9999 -9999 -9999 -9999 -9999 -9999 -9999 -9999 -9999 -9999 -9999 -9999 -9999 -9999 -9999 -9999 -9999 -9999 -9999 -9999 -9999 -9999 -9999 -9999 -9999 -9999 -9999 -9999 -9999 -9999
