KEPLER/2.4/binaries/lib/outreach-2.3.0/workflows/data/garp/NA_ASC/pre6190_ann.asc
nrows  200
ncols  400
xllcorner  -179.99962860149
yllcorner  6.7208489478326
cellsize  0.4
NODATA_value  -9999
[rows 35 to 69 of 200, columns 80 to 159 of 400]
-9999 -9999 -9999 -9999 -9999 -9999 -9999 -9999 -9999 -9999 -9999 -9999 -9999 -9999 -9999 -9999 -9999 -9999 -9999 -9999 -9999 -9999 -9999 -9999 -9999 -9999 -9999 -9999 -9999 -9999 -9999 -9999 -9999 -9999 -9999 -9999 -9999 -9999 -9999 -9999 -9999 -9999 -9999 -9999 -9999 -9999 -9999 -9999 -9999 -9999 -9999 -9999 -9999 -9999 -9999 -9999 -9999 -9999 -9999 2.0 2.0 2.0 2.0 2.0 2.0 2.0 2.0 2.0 2.0 2.0 3.0 3.0 3.0 3.0 3.0 3.0 3.0 3.0 3.0 3.0
-9999 -9999 -9999 -9999 -9999 -9999 -9999 -9999 -9999 -9999 -9999 -9999 -9999 -9999 -9999 -9999 -9999 -9999 -9999 -9999 -9999 -9999 -9999 -9999 -9999 -9999 -9999 -9999 -9999 -9999 -9999 -9999 -9999 -9999 -9999 -9999 -9999 -9999 -9999 -9999 -9999 -9999 -9999 -9999 -9999 -9999 -9999 -9999 -9999 -9999 -9999 -9999 -9999 -9999 -9999 -9999 3.0 3.0 3.0 3.0 3.0 3.0 3.0 3.0 3.0 3.0 3.0 3.0 3.0 3.0 3.0 3.0 3.0 3.0 3.0 3.0 3.0 3.0 3.0 3.0
-9999 -9999 -9999 -9999 -9999 -9999 -9999 -9999 -9999 -9999 -9999 -9999 -9999 -9999 -9999 -9999 -9999 -9999 -9999 -9999 -9999 -9999 -9999 -9999 -9999 -9999 -9999 -9999 -9999 -9999 -9999 -9999 -9999 -9999 -9999 -9999 -9999 -9999 -9999 -9999 -9999 -9999 -9999 -9999 -9999 -9999 -9999 -9999 -9999 -9999 -9999 -9999 -9999 -9999 -9999 -9999 3.0 3.0 3.0 3.0 3.0 3.0 3.0 3.0 3.0 3.0 3.0 3.0 3.0 3.0 4.0 -9999 3.0 3.0 3.0 3.0 3.0 3.0 3.0 3.0
-9999 -9999 -9999 -9999 -9999 -9999 -9999 -9999 -9999 -9999 -9999 -9999 -9999 -9999 -9999 -9999 -9999 -9999 -9999 -9999 -9999 -9999 -9999 -9999 -9999 -9999 -9999 -9999 -9999 -9999 -9999 -9999 -9999 -9999 -9999 -9999 -9999 -9999 -9999 -9999 -9999 -9999 -9999 -9999 -9999 -9999 -9999 -9999 -9999 -9999 -9999 -9999 -9999 -9999 -9999 -9999 -9999 -9999 -9999 -9999 -9999 3.0 3.0 3.0 3.0 3.0 3.0 4.0 4.0 3.0 -9999 -9999 -9999 -9999 -9999 3.0 3.0 3.0 3.0 3.0
-9999 -9999 -9999 -9999 -9999 -9999 -9999 -9999 -9999 -9999 -9999 -9999 -9999 -9999 -9999 -9999 -9999 -9999 -9999 -9999 -9999 -9999 -9999 -9999 -9999 -9999 -9999 -9999 -9999 -9999 -9999 -9999 -9999 -9999 -9999 -9999 -9999 -9999 -9999 -9999 -9999 -9999 -9999 -9999 -9999 -9999 -9999 -9999 -9999 -9999 -9999 -9999 -9999 -9999 -9999 -9999 -9999 -9999 -9999 -9999 -9999 3.0 3.0 3.0 3.0 3.0 3.0 4.0 4.0 3.0 -9999 -9999 -9999 -9999 -9999 3.0 3.0 3.0 3.0 3.0
-9999 -9999 -9999 -9999 -9999 -9999 -9999 -9999 -9999 -9999 -9999 -9999 -9999 -9999 -9999 -9999 -9999 -9999 -9999 -9999 -9999 -9999 -9999 -9999 -9999 -9999 -9999 -9999 -9999 -9999 -9999 -9999 -9999 -9999 -9999 -9999 -9999 -9999 -9999 -9999 -9999 -9999 -9999 -9999 -9999 -9999 -9999 -9999 -9999 -9999 3.0 -9999 -9999 -9999 -9999 -9999 -9999 -9999 -9999 -9999 -9999 -9999 -9999 -9999 -9999 -9999 -9999 -9999 -9999 -9999 -9999 -9999 -9999 -9999 -9999 3.0 3.0 3.0 3.0 3.0
3.0 3.0 2.0 2.0 2.0 2.0 2.0 -9999 -9999 -9999 -9999 3.0 3.0 3.0 -9999 -9999 -9999 -9999 -9999 -9999 -9999 -9999 -9999 -9999 -9999 -9999 -9999 -9999 -9999 -9999 -9999 -9999 -9999 -9999 -9999 -9999 -9999 -9999 -9999 -9999 -9999 -9999 -9999 -9999 3.0 3.0 3.0 -9999 -9999 -9999 3.0 3.0 3.0 3.0 -9999 -9999 -9999 -9999 -9999 -9999 -9999 -9999 -9999 -9999 -9999 -9999 -9999 -9999 -9999 -9999 -9999 -9999 -9999 -9999 -9999 -9999 -9999 3.0 3.0 3.0
3.0 3.0 2.0 2.0 2.0 2.0 2.0 2.0 2.0 2.0 3.0 3.0 3.0 3.0 3.0 3.0 3.0 3.0 3.0 3.0 3.0 3.0 4.0 4.0 -9999 -9999 -9999 -9999 -9999 -9999 -9999 5.0 -9999 -9999 -9999 4.0 4.0 5.0 5.0 4.0 4.0 3.0 3.0 3.0 3.0 3.0 2.0 3.0 3.0 3.0 2.0 2.0 3.0 3.0 4.0 4.0 -9999 4.0 4.0 4.0 4.0 -9999 4.0 4.0 4.0 4.0 4.0 4.0 4.0 4.0 -9999 -9999 -9999 -9999 -9999 -9999 -9999 4.0 4.0 4.0
3.0 2.0 2.0 2.0 2.0 2.0 2.0 2.0 2.0 2.0 2.0 2.0 2.0 2.0 2.0 2.0 2.0 2.0 2.0 2.0 2.0 3.0 3.0 3.0 4.0 5.0 -9999 -9999 -9999 -9999 -9999 5.0 5.0 5.0 5.0 5.0 5.0 4.0 4.0 4.0 4.0 4.0 4.0 4.0 4.0 4.0 2.0 2.0 3.0 3.0 2.0 3.0 3.0 3.0 4.0 4.0 4.0 4.0 4.0 4.0 4.0 4.0 4.0 4.0 4.0 4.0 4.0 4.0 4.0 4.0 4.0 4.0 4.0 4.0 4.0 4.0 4.0 -9999 -9999 -9999
3.0 2.0 2.0 2.0 2.0 2.0 2.0 2.0 2.0 2.0 2.0 2.0 2.0 2.0 2.0 2.0 2.0 2.0 2.0 2.0 2.0 3.0 3.0 3.0 4.0 5.0 -9999 -9999 -9999 -9999 -9999 5.0 5.0 5.0 5.0 5.0 5.0 4.0 4.0 4.0 4.0 4.0 4.0 4.0 4.0 4.0 2.0 2.0 3.0 3.0 2.0 3.0 3.0 3.0 4.0 4.0 4.0 4.0 4.0 4.0 4.0 4.0 4.0 4.0 4.0 4.0 4.0 4.0 4.0 4.0 4.0 4.0 4.0 4.0 4.0 4.0 4.0 -9999 -9999 -9999
3.0 3.0 3.0 3.0 2.0 2.0 2.0 2.0 2.0 2.0 2.0 2.0 2.0 2.0 2.0 2.0 2.0 2.0 2.0 2.0 3.0 3.0 3.0 3.0 4.0 4.0 5.0 5.0 5.0 6.0 6.0 6.0 5.0 5.0 5.0 5.0 5.0 5.0 5.0 5.0 4.0 4.0 4.0 4.0 4.0 4.0 4.0 4.0 4.0 4.0 4.0 4.0 4.0 4.0 4.0 4.0 4.0 4.0 4.0 4.0 4.0 4.0 4.0 4.0 4.0 5.0 4.0 5.0 5.0 4.0 4.0 4.0 4.0 4.0 4.0 4.0 4.0 4.0 4.0 4.0
3.0 3.0 3.0 3.0 3.0 3.0 3.0 2.0 2.0 2.0 2.0 3.0 2.0 2.0 2.0 2.0 3.0 3.0 3.0 3.0 3.0 4.0 4.0 4.0 4.0 4.0 4.0 4.0 4.0 5.0 5.0 6.0 6.0 6.0 6.0 6.0 6.0 6.0 6.0 6.0 5.0 5.0 5.0 5.0 5.0 5.0 5.0 5.0 5.0 5.0 5.0 5.0 5.0 5.0 4.0 5.0 5.0 5.0 5.0 5.0 5.0 5.0 5.0 5.0 5.0 5.0 5.0 5.0 5.0 4.0 5.0 4.0 4.0 4.0 5.0 5.0 5.0 5.0 5.0 5.0
3.0 3.0 3.0 3.0 3.0 3.0 3.0 3.0 3.0 3.0 3.0 3.0 3.0 3.0 3.0 3.0 3.0 3.0 3.0 3.0 4.0 4.0 5.0 5.0 5.0 5.0 5.0 4.0 4.0 4.0 4.0 6.0 7.0 7.0 7.0 7.0 7.0 6.0 6.0 6.0 6.0 6.0 5.0 5.0 5.0 5.0 5.0 5.0 5.0 5.0 5.0 5.0 5.0 5.0 5.0 5.0 5.0 5.0 5.0 5.0 5.0 5.0 5.0 5.0 5.0 5.0 5.0 5.0 5.0 5.0 5.0 5.0 5.0 5.0 5.0 5.0 5.0 5.0 5.0 5.0
4.0 4.0 3.0 3.0 4.0 4.0 4.0 4.0 4.0 4.0 4.0 4.0 3.0 3.0 3.0 4.0 4.0 4.0 4.0 4.0 4.0 4.0 4.0 4.0 4.0 5.0 5.0 6.0 6.0 6.0 5.0 6.0 7.0 7.0 8.0 8.0 7.0 7.0 7.0 7.0 6.0 6.0 6.0 6.0 6.0 6.0 6.0 6.0 6.0 6.0 6.0 6.0 6.0 6.0 6.0 6.0 6.0 6.0 6.0 5.0 6.0 6.0 5.0 5.0 5.0 5.0 5.0 5.0 5.0 5.0 5.0 5.0 5.0 5.0 5.0 5.0 5.0 5.0 5.0 5.0
4.0 4.0 3.0 3.0 4.0 4.0 4.0 4.0 4.0 4.0 4.0 4.0 3.0 3.0 3.0 4.0 4.0 4.0 4.0 4.0 4.0 4.0 4.0 4.0 4.0 5.0 5.0 6.0 6.0 6.0 5.0 6.0 7.0 7.0 8.0 8.0 7.0 7.0 7.0 7.0 6.0 6.0 6.0 6.0 6.0 6.0 6.0 6.0 6.0 6.0 6.0 6.0 6.0 6.0 6.0 6.0 6.0 6.0 6.0 5.0 6.0 6.0 5.0 5.0 5.0 5.0 5.0 5.0 5.0 5.0 5.0 5.0 5.0 5.0 5.0 5.0 5.0 5.0 5.0 5.0
5.0 5.0 5.0 5.0 5.0 5.0 5.0 4.0 4.0 5.0 4.0 4.0 4.0 4.0 4.0 4.0 4.0 4.0 4.0 4.0 4.0 4.0 4.0 4.0 4.0 5.0 5.0 6.0 6.0 6.0 6.0 6.0 7.0 7.0 8.0 8.0 7.0 7.0 7.0 7.0 7.0 7.0 6.0 6.0 6.0 6.0 6.0 6.0 6.0 6.0 6.0 6.0 6.0 6.0 6.0 6.0 6.0 6.0 6.0 6.0 6.0 6.0 6.0 6.0 6.0 6.0 6.0 6.0 6.0 6.0 6.0 5.0 5.0 5.0 5.0 5.0 5.0 6.0 6.0 6.0
6.0 6.0 6.0 6.0 5.0 5.0 5.0 5.0 5.0 5.0 5.0 5.0 5.0 5.0 5.0 4.0 4.0 4.0 4.0 4.0 3.0 3.0 3.0 3.0 4.0 5.0 6.0 6.0 6.0 6.0 6.0 5.0 7.0 7.0 7.0 8.0 8.0 7.0 7.0 7.0 7.0 7.0 7.0 7.0 7.0 7.0 7.0 7.0 7.0 7.0 7.0 7.0 7.0 7.0 7.0 7.0 7.0 7.0 7.0 7.0 7.0 6.0 6.0 6.0 6.0 6.0 6.0 6.0 6.0 6.0 6.0 6.0 6.0 6.0 6.0 6.0 6.0 6.0 6.0 6.0
6.0 5.0 5.0 5.0 5.0 5.0 4.0 4.0 4.0 4.0 5.0 4.0 4.0 4.0 4.0 4.0 4.0 4.0 4.0 4.0 4.0 4.0 4.0 4.0 4.0 5.0 5.0 5.0 5.0 6.0 6.0 6.0 7.0 7.0 7.0 7.0 7.0 6.0 6.0 6.0 6.0 7.0 7.0 7.0 7.0 7.0 8.0 8.0 8.0 8.0 8.0 8.0 7.0 7.0 7.0 7.0 7.0 7.0 7.0 7.0 7.0 7.0 7.0 7.0 6.0 7.0 7.0 7.0 7.0 7.0 7.0 6.0 6.0 6.0 6.0 6.0 6.0 6.0 6.0 6.0
7.0 6.0 6.0 6.0 5.0 4.0 4.0 4.0 4.0 4.0 4.0 4.0 4.0 4.0 4.0 5.0 5.0 5.0 5.0 4.0 4.0 4.0 4.0 4.0 4.0 4.0 4.0 4.0 4.0 4.0 5.0 6.0 6.0 6.0 6.0 6.0 5.0 5.0 5.0 5.0 5.0 6.0 6.0 6.0 6.0 6.0 7.0 8.0 8.0 8.0 8.0 8.0 8.0 8.0 8.0 8.0 8.0 8.0 8.0 8.0 7.0 7.0 7.0 7.0 8.0 7.0 7.0 6.0 6.0 6.0 6.0 6.0 6.0 6.0 6.0 6.0 6.0 6.0 6.0 6.0
7.0 6.0 6.0 6.0 5.0 4.0 4.0 4.0 4.0 4.0 4.0 4.0 4.0 4.0 4.0 5.0 5.0 5.0 5.0 4.0 4.0 4.0 4.0 4.0 4.0 4.0 4.0 4.0 4.0 4.0 5.0 6.0 6.0 6.0 6.0 6.0 5.0 5.0 5.0 5.0 5.0 6.0 6.0 6.0 6.0 6.0 7.0 8.0 8.0 8.0 8.0 8.0 8.0 8.0 8.0 8.0 8.0 8.0 8.0 8.0 7.0 7.0 7.0 7.0 8.0 7.0 7.0 6.0 6.0 6.0 6.0 6.0 6.0 6.0 6.0 6.0 6.0 6.0 6.0 6.0
8.0 7.0 7.0 7.0 6.0 5.0 5.0 4.0 4.0 4.0 4.0 4.0 4.0 4.0 4.0 4.0 4.0 5.0 5.0 5.0 4.0 4.0 4.0 4.0 4.0 4.0 4.0 4.0 4.0 4.0 4.0 4.0 4.0 4.0 4.0 4.0 4.0 5.0 5.0 5.0 5.0 5.0 6.0 6.0 6.0 6.0 7.0 7.0 8.0 8.0 8.0 8.0 8.0 8.0 9.0 9.0 9.0 8.0 8.0 8.0 8.0 8.0 8.0 8.0 7.0 7.0 7.0 7.0 7.0 7.0 6.0 6.0 6.0 6.0 6.0 6.0 6.0 6.0 6.0 6.0
8.0 8.0 7.0 7.0 7.0 6.0 6.0 6.0 6.0 5.0 5.0 4.0 4.0 4.0 4.0 4.0 4.0 4.0 4.0 4.0 5.0 4.0 4.0 4.0 4.0 4.0 4.0 4.0 4.0 4.0 5.0 5.0 5.0 5.0 4.0 5.0 4.0 4.0 4.0 5.0 5.0 6.0 6.0 6.0 6.0 7.0 8.0 8.0 9.0 9.0 9.0 9.0 9.0 9.0 9.0 9.0 9.0 9.0 9.0 9.0 8.0 8.0 8.0 8.0 8.0 8.0 7.0 7.0 7.0 7.0 7.0 7.0 7.0 7.0 6.0 6.0 6.0 6.0 6.0 6.0
7.0 6.0 6.0 6.0 5.0 5.0 6.0 5.0 5.0 6.0 6.0 6.0 6.0 6.0 6.0 5.0 5.0 5.0 5.0 5.0 5.0 5.0 5.0 5.0 5.0 5.0 5.0 5.0 5.0 5.0 6.0 6.0 5.0 5.0 5.0 5.0 5.0 5.0 5.0 5.0 6.0 6.0 6.0 6.0 7.0 8.0 9.0 9.0 10.0 10.0 10.0 10.0 10.0 10.0 10.0 10.0 10.0 10.0 10.0 9.0 9.0 9.0 8.0 8.0 8.0 8.0 8.0 8.0 8.0 7.0 7.0 7.0 7.0 7.0 7.0 7.0 6.0 6.0 6.0 6.0
9.0 8.0 8.0 8.0 7.0 6.0 6.0 5.0 5.0 6.0 6.0 6.0 8.0 8.0 8.0 6.0 6.0 6.0 6.0 6.0 6.0 6.0 6.0 6.0 5.0 5.0 5.0 6.0 6.0 6.0 6.0 5.0 5.0 5.0 5.0 5.0 5.0 5.0 5.0 5.0 6.0 6.0 7.0 7.0 8.0 8.0 9.0 10.0 11.0 11.0 11.0 11.0 11.0 11.0 11.0 11.0 11.0 10.0 10.0 10.0 10.0 9.0 9.0 9.0 9.0 8.0 8.0 8.0 8.0 8.0 7.0 7.0 7.0 7.0 7.0 7.0 7.0 7.0 7.0 6.0
9.0 8.0 8.0 8.0 7.0 6.0 6.0 5.0 5.0 6.0 6.0 6.0 8.0 8.0 8.0 6.0 6.0 6.0 6.0 6.0 6.0 6.0 6.0 6.0 5.0 5.0 5.0 6.0 6.0 6.0 6.0 5.0 5.0 5.0 5.0 5.0 5.0 5.0 5.0 5.0 6.0 6.0 7.0 7.0 8.0 8.0 9.0 10.0 11.0 11.0 11.0 11.0 11.0 11.0 11.0 11.0 11.0 10.0 10.0 10.0 10.0 9.0 9.0 9.0 9.0 8.0 8.0 8.0 8.0 8.0 7.0 7.0 7.0 7.0 7.0 7.0 7.0 7.0 7.0 6.0
10.0 10.0 10.0 10.0 9.0 8.0 7.0 7.0 7.0 9.0 9.0 10.0 9.0 9.0 9.0 9.0 9.0 9.0 9.0 9.0 8.0 6.0 6.0 6.0 4.0 4.0 5.0 6.0 6.0 5.0 6.0 6.0 5.0 5.0 5.0 4.0 4.0 5.0 5.0 5.0 6.0 6.0 7.0 7.0 8.0 9.0 10.0 11.0 12.0 12.0 12.0 12.0 12.0 12.0 11.0 11.0 11.0 11.0 11.0 11.0 10.0 10.0 10.0 10.0 9.0 9.0 9.0 8.0 8.0 8.0 8.0 8.0 7.0 7.0 7.0 7.0 7.0 7.0 7.0 7.0
11.0 12.0 12.0 12.0 13.0 12.0 10.0 9.0 9.0 11.0 11.0 12.0 12.0 12.0 12.0 12.0 12.0 11.0 11.0 12.0 11.0 10.0 7.0 7.0 5.0 4.0 4.0 4.0 4.0 5.0 6.0 5.0 4.0 4.0 4.0 4.0 4.0 5.0 5.0 6.0 6.0 7.0 8.0 8.0 9.0 10.0 11.0 11.0 13.0 13.0 13.0 13.0 13.0 13.0 12.0 12.0 11.0 11.0 11.0 11.0 11.0 11.0 11.0 11.0 10.0 10.0 9.0 9.0 9.0 8.0 8.0 8.0 8.0 8.0 7.0 7.0 7.0 7.0 7.0 7.0
14.0 15.0 15.0 15.0 16.0 17.0 17.0 18.0 18.0 18.0 19.0 17.0 15.0 15.0 15.0 16.0 15.0 15.0 15.0 14.0 13.0 11.0 8.0 8.0 6.0 5.0 5.0 5.0 5.0 5.0 5.0 5.0 4.0 4.0 4.0 4.0 4.0 5.0 5.0 6.0 6.0 7.0 8.0 8.0 9.0 10.0 11.0 12.0 13.0 13.0 14.0 14.0 13.0 13.0 13.0 13.0 12.0 12.0 12.0 12.0 12.0 11.0 12.0 12.0 11.0 10.0 10.0 9.0 9.0 9.0 9.0 8.0 8.0 8.0 8.0 8.0 8.0 8.0 8.0 8.0
17.0 19.0 19.0 19.0 22.0 24.0 25.0 25.0 25.0 24.0 26.0 25.0 25.0 25.0 26.0 23.0 18.0 17.0 17.0 15.0 14.0 14.0 12.0 12.0 9.0 8.0 6.0 6.0 6.0 6.0 6.0 6.0 5.0 5.0 4.0 4.0 5.0 6.0 6.0 6.0 7.0 7.0 8.0 8.0 9.0 10.0 11.0 12.0 13.0 13.0 13.0 13.0 13.0 13.0 13.0 13.0 13.0 12.0 12.0 12.0 12.0 12.0 12.0 12.0 12.0 11.0 10.0 10.0 10.0 9.0 9.0 9.0 8.0 8.0 8.0 8.0 8.0 8.0 8.0 8.0
17.0 19.0 19.0 19.0 22.0 24.0 25.0 25.0 25.0 24.0 26.0 25.0 25.0 25.0 26.0 23.0 18.0 17.0 17.0 15.0 14.0 14.0 12.0 12.0 9.0 8.0 6.0 6.0 6.0 6.0 6.0 6.0 5.0 5.0 4.0 4.0 5.0 6.0 6.0 6.0 7.0 7.0 8.0 8.0 9.0 10.0 11.0 12.0 13.0 13.0 13.0 13.0 13.0 13.0 13.0 13.0 13.0 12.0 12.0 12.0 12.0 12.0 12.0 12.0 12.0 11.0 10.0 10.0 10.0 9.0 9.0 9.0 8.0 8.0 8.0 8.0 8.0 8.0 8.0 8.0
22.0 32.0 35.0 35.0 38.0 36.0 37.0 33.0 33.0 36.0 33.0 29.0 29.0 29.0 29.0 27.0 26.0 24.0 24.0 20.0 18.0 18.0 16.0 16.0 15.0 13.0 11.0 10.0 10.0 9.0 9.0 8.0 6.0 6.0 6.0 5.0 6.0 7.0 7.0 7.0 8.0 9.0 9.0 9.0 10.0 11.0 12.0 12.0 12.0 12.0 13.0 13.0 13.0 13.0 13.0 13.0 13.0 13.0 13.0 13.0 13.0 13.0 13.0 13.0 12.0 11.0 10.0 10.0 10.0 10.0 9.0 9.0 9.0 9.0 8.0 8.0 8.0 8.0 8.0 8.0
26.0 36.0 39.0 39.0 44.0 48.0 53.0 53.0 53.0 47.0 45.0 42.0 40.0 40.0 38.0 34.0 35.0 32.0 32.0 31.0 28.0 25.0 25.0 25.0 21.0 19.0 17.0 15.0 15.0 14.0 13.0 12.0 10.0 10.0 8.0 7.0 7.0 8.0 8.0 8.0 9.0 9.0 10.0 10.0 11.0 12.0 12.0 12.0 11.0 11.0 12.0 12.0 12.0 12.0 12.0 13.0 13.0 13.0 13.0 13.0 13.0 13.0 12.0 12.0 12.0 11.0 11.0 11.0 11.0 10.0 10.0 10.0 9.0 9.0 9.0 9.0 9.0 9.0 9.0 9.0
-9999 39.0 -9999 -9999 -9999 -9999 -9999 -9999 -9999 52.0 -9999 -9999 -9999 -9999 -9999 -9999 38.0 38.0 38.0 49.0 50.0 51.0 42.0 42.0 35.0 30.0 26.0 25.0 25.0 20.0 19.0 17.0 15.0 15.0 12.0 10.0 9.0 9.0 9.0 9.0 10.0 10.0 11.0 11.0 12.0 13.0 14.0 13.0 12.0 12.0 11.0 12.0 12.0 12.0 12.0 13.0 13.0 13.0 13.0 13.0 13.0 13.0 12.0 12.0 12.0 12.0 11.0 11.0 11.0 10.0 10.0 10.0 10.0 10.0 10.0 10.0 9.0 9.0 9.0 9.0
-9999 -9999 -9999 -9999 -9999 -9999 -9999 -9999 -9999 -9999 -9999 -9999 -9999 -9999 -9999 -9999 -9999 -9999 -9999 -9999 -9999 41.0 38.0 38.0 47.0 42.0 33.0 30.0 30.0 28.0 28.0 28.0 25.0 25.0 18.0 15.0 13.0 12.0 12.0 12.0 12.0 12.0 12.0 12.0 12.0 13.0 15.0 13.0 12.0 12.0 11.0 11.0 11.0 11.0 12.0 13.0 13.0 14.0 14.0 14.0 14.0 13.0 12.0 12.0 12.0 11.0 11.0 11.0 11.0 11.0 10.0 10.0 10.0 10.0 10.0 10.0 10.0 9.0 9.0 9.0
-9999 -9999 -9999 -9999 -9999 -9999 -9999 -9999 -9999 -9999 -9999 -9999 -9999 -9999 -9999 -9999 -9999 -9999 -9999 -9999 -9999 41.0 38.0 38.0 47.0 42.0 33.0 30.0 30.0 28.0 28.0 28.0 25.0 25.0 18.0 15.0 13.0 12.0 12.0 12.0 12.0 12.0 12.0 12.0 12.0 13.0 15.0 13.0 12.0 12.0 11.0 11.0 11.0 11.0 12.0 13.0 13.0 14.0 14.0 14.0 14.0 13.0 12.0 12.0 12.0 11.0 11.0 11.0 11.0 11.0 10.0 10.0 10.0 10.0 10.0 10.0 10.0 9.0 9.0 9.0
