KEPLER/2.4/binaries/lib/outreach-2.3.0/workflows/data/garp/NA_ASC/pre6190_ann.asc
nrows  200
ncols  400
xllcorner  -179.99962860149
yllcorner  6.7208489478326
cellsize  0.4
NODATA_value  -9999
[rows 70 to 104 of 200, columns 240 to 319 of 400]
-9999 -9999 -9999 -9999 -9999 -9999 -9999 -9999 -9999 -9999 -9999 -9999 -9999 -9999 11.0 11.0 11.0 11.0 11.0 12.0 12.0 12.0 12.0 12.0 13.0 13.0 13.0 13.0 13.0 13.0 13.0 13.0 13.0 13.0 13.0 13.0 13.0 13.0 13.0 13.0 14.0 -9999 -9999 -9999 15.0 15.0 16.0 17.0 17.0 19.0 20.0 21.0 21.0 21.0 20.0 -9999 -9999 -9999 -9999 -9999 -9999 -9999 -9999 -9999 -9999 -9999 -9999 -9999 -9999 -9999 -9999 -9999 -9999 -9999 -9999 -9999 -9999 -9999 -9999 -9999
-9999 -9999 -9999 -9999 -9999 -9999 -9999 -9999 -9999 -9999 -9999 -9999 -9999 -9999 -9999 11.0 12.0 12.0 12.0 12.0 13.0 13.0 13.0 13.0 13.0 14.0 14.0 14.0 14.0 14.0 14.0 14.0 14.0 14.0 14.0 14.0 14.0 14.0 14.0 14.0 14.0 14.0 15.0 15.0 15.0 16.0 17.0 18.0 18.0 19.0 20.0 20.0 20.0 20.0 20.0 21.0 -9999 -9999 -9999 -9999 -9999 -9999 -9999 -9999 -9999 -9999 -9999 -9999 -9999 -9999 -9999 -9999 -9999 -9999 -9999 -9999 -9999 -9999 -9999 -9999
-9999 -9999 -9999 -9999 -9999 -9999 -9999 -9999 -9999 -9999 -9999 -9999 -9999 -9999 -9999 -9999 -9999 13.0 13.0 13.0 13.0 14.0 14.0 14.0 14.0 14.0 14.0 14.0 14.0 14.0 14.0 15.0 15.0 15.0 15.0 14.0 14.0 14.0 14.0 15.0 15.0 15.0 16.0 16.0 16.0 17.0 17.0 18.0 18.0 19.0 20.0 21.0 21.0 21.0 21.0 22.0 22.0 -9999 -9999 -9999 -9999 -9999 -9999 -9999 -9999 -9999 -9999 -9999 -9999 -9999 -9999 -9999 -9999 -9999 -9999 -9999 -9999 -9999 -9999 -9999
-9999 -9999 -9999 -9999 -9999 -9999 -9999 -9999 -9999 -9999 -9999 -9999 -9999 -9999 -9999 -9999 -9999 -9999 -9999 13.0 14.0 14.0 15.0 15.0 15.0 15.0 15.0 15.0 15.0 15.0 15.0 16.0 15.0 15.0 16.0 15.0 15.0 16.0 16.0 16.0 16.0 16.0 16.0 16.0 17.0 17.0 18.0 19.0 19.0 20.0 20.0 21.0 21.0 21.0 22.0 22.0 23.0 23.0 23.0 -9999 -9999 -9999 -9999 -9999 -9999 -9999 -9999 -9999 -9999 -9999 -9999 -9999 -9999 -9999 -9999 -9999 -9999 -9999 -9999 -9999
-9999 -9999 -9999 -9999 -9999 -9999 -9999 -9999 -9999 -9999 -9999 -9999 -9999 -9999 -9999 -9999 -9999 -9999 -9999 13.0 14.0 14.0 15.0 15.0 15.0 15.0 15.0 15.0 15.0 15.0 15.0 16.0 15.0 15.0 16.0 15.0 15.0 16.0 16.0 16.0 16.0 16.0 16.0 16.0 17.0 17.0 18.0 19.0 19.0 20.0 20.0 21.0 21.0 21.0 22.0 22.0 23.0 23.0 23.0 -9999 -9999 -9999 -9999 -9999 -9999 -9999 -9999 -9999 -9999 -9999 -9999 -9999 -9999 -9999 -9999 -9999 -9999 -9999 -9999 -9999
-9999 -9999 -9999 -9999 -9999 -9999 -9999 -9999 -9999 -9999 -9999 13.0 13.0 13.0 -9999 -9999 -9999 -9999 -9999 14.0 15.0 15.0 15.0 15.0 15.0 15.0 16.0 15.0 15.0 15.0 16.0 16.0 16.0 16.0 16.0 16.0 16.0 16.0 16.0 17.0 17.0 17.0 17.0 17.0 18.0 18.0 19.0 19.0 19.0 19.0 20.0 21.0 21.0 21.0 22.0 23.0 23.0 23.0 23.0 -9999 -9999 -9999 -9999 -9999 -9999 -9999 -9999 -9999 -9999 -9999 -9999 -9999 -9999 -9999 -9999 -9999 -9999 -9999 -9999 -9999
-9999 -9999 -9999 -9999 -9999 -9999 -9999 -9999 -9999 -9999 -9999 13.0 14.0 14.0 14.0 -9999 -9999 -9999 -9999 15.0 15.0 15.0 16.0 16.0 16.0 16.0 16.0 16.0 16.0 16.0 16.0 16.0 17.0 17.0 17.0 17.0 17.0 17.0 17.0 17.0 18.0 18.0 18.0 18.0 19.0 19.0 19.0 20.0 20.0 20.0 20.0 20.0 21.0 21.0 21.0 22.0 23.0 23.0 23.0 23.0 -9999 -9999 -9999 -9999 -9999 -9999 -9999 -9999 -9999 -9999 -9999 -9999 -9999 -9999 -9999 -9999 -9999 -9999 -9999 -9999
-9999 -9999 -9999 -9999 -9999 -9999 -9999 -9999 -9999 -9999 -9999 14.0 14.0 14.0 -9999 -9999 -9999 16.0 16.0 16.0 16.0 16.0 16.0 16.0 16.0 16.0 17.0 17.0 17.0 17.0 17.0 17.0 18.0 18.0 18.0 18.0 19.0 19.0 19.0 19.0 19.0 19.0 19.0 19.0 19.0 20.0 20.0 20.0 20.0 20.0 20.0 20.0 20.0 20.0 21.0 23.0 23.0 23.0 23.0 23.0 24.0 -9999 -9999 -9999 -9999 -9999 -9999 -9999 -9999 -9999 -9999 -9999 -9999 -9999 -9999 -9999 -9999 -9999 -9999 -9999
13.0 13.0 13.0 13.0 14.0 14.0 -9999 -9999 -9999 -9999 -9999 -9999 -9999 -9999 -9999 16.0 16.0 17.0 17.0 17.0 17.0 17.0 17.0 17.0 17.0 18.0 17.0 18.0 18.0 18.0 18.0 18.0 19.0 19.0 19.0 19.0 20.0 20.0 20.0 20.0 20.0 20.0 20.0 20.0 20.0 21.0 21.0 21.0 21.0 21.0 21.0 21.0 21.0 21.0 22.0 23.0 23.0 23.0 23.0 23.0 22.0 24.0 24.0 24.0 24.0 -9999 -9999 -9999 -9999 -9999 -9999 -9999 -9999 -9999 -9999 -9999 -9999 -9999 -9999 -9999
13.0 13.0 13.0 13.0 14.0 14.0 -9999 -9999 -9999 -9999 -9999 -9999 -9999 -9999 -9999 16.0 16.0 17.0 17.0 17.0 17.0 17.0 17.0 17.0 17.0 18.0 17.0 18.0 18.0 18.0 18.0 18.0 19.0 19.0 19.0 19.0 20.0 20.0 20.0 20.0 20.0 20.0 20.0 20.0 20.0 21.0 21.0 21.0 21.0 21.0 21.0 21.0 21.0 21.0 22.0 23.0 23.0 23.0 23.0 23.0 22.0 24.0 24.0 24.0 24.0 -9999 -9999 -9999 -9999 -9999 -9999 -9999 -9999 -9999 -9999 -9999 -9999 -9999 -9999 -9999
14.0 14.0 14.0 14.0 14.0 14.0 -9999 -9999 -9999 -9999 -9999 15.0 15.0 15.0 16.0 16.0 17.0 17.0 17.0 17.0 17.0 18.0 18.0 18.0 18.0 18.0 18.0 18.0 18.0 19.0 19.0 19.0 19.0 19.0 20.0 20.0 20.0 20.0 20.0 20.0 21.0 21.0 21.0 21.0 21.0 21.0 22.0 22.0 22.0 22.0 22.0 22.0 22.0 22.0 22.0 23.0 24.0 24.0 24.0 24.0 24.0 25.0 25.0 25.0 25.0 25.0 25.0 25.0 25.0 -9999 -9999 -9999 -9999 -9999 -9999 -9999 -9999 -9999 -9999 -9999
15.0 14.0 14.0 14.0 14.0 15.0 -9999 -9999 -9999 -9999 -9999 -9999 15.0 15.0 16.0 17.0 17.0 17.0 17.0 18.0 18.0 18.0 18.0 18.0 18.0 19.0 19.0 19.0 19.0 19.0 20.0 20.0 20.0 20.0 21.0 21.0 21.0 22.0 22.0 21.0 22.0 22.0 22.0 22.0 22.0 22.0 22.0 22.0 22.0 23.0 23.0 23.0 23.0 23.0 24.0 24.0 24.0 24.0 24.0 25.0 25.0 26.0 26.0 26.0 26.0 26.0 26.0 26.0 26.0 -9999 -9999 -9999 -9999 -9999 -9999 -9999 -9999 -9999 -9999 -9999
15.0 15.0 15.0 15.0 14.0 14.0 -9999 -9999 -9999 -9999 -9999 -9999 17.0 17.0 16.0 17.0 18.0 18.0 18.0 18.0 18.0 18.0 18.0 18.0 19.0 19.0 19.0 19.0 19.0 20.0 21.0 21.0 22.0 22.0 22.0 22.0 22.0 22.0 22.0 22.0 24.0 23.0 23.0 23.0 22.0 22.0 22.0 22.0 22.0 23.0 24.0 25.0 25.0 25.0 25.0 26.0 26.0 25.0 25.0 26.0 26.0 25.0 27.0 27.0 28.0 28.0 28.0 27.0 27.0 27.0 26.0 -9999 -9999 -9999 -9999 -9999 -9999 -9999 -9999 -9999
16.0 15.0 15.0 15.0 15.0 15.0 16.0 15.0 15.0 -9999 -9999 17.0 17.0 17.0 17.0 18.0 18.0 18.0 18.0 19.0 19.0 19.0 19.0 19.0 19.0 20.0 20.0 20.0 20.0 21.0 21.0 22.0 23.0 23.0 23.0 23.0 23.0 24.0 24.0 24.0 25.0 24.0 24.0 24.0 23.0 22.0 22.0 23.0 23.0 24.0 24.0 25.0 25.0 25.0 26.0 26.0 26.0 26.0 26.0 27.0 27.0 28.0 30.0 30.0 30.0 29.0 28.0 29.0 29.0 28.0 27.0 26.0 -9999 -9999 -9999 -9999 -9999 -9999 -9999 -9999
16.0 15.0 15.0 15.0 15.0 15.0 16.0 15.0 15.0 -9999 -9999 17.0 17.0 17.0 17.0 18.0 18.0 18.0 18.0 19.0 19.0 19.0 19.0 19.0 19.0 20.0 20.0 20.0 20.0 21.0 21.0 22.0 23.0 23.0 23.0 23.0 23.0 24.0 24.0 24.0 25.0 24.0 24.0 24.0 23.0 22.0 22.0 23.0 23.0 24.0 24.0 25.0 25.0 25.0 26.0 26.0 26.0 26.0 26.0 27.0 27.0 28.0 30.0 30.0 30.0 29.0 28.0 29.0 29.0 28.0 27.0 26.0 -9999 -9999 -9999 -9999 -9999 -9999 -9999 -9999
16.0 16.0 16.0 16.0 16.0 15.0 16.0 16.0 16.0 17.0 -9999 -9999 -9999 -9999 17.0 18.0 19.0 19.0 19.0 19.0 20.0 20.0 20.0 20.0 21.0 22.0 22.0 22.0 22.0 22.0 23.0 24.0 24.0 24.0 24.0 24.0 24.0 25.0 25.0 25.0 25.0 25.0 24.0 24.0 23.0 22.0 21.0 22.0 22.0 23.0 25.0 26.0 26.0 26.0 26.0 26.0 27.0 28.0 28.0 29.0 29.0 30.0 31.0 31.0 31.0 31.0 31.0 31.0 31.0 30.0 28.0 26.0 -9999 -9999 -9999 -9999 -9999 -9999 -9999 -9999
17.0 17.0 16.0 16.0 16.0 16.0 16.0 17.0 17.0 -9999 -9999 -9999 -9999 -9999 19.0 18.0 19.0 19.0 19.0 20.0 21.0 20.0 21.0 21.0 22.0 22.0 22.0 23.0 23.0 23.0 24.0 25.0 25.0 25.0 26.0 24.0 25.0 26.0 26.0 27.0 27.0 26.0 25.0 25.0 23.0 22.0 21.0 22.0 22.0 24.0 25.0 26.0 26.0 26.0 27.0 28.0 28.0 29.0 29.0 30.0 30.0 31.0 32.0 32.0 32.0 32.0 32.0 32.0 32.0 31.0 30.0 27.0 -9999 -9999 -9999 -9999 -9999 -9999 -9999 -9999
17.0 17.0 17.0 17.0 17.0 17.0 17.0 17.0 17.0 17.0 -9999 18.0 19.0 19.0 19.0 20.0 20.0 20.0 20.0 21.0 21.0 21.0 21.0 21.0 22.0 22.0 23.0 23.0 23.0 22.0 23.0 24.0 24.0 24.0 25.0 25.0 26.0 26.0 26.0 27.0 28.0 29.0 27.0 27.0 25.0 23.0 21.0 22.0 22.0 26.0 27.0 27.0 28.0 28.0 28.0 29.0 29.0 30.0 30.0 31.0 31.0 30.0 31.0 31.0 31.0 32.0 33.0 33.0 33.0 32.0 31.0 27.0 27.0 27.0 -9999 -9999 -9999 -9999 -9999 -9999
18.0 18.0 18.0 18.0 18.0 18.0 18.0 18.0 18.0 19.0 19.0 19.0 19.0 19.0 19.0 20.0 21.0 21.0 21.0 21.0 21.0 22.0 22.0 22.0 22.0 22.0 23.0 22.0 22.0 23.0 24.0 24.0 24.0 24.0 25.0 27.0 27.0 27.0 27.0 27.0 29.0 29.0 29.0 29.0 27.0 26.0 25.0 25.0 25.0 28.0 29.0 29.0 29.0 29.0 29.0 30.0 29.0 30.0 30.0 31.0 32.0 31.0 31.0 31.0 31.0 27.0 27.0 27.0 27.0 31.0 30.0 31.0 -9999 -9999 -9999 -9999 -9999 -9999 -9999 -9999
18.0 18.0 18.0 18.0 18.0 18.0 18.0 18.0 18.0 19.0 19.0 19.0 19.0 19.0 19.0 20.0 21.0 21.0 21.0 21.0 21.0 22.0 22.0 22.0 22.0 22.0 23.0 22.0 22.0 23.0 24.0 24.0 24.0 24.0 25.0 27.0 27.0 27.0 27.0 27.0 29.0 29.0 29.0 29.0 27.0 26.0 25.0 25.0 25.0 28.0 29.0 29.0 29.0 29.0 29.0 30.0 29.0 30.0 30.0 31.0 32.0 31.0 31.0 31.0 31.0 27.0 27.0 27.0 27.0 31.0 30.0 31.0 -9999 -9999 -9999 -9999 -9999 -9999 -9999 -9999
18.0 19.0 19.0 19.0 19.0 19.0 20.0 20.0 20.0 20.0 20.0 20.0 20.0 20.0 20.0 21.0 21.0 22.0 22.0 22.0 22.0 22.0 22.0 22.0 23.0 23.0 23.0 23.0 23.0 24.0 24.0 25.0 25.0 25.0 25.0 26.0 29.0 28.0 28.0 28.0 29.0 30.0 30.0 30.0 30.0 29.0 29.0 29.0 29.0 28.0 28.0 29.0 28.0 28.0 28.0 29.0 29.0 29.0 29.0 29.0 31.0 32.0 32.0 32.0 28.0 -9999 -9999 31.0 31.0 33.0 31.0 27.0 -9999 -9999 -9999 -9999 -9999 -9999 -9999 -9999
19.0 20.0 20.0 20.0 20.0 21.0 21.0 21.0 21.0 21.0 21.0 21.0 21.0 21.0 22.0 22.0 22.0 23.0 23.0 23.0 22.0 23.0 23.0 23.0 24.0 24.0 24.0 24.0 24.0 25.0 25.0 27.0 26.0 26.0 26.0 27.0 27.0 28.0 28.0 29.0 30.0 30.0 31.0 31.0 30.0 30.0 28.0 27.0 27.0 28.0 27.0 27.0 27.0 27.0 26.0 28.0 30.0 29.0 29.0 28.0 30.0 28.0 -9999 -9999 -9999 -9999 29.0 33.0 33.0 33.0 28.0 28.0 -9999 -9999 -9999 -9999 -9999 -9999 -9999 -9999
20.0 21.0 22.0 22.0 22.0 22.0 23.0 22.0 22.0 22.0 23.0 22.0 22.0 22.0 23.0 23.0 23.0 23.0 23.0 24.0 23.0 23.0 24.0 24.0 24.0 25.0 23.0 23.0 23.0 23.0 24.0 26.0 27.0 27.0 27.0 27.0 27.0 28.0 28.0 29.0 29.0 30.0 28.0 28.0 27.0 -9999 -9999 -9999 -9999 -9999 29.0 28.0 27.0 27.0 29.0 -9999 -9999 -9999 -9999 -9999 -9999 -9999 -9999 -9999 -9999 29.0 36.0 34.0 34.0 30.0 30.0 27.0 28.0 28.0 27.0 26.0 -9999 -9999 -9999 -9999
21.0 22.0 23.0 23.0 23.0 23.0 23.0 23.0 23.0 23.0 23.0 22.0 23.0 23.0 24.0 24.0 24.0 24.0 24.0 24.0 24.0 24.0 24.0 24.0 25.0 24.0 23.0 23.0 23.0 24.0 25.0 28.0 29.0 29.0 29.0 29.0 28.0 29.0 29.0 28.0 29.0 26.0 26.0 26.0 27.0 29.0 26.0 25.0 25.0 30.0 30.0 30.0 28.0 28.0 28.0 28.0 30.0 -9999 -9999 -9999 -9999 -9999 -9999 -9999 -9999 37.0 36.0 30.0 30.0 30.0 29.0 28.0 27.0 27.0 29.0 27.0 26.0 -9999 -9999 -9999
21.0 22.0 23.0 23.0 23.0 23.0 23.0 23.0 23.0 23.0 23.0 22.0 23.0 23.0 24.0 24.0 24.0 24.0 24.0 24.0 24.0 24.0 24.0 24.0 25.0 24.0 23.0 23.0 23.0 24.0 25.0 28.0 29.0 29.0 29.0 29.0 28.0 29.0 29.0 28.0 29.0 26.0 26.0 26.0 27.0 29.0 26.0 25.0 25.0 30.0 30.0 30.0 28.0 28.0 28.0 28.0 30.0 -9999 -9999 -9999 -9999 -9999 -9999 -9999 -9999 37.0 36.0 30.0 30.0 30.0 29.0 28.0 27.0 27.0 29.0 27.0 26.0 -9999 -9999 -9999
23.0 25.0 24.0 24.0 24.0 23.0 23.0 23.0 23.0 21.0 22.0 23.0 24.0 24.0 24.0 24.0 24.0 25.0 25.0 25.0 25.0 25.0 26.0 26.0 25.0 25.0 26.0 26.0 26.0 24.0 24.0 27.0 30.0 30.0 29.0 31.0 30.0 29.0 29.0 26.0 26.0 27.0 29.0 29.0 31.0 32.0 31.0 31.0 31.0 32.0 30.0 -9999 -9999 -9999 -9999 -9999 -9999 -9999 -9999 -9999 -9999 -9999 31.0 31.0 31.0 37.0 37.0 34.0 34.0 32.0 33.0 32.0 33.0 33.0 33.0 31.0 30.0 34.0 34.0 -9999
27.0 27.0 26.0 26.0 25.0 24.0 23.0 23.0 23.0 22.0 23.0 24.0 24.0 24.0 23.0 23.0 25.0 26.0 26.0 26.0 26.0 26.0 26.0 26.0 26.0 26.0 27.0 26.0 26.0 26.0 27.0 29.0 29.0 29.0 29.0 31.0 28.0 26.0 26.0 28.0 30.0 30.0 28.0 28.0 29.0 29.0 28.0 32.0 32.0 32.0 32.0 -9999 -9999 -9999 -9999 -9999 -9999 -9999 -9999 -9999 -9999 -9999 32.0 32.0 38.0 40.0 41.0 39.0 39.0 38.0 39.0 40.0 39.0 39.0 37.0 35.0 33.0 36.0 36.0 37.0
30.0 29.0 27.0 27.0 25.0 23.0 23.0 23.0 23.0 22.0 22.0 21.0 23.0 23.0 25.0 24.0 24.0 25.0 25.0 25.0 25.0 26.0 26.0 26.0 26.0 26.0 27.0 25.0 25.0 27.0 30.0 35.0 35.0 35.0 36.0 27.0 27.0 27.0 27.0 28.0 30.0 30.0 27.0 27.0 28.0 28.0 28.0 29.0 29.0 32.0 -9999 -9999 -9999 -9999 -9999 -9999 34.0 34.0 34.0 -9999 -9999 -9999 42.0 42.0 43.0 43.0 45.0 43.0 43.0 42.0 43.0 45.0 43.0 43.0 40.0 37.0 35.0 34.0 34.0 40.0
33.0 30.0 27.0 27.0 25.0 22.0 23.0 23.0 23.0 22.0 22.0 22.0 23.0 23.0 26.0 25.0 24.0 24.0 24.0 25.0 26.0 27.0 28.0 28.0 27.0 25.0 25.0 26.0 26.0 29.0 32.0 39.0 40.0 40.0 37.0 27.0 28.0 28.0 28.0 28.0 29.0 29.0 29.0 29.0 29.0 29.0 28.0 29.0 29.0 33.0 -9999 -9999 -9999 -9999 -9999 35.0 35.0 -9999 -9999 35.0 35.0 -9999 -9999 -9999 -9999 -9999 -9999 -9999 -9999 -9999 34.0 35.0 44.0 44.0 36.0 37.0 38.0 37.0 37.0 40.0
33.0 30.0 27.0 27.0 25.0 22.0 23.0 23.0 23.0 22.0 22.0 22.0 23.0 23.0 26.0 25.0 24.0 24.0 24.0 25.0 26.0 27.0 28.0 28.0 27.0 25.0 25.0 26.0 26.0 29.0 32.0 39.0 40.0 40.0 37.0 27.0 28.0 28.0 28.0 28.0 29.0 29.0 29.0 29.0 29.0 29.0 28.0 29.0 29.0 33.0 -9999 -9999 -9999 -9999 -9999 35.0 35.0 -9999 -9999 35.0 35.0 -9999 -9999 -9999 -9999 -9999 -9999 -9999 -9999 -9999 34.0 35.0 44.0 44.0 36.0 37.0 38.0 37.0 37.0 40.0
29.0 28.0 26.0 26.0 24.0 23.0 22.0 22.0 22.0 22.0 22.0 24.0 25.0 25.0 25.0 25.0 24.0 25.0 25.0 25.0 25.0 26.0 29.0 29.0 27.0 26.0 24.0 28.0 28.0 30.0 31.0 35.0 34.0 34.0 31.0 30.0 27.0 27.0 27.0 27.0 26.0 30.0 31.0 31.0 31.0 31.0 30.0 32.0 32.0 31.0 30.0 36.0 36.0 36.0 -9999 -9999 -9999 36.0 36.0 43.0 36.0 -9999 -9999 -9999 -9999 -9999 -9999 -9999 -9999 -9999 35.0 36.0 36.0 36.0 -9999 38.0 39.0 42.0 42.0 41.0
24.0 24.0 24.0 24.0 23.0 23.0 23.0 22.0 22.0 22.0 24.0 24.0 25.0 25.0 24.0 23.0 23.0 24.0 24.0 26.0 26.0 25.0 27.0 27.0 27.0 30.0 29.0 30.0 30.0 30.0 31.0 32.0 32.0 32.0 30.0 30.0 29.0 28.0 28.0 28.0 28.0 29.0 32.0 32.0 33.0 31.0 30.0 32.0 32.0 32.0 30.0 28.0 31.0 31.0 30.0 37.0 37.0 38.0 38.0 42.0 42.0 36.0 -9999 -9999 -9999 -9999 -9999 -9999 -9999 -9999 -9999 -9999 -9999 -9999 -9999 -9999 -9999 40.0 40.0 -9999
22.0 22.0 22.0 22.0 22.0 22.0 22.0 23.0 23.0 23.0 27.0 28.0 28.0 28.0 28.0 24.0 22.0 22.0 22.0 23.0 26.0 27.0 28.0 28.0 29.0 30.0 27.0 29.0 29.0 29.0 30.0 35.0 33.0 33.0 27.0 29.0 29.0 30.0 30.0 29.0 28.0 30.0 31.0 31.0 32.0 32.0 33.0 38.0 38.0 37.0 33.0 31.0 31.0 31.0 31.0 33.0 37.0 41.0 41.0 36.0 39.0 37.0 -9999 -9999 -9999 -9999 -9999 -9999 -9999 -9999 -9999 -9999 -9999 -9999 -9999 -9999 -9999 -9999 -9999 -9999
20.0 20.0 22.0 22.0 22.0 22.0 22.0 23.0 23.0 23.0 23.0 29.0 27.0 27.0 30.0 26.0 22.0 23.0 23.0 22.0 21.0 24.0 25.0 25.0 26.0 26.0 27.0 28.0 28.0 34.0 31.0 30.0 31.0 31.0 32.0 31.0 32.0 31.0 31.0 29.0 30.0 31.0 32.0 32.0 35.0 35.0 36.0 39.0 39.0 33.0 31.0 33.0 35.0 35.0 40.0 40.0 41.0 38.0 38.0 38.0 -9999 -9999 -9999 -9999 -9999 -9999 -9999 -9999 -9999 -9999 -9999 -9999 -9999 -9999 -9999 -9999 -9999 -9999 -9999 -9999
20.0 20.0 22.0 22.0 22.0 22.0 22.0 23.0 23.0 23.0 23.0 29.0 27.0 27.0 30.0 26.0 22.0 23.0 23.0 22.0 21.0 24.0 25.0 25.0 26.0 26.0 27.0 28.0 28.0 34.0 31.0 30.0 31.0 31.0 32.0 31.0 32.0 31.0 31.0 29.0 30.0 31.0 32.0 32.0 35.0 35.0 36.0 39.0 39.0 33.0 31.0 33.0 35.0 35.0 40.0 40.0 41.0 38.0 38.0 38.0 -9999 -9999 -9999 -9999 -9999 -9999 -9999 -9999 -9999 -9999 -9999 -9999 -9999 -9999 -9999 -9999 -9999 -9999 -9999 -9999
