KEPLER/2.4/binaries/lib/outreach-2.3.0/workflows/data/garp/NA_ASC/pre6190_ann.asc
nrows  200
ncols  400
xllcorner  -179.99962860149
yllcorner  6.7208489478326
cellsize  0.4
NODATA_value  -9999
[rows 105 to 139 of 200, columns 160 to 239 of 400]
18.0 16.0 16.0 14.0 11.0 8.0 8.0 8.0 9.0 10.0 13.0 16.0 16.0 18.0 15.0 13.0 13.0 13.0 11.0 5.0 5.0 8.0 8.0 9.0 10.0 10.0 11.0 11.0 11.0 11.0 10.0 10.0 11.0 11.0 11.0 11.0 11.0 11.0 11.0 12.0 12.0 12.0 12.0 12.0 13.0 13.0 14.0 15.0 15.0 15.0 16.0 17.0 18.0 18.0 18.0 19.0 20.0 20.0 20.0 20.0 20.0 21.0 21.0 21.0 21.0 22.0 22.0 21.0 21.0 21.0 20.0 21.0 21.0 21.0 21.0 21.0 21.0 20.0 20.0 20.0
16.0 15.0 15.0 15.0 14.0 11.0 11.0 11.0 11.0 11.0 11.0 13.0 13.0 15.0 15.0 13.0 12.0 12.0 9.0 6.0 5.0 6.0 6.0 9.0 9.0 10.0 10.0 10.0 11.0 11.0 11.0 11.0 11.0 11.0 11.0 11.0 11.0 11.0 11.0 12.0 12.0 13.0 13.0 13.0 13.0 13.0 14.0 15.0 15.0 15.0 17.0 17.0 18.0 18.0 19.0 20.0 20.0 20.0 20.0 21.0 20.0 21.0 21.0 21.0 21.0 21.0 21.0 21.0 21.0 21.0 20.0 20.0 21.0 21.0 21.0 22.0 22.0 21.0 21.0 20.0
12.0 16.0 16.0 14.0 14.0 13.0 12.0 12.0 9.0 8.0 8.0 9.0 9.0 13.0 14.0 12.0 11.0 11.0 10.0 6.0 5.0 6.0 6.0 8.0 9.0 9.0 10.0 10.0 10.0 10.0 10.0 11.0 11.0 11.0 11.0 11.0 11.0 11.0 11.0 12.0 12.0 13.0 13.0 13.0 14.0 14.0 15.0 15.0 15.0 16.0 17.0 18.0 18.0 18.0 19.0 21.0 21.0 21.0 21.0 22.0 21.0 21.0 21.0 21.0 21.0 21.0 21.0 21.0 21.0 21.0 20.0 21.0 21.0 21.0 21.0 23.0 23.0 22.0 22.0 20.0
8.0 11.0 11.0 12.0 11.0 9.0 9.0 9.0 8.0 7.0 8.0 11.0 11.0 12.0 12.0 11.0 12.0 12.0 7.0 6.0 5.0 6.0 6.0 8.0 8.0 9.0 9.0 9.0 10.0 10.0 10.0 10.0 11.0 11.0 10.0 11.0 11.0 12.0 12.0 12.0 13.0 14.0 15.0 15.0 15.0 15.0 15.0 15.0 15.0 16.0 17.0 19.0 19.0 19.0 19.0 20.0 21.0 22.0 22.0 22.0 22.0 22.0 21.0 21.0 21.0 22.0 22.0 22.0 22.0 22.0 21.0 21.0 21.0 21.0 21.0 22.0 23.0 23.0 23.0 21.0
8.0 11.0 11.0 12.0 11.0 9.0 9.0 9.0 8.0 7.0 8.0 11.0 11.0 12.0 12.0 11.0 12.0 12.0 7.0 6.0 5.0 6.0 6.0 8.0 8.0 9.0 9.0 9.0 10.0 10.0 10.0 10.0 11.0 11.0 10.0 11.0 11.0 12.0 12.0 12.0 13.0 14.0 15.0 15.0 15.0 15.0 15.0 15.0 15.0 16.0 17.0 19.0 19.0 19.0 19.0 20.0 21.0 22.0 22.0 22.0 22.0 22.0 21.0 21.0 21.0 22.0 22.0 22.0 22.0 22.0 21.0 21.0 21.0 21.0 21.0 22.0 23.0 23.0 23.0 21.0
9.0 8.0 8.0 7.0 6.0 7.0 7.0 7.0 7.0 8.0 10.0 11.0 11.0 12.0 12.0 9.0 8.0 8.0 11.0 9.0 7.0 7.0 7.0 7.0 7.0 9.0 9.0 9.0 9.0 10.0 10.0 11.0 11.0 11.0 11.0 12.0 11.0 12.0 12.0 12.0 14.0 14.0 15.0 15.0 16.0 15.0 16.0 16.0 16.0 17.0 18.0 19.0 21.0 21.0 20.0 21.0 22.0 22.0 22.0 23.0 23.0 23.0 23.0 23.0 23.0 23.0 23.0 22.0 22.0 23.0 23.0 23.0 21.0 21.0 21.0 24.0 25.0 23.0 23.0 21.0
10.0 9.0 9.0 8.0 8.0 8.0 8.0 8.0 8.0 10.0 12.0 12.0 12.0 9.0 10.0 8.0 7.0 7.0 8.0 9.0 8.0 8.0 8.0 7.0 7.0 8.0 9.0 9.0 9.0 8.0 9.0 10.0 11.0 11.0 12.0 12.0 12.0 12.0 12.0 13.0 15.0 15.0 16.0 16.0 16.0 17.0 16.0 17.0 17.0 18.0 18.0 20.0 21.0 21.0 21.0 22.0 22.0 23.0 23.0 23.0 24.0 24.0 24.0 24.0 24.0 24.0 24.0 24.0 24.0 24.0 24.0 24.0 22.0 22.0 22.0 25.0 26.0 24.0 24.0 23.0
9.0 11.0 11.0 11.0 8.0 9.0 8.0 8.0 8.0 9.0 12.0 13.0 13.0 9.0 7.0 6.0 6.0 6.0 6.0 7.0 8.0 8.0 8.0 8.0 8.0 8.0 8.0 8.0 9.0 10.0 10.0 10.0 10.0 10.0 11.0 11.0 12.0 13.0 13.0 13.0 15.0 16.0 16.0 16.0 16.0 17.0 18.0 18.0 18.0 19.0 19.0 21.0 22.0 22.0 22.0 23.0 23.0 23.0 23.0 24.0 24.0 24.0 24.0 24.0 24.0 24.0 25.0 24.0 24.0 25.0 25.0 25.0 23.0 23.0 26.0 26.0 25.0 24.0 24.0 25.0
9.0 9.0 9.0 8.0 8.0 7.0 5.0 5.0 7.0 9.0 12.0 14.0 14.0 11.0 9.0 8.0 6.0 6.0 6.0 8.0 8.0 9.0 9.0 10.0 10.0 10.0 8.0 8.0 9.0 10.0 11.0 11.0 11.0 11.0 12.0 12.0 12.0 12.0 12.0 13.0 14.0 15.0 16.0 16.0 17.0 17.0 19.0 19.0 19.0 19.0 20.0 21.0 22.0 22.0 23.0 23.0 23.0 24.0 24.0 24.0 24.0 23.0 24.0 24.0 24.0 25.0 25.0 25.0 25.0 25.0 25.0 25.0 25.0 25.0 25.0 26.0 25.0 24.0 24.0 24.0
9.0 9.0 9.0 8.0 8.0 7.0 5.0 5.0 7.0 9.0 12.0 14.0 14.0 11.0 9.0 8.0 6.0 6.0 6.0 8.0 8.0 9.0 9.0 10.0 10.0 10.0 8.0 8.0 9.0 10.0 11.0 11.0 11.0 11.0 12.0 12.0 12.0 12.0 12.0 13.0 14.0 15.0 16.0 16.0 17.0 17.0 19.0 19.0 19.0 19.0 20.0 21.0 22.0 22.0 23.0 23.0 23.0 24.0 24.0 24.0 24.0 23.0 24.0 24.0 24.0 25.0 25.0 25.0 25.0 25.0 25.0 25.0 25.0 25.0 25.0 26.0 25.0 24.0 24.0 24.0
7.0 8.0 8.0 11.0 8.0 6.0 5.0 5.0 7.0 11.0 12.0 17.0 17.0 17.0 19.0 16.0 11.0 11.0 7.0 8.0 8.0 10.0 10.0 13.0 13.0 11.0 11.0 11.0 10.0 10.0 10.0 10.0 11.0 11.0 11.0 11.0 12.0 13.0 13.0 13.0 15.0 16.0 17.0 17.0 17.0 18.0 19.0 19.0 19.0 20.0 21.0 21.0 23.0 23.0 24.0 24.0 24.0 24.0 24.0 25.0 24.0 25.0 25.0 25.0 25.0 25.0 25.0 25.0 25.0 25.0 25.0 25.0 25.0 25.0 25.0 25.0 25.0 25.0 25.0 24.0
8.0 9.0 9.0 9.0 8.0 7.0 5.0 5.0 6.0 11.0 13.0 13.0 13.0 19.0 13.0 7.0 4.0 4.0 5.0 7.0 9.0 12.0 12.0 15.0 14.0 12.0 11.0 11.0 11.0 10.0 9.0 9.0 10.0 10.0 11.0 11.0 12.0 13.0 13.0 14.0 15.0 16.0 17.0 17.0 17.0 18.0 19.0 20.0 20.0 21.0 22.0 21.0 23.0 23.0 24.0 24.0 24.0 24.0 24.0 25.0 25.0 25.0 26.0 26.0 26.0 26.0 25.0 25.0 25.0 26.0 26.0 26.0 27.0 27.0 27.0 26.0 26.0 26.0 26.0 25.0
8.0 8.0 8.0 7.0 9.0 8.0 7.0 7.0 7.0 8.0 12.0 14.0 14.0 15.0 11.0 9.0 6.0 6.0 6.0 10.0 10.0 13.0 13.0 16.0 14.0 12.0 11.0 11.0 11.0 11.0 10.0 9.0 10.0 10.0 10.0 11.0 12.0 13.0 13.0 14.0 15.0 15.0 16.0 16.0 17.0 18.0 19.0 21.0 21.0 22.0 23.0 23.0 24.0 24.0 25.0 25.0 25.0 26.0 26.0 25.0 26.0 26.0 26.0 26.0 26.0 26.0 25.0 26.0 26.0 26.0 27.0 28.0 29.0 29.0 28.0 27.0 28.0 28.0 28.0 26.0
9.0 7.0 7.0 8.0 9.0 9.0 7.0 7.0 8.0 7.0 10.0 10.0 10.0 11.0 6.0 6.0 8.0 8.0 7.0 7.0 10.0 13.0 13.0 16.0 15.0 13.0 11.0 11.0 11.0 11.0 10.0 9.0 9.0 9.0 10.0 10.0 12.0 13.0 13.0 14.0 14.0 15.0 15.0 15.0 16.0 18.0 19.0 21.0 21.0 23.0 24.0 24.0 26.0 26.0 27.0 26.0 26.0 26.0 26.0 26.0 27.0 27.0 26.0 26.0 25.0 25.0 26.0 27.0 27.0 27.0 27.0 28.0 28.0 28.0 29.0 28.0 28.0 28.0 28.0 27.0
9.0 7.0 7.0 8.0 9.0 9.0 7.0 7.0 8.0 7.0 10.0 10.0 10.0 11.0 6.0 6.0 8.0 8.0 7.0 7.0 10.0 13.0 13.0 16.0 15.0 13.0 11.0 11.0 11.0 11.0 10.0 9.0 9.0 9.0 10.0 10.0 12.0 13.0 13.0 14.0 14.0 15.0 15.0 15.0 16.0 18.0 19.0 21.0 21.0 23.0 24.0 24.0 26.0 26.0 27.0 26.0 26.0 26.0 26.0 26.0 27.0 27.0 26.0 26.0 25.0 25.0 26.0 27.0 27.0 27.0 27.0 28.0 28.0 28.0 29.0 28.0 28.0 28.0 28.0 27.0
9.0 7.0 7.0 8.0 8.0 8.0 8.0 8.0 7.0 9.0 10.0 10.0 10.0 6.0 5.0 4.0 6.0 6.0 7.0 11.0 8.0 8.0 8.0 16.0 15.0 13.0 10.0 10.0 10.0 10.0 8.0 9.0 9.0 9.0 10.0 10.0 11.0 12.0 12.0 14.0 14.0 14.0 15.0 15.0 16.0 18.0 20.0 21.0 21.0 23.0 24.0 25.0 26.0 26.0 27.0 27.0 27.0 27.0 27.0 26.0 26.0 26.0 26.0 26.0 26.0 26.0 26.0 27.0 27.0 28.0 28.0 29.0 30.0 30.0 31.0 30.0 30.0 30.0 30.0 29.0
8.0 8.0 8.0 8.0 8.0 8.0 9.0 9.0 8.0 9.0 9.0 9.0 9.0 7.0 5.0 5.0 6.0 6.0 9.0 9.0 11.0 13.0 13.0 14.0 12.0 10.0 8.0 8.0 9.0 8.0 8.0 8.0 8.0 8.0 9.0 10.0 11.0 12.0 12.0 13.0 13.0 14.0 15.0 15.0 17.0 18.0 20.0 21.0 21.0 23.0 25.0 26.0 27.0 27.0 27.0 28.0 28.0 27.0 27.0 26.0 26.0 26.0 26.0 26.0 26.0 27.0 28.0 28.0 28.0 29.0 29.0 30.0 31.0 31.0 32.0 31.0 31.0 31.0 31.0 30.0
8.0 7.0 7.0 7.0 8.0 7.0 8.0 8.0 9.0 9.0 8.0 8.0 8.0 6.0 5.0 6.0 10.0 10.0 8.0 10.0 18.0 18.0 18.0 16.0 13.0 7.0 5.0 5.0 11.0 8.0 8.0 8.0 8.0 8.0 10.0 10.0 11.0 11.0 11.0 13.0 14.0 15.0 16.0 16.0 17.0 18.0 19.0 21.0 21.0 24.0 25.0 27.0 28.0 28.0 28.0 29.0 29.0 28.0 28.0 27.0 27.0 27.0 27.0 27.0 28.0 29.0 30.0 31.0 31.0 31.0 31.0 31.0 31.0 31.0 32.0 33.0 33.0 33.0 33.0 31.0
7.0 6.0 6.0 7.0 7.0 7.0 8.0 8.0 9.0 11.0 10.0 7.0 7.0 6.0 5.0 5.0 6.0 6.0 6.0 8.0 12.0 13.0 13.0 12.0 14.0 10.0 5.0 5.0 10.0 10.0 10.0 9.0 10.0 10.0 10.0 11.0 11.0 12.0 12.0 13.0 14.0 15.0 17.0 17.0 19.0 19.0 20.0 22.0 22.0 24.0 26.0 28.0 28.0 28.0 28.0 30.0 30.0 29.0 29.0 29.0 29.0 29.0 29.0 29.0 30.0 31.0 32.0 32.0 32.0 32.0 33.0 33.0 33.0 33.0 33.0 34.0 35.0 35.0 35.0 34.0
7.0 6.0 6.0 7.0 7.0 7.0 8.0 8.0 9.0 11.0 10.0 7.0 7.0 6.0 5.0 5.0 6.0 6.0 6.0 8.0 12.0 13.0 13.0 12.0 14.0 10.0 5.0 5.0 10.0 10.0 10.0 9.0 10.0 10.0 10.0 11.0 11.0 12.0 12.0 13.0 14.0 15.0 17.0 17.0 19.0 19.0 20.0 22.0 22.0 24.0 26.0 28.0 28.0 28.0 28.0 30.0 30.0 29.0 29.0 29.0 29.0 29.0 29.0 29.0 30.0 31.0 32.0 32.0 32.0 32.0 33.0 33.0 33.0 33.0 33.0 34.0 35.0 35.0 35.0 34.0
4.0 5.0 5.0 7.0 4.0 5.0 7.0 7.0 9.0 10.0 10.0 7.0 7.0 7.0 7.0 8.0 6.0 6.0 9.0 6.0 6.0 6.0 6.0 9.0 13.0 12.0 8.0 8.0 14.0 11.0 11.0 11.0 10.0 10.0 11.0 11.0 11.0 12.0 12.0 14.0 15.0 17.0 17.0 17.0 19.0 21.0 22.0 23.0 23.0 25.0 26.0 26.0 28.0 28.0 29.0 30.0 30.0 30.0 30.0 30.0 30.0 30.0 31.0 31.0 32.0 32.0 33.0 33.0 33.0 34.0 35.0 35.0 34.0 34.0 34.0 35.0 36.0 36.0 36.0 36.0
4.0 8.0 8.0 4.0 4.0 4.0 7.0 7.0 9.0 8.0 9.0 8.0 8.0 7.0 7.0 8.0 7.0 7.0 8.0 6.0 6.0 6.0 6.0 10.0 14.0 11.0 10.0 10.0 14.0 11.0 10.0 10.0 10.0 10.0 11.0 12.0 12.0 12.0 12.0 14.0 15.0 16.0 16.0 16.0 18.0 19.0 21.0 24.0 24.0 25.0 26.0 27.0 29.0 29.0 30.0 30.0 30.0 30.0 30.0 31.0 31.0 31.0 32.0 32.0 33.0 33.0 33.0 34.0 34.0 35.0 36.0 36.0 35.0 35.0 34.0 35.0 36.0 37.0 37.0 37.0
3.0 5.0 5.0 5.0 4.0 5.0 7.0 7.0 6.0 9.0 10.0 10.0 10.0 7.0 6.0 6.0 6.0 6.0 7.0 6.0 7.0 9.0 9.0 11.0 14.0 11.0 12.0 12.0 12.0 11.0 10.0 10.0 10.0 10.0 11.0 12.0 13.0 13.0 13.0 15.0 16.0 17.0 17.0 17.0 18.0 18.0 22.0 24.0 24.0 25.0 27.0 27.0 29.0 29.0 30.0 30.0 31.0 31.0 31.0 32.0 32.0 33.0 33.0 33.0 32.0 33.0 34.0 35.0 35.0 36.0 37.0 38.0 37.0 37.0 36.0 37.0 37.0 39.0 39.0 38.0
4.0 4.0 4.0 5.0 4.0 5.0 7.0 7.0 7.0 9.0 14.0 15.0 15.0 9.0 5.0 5.0 6.0 6.0 6.0 7.0 9.0 10.0 10.0 10.0 10.0 11.0 11.0 11.0 10.0 10.0 10.0 10.0 11.0 11.0 12.0 12.0 13.0 14.0 14.0 15.0 16.0 18.0 18.0 18.0 18.0 19.0 21.0 23.0 23.0 25.0 28.0 28.0 29.0 29.0 30.0 30.0 31.0 32.0 32.0 32.0 33.0 33.0 34.0 34.0 34.0 34.0 36.0 36.0 36.0 37.0 38.0 39.0 38.0 38.0 38.0 38.0 39.0 38.0 38.0 38.0
4.0 4.0 4.0 5.0 4.0 5.0 7.0 7.0 7.0 9.0 14.0 15.0 15.0 9.0 5.0 5.0 6.0 6.0 6.0 7.0 9.0 10.0 10.0 10.0 10.0 11.0 11.0 11.0 10.0 10.0 10.0 10.0 11.0 11.0 12.0 12.0 13.0 14.0 14.0 15.0 16.0 18.0 18.0 18.0 18.0 19.0 21.0 23.0 23.0 25.0 28.0 28.0 29.0 29.0 30.0 30.0 31.0 32.0 32.0 32.0 33.0 33.0 34.0 34.0 34.0 34.0 36.0 36.0 36.0 37.0 38.0 39.0 38.0 38.0 38.0 38.0 39.0 38.0 38.0 38.0
7.0 5.0 5.0 4.0 4.0 4.0 7.0 7.0 9.0 10.0 11.0 12.0 12.0 11.0 8.0 6.0 6.0 6.0 6.0 7.0 9.0 9.0 9.0 8.0 9.0 10.0 10.0 10.0 9.0 9.0 10.0 11.0 12.0 12.0 12.0 12.0 13.0 14.0 14.0 15.0 16.0 17.0 17.0 17.0 18.0 19.0 21.0 24.0 24.0 26.0 28.0 30.0 31.0 31.0 33.0 35.0 34.0 34.0 34.0 34.0 34.0 34.0 35.0 35.0 35.0 36.0 37.0 38.0 38.0 38.0 38.0 38.0 38.0 38.0 39.0 40.0 40.0 39.0 39.0 39.0
8.0 6.0 6.0 3.0 4.0 4.0 5.0 5.0 7.0 10.0 13.0 14.0 14.0 14.0 12.0 10.0 9.0 9.0 8.0 8.0 10.0 10.0 10.0 8.0 9.0 9.0 10.0 10.0 9.0 9.0 10.0 11.0 11.0 11.0 11.0 12.0 13.0 14.0 14.0 14.0 16.0 16.0 17.0 17.0 18.0 18.0 19.0 24.0 24.0 26.0 28.0 30.0 32.0 32.0 34.0 36.0 36.0 36.0 36.0 35.0 36.0 35.0 35.0 35.0 36.0 38.0 39.0 38.0 38.0 38.0 38.0 38.0 39.0 39.0 40.0 40.0 40.0 38.0 38.0 38.0
5.0 4.0 4.0 3.0 3.0 3.0 5.0 5.0 7.0 7.0 7.0 10.0 10.0 13.0 13.0 12.0 11.0 11.0 11.0 10.0 9.0 9.0 9.0 8.0 7.0 7.0 10.0 10.0 10.0 8.0 9.0 10.0 11.0 11.0 11.0 12.0 13.0 13.0 13.0 14.0 15.0 16.0 18.0 18.0 19.0 21.0 21.0 25.0 25.0 27.0 29.0 30.0 31.0 31.0 33.0 34.0 35.0 36.0 36.0 36.0 36.0 36.0 36.0 36.0 37.0 38.0 39.0 38.0 38.0 38.0 38.0 37.0 38.0 38.0 38.0 39.0 39.0 38.0 38.0 37.0
5.0 2.0 2.0 2.0 3.0 4.0 4.0 4.0 4.0 7.0 7.0 7.0 7.0 11.0 13.0 11.0 11.0 11.0 11.0 11.0 11.0 10.0 10.0 7.0 8.0 7.0 13.0 13.0 11.0 8.0 9.0 10.0 11.0 11.0 11.0 12.0 12.0 13.0 13.0 14.0 16.0 17.0 19.0 19.0 20.0 21.0 22.0 24.0 24.0 26.0 28.0 29.0 31.0 31.0 32.0 33.0 34.0 35.0 35.0 36.0 36.0 37.0 37.0 37.0 37.0 39.0 38.0 39.0 39.0 38.0 37.0 37.0 37.0 37.0 38.0 39.0 39.0 37.0 37.0 35.0
5.0 2.0 2.0 2.0 3.0 4.0 4.0 4.0 4.0 7.0 7.0 7.0 7.0 11.0 13.0 11.0 11.0 11.0 11.0 11.0 11.0 10.0 10.0 7.0 8.0 7.0 13.0 13.0 11.0 8.0 9.0 10.0 11.0 11.0 11.0 12.0 12.0 13.0 13.0 14.0 16.0 17.0 19.0 19.0 20.0 21.0 22.0 24.0 24.0 26.0 28.0 29.0 31.0 31.0 32.0 33.0 34.0 35.0 35.0 36.0 36.0 37.0 37.0 37.0 37.0 39.0 38.0 39.0 39.0 38.0 37.0 37.0 37.0 37.0 38.0 39.0 39.0 37.0 37.0 35.0
7.0 2.0 2.0 1.0 2.0 3.0 3.0 3.0 4.0 4.0 6.0 6.0 6.0 8.0 12.0 12.0 8.0 8.0 8.0 9.0 9.0 9.0 9.0 6.0 8.0 7.0 13.0 13.0 11.0 9.0 8.0 10.0 10.0 10.0 11.0 11.0 12.0 12.0 12.0 14.0 15.0 17.0 19.0 19.0 20.0 21.0 22.0 23.0 23.0 25.0 27.0 29.0 30.0 30.0 31.0 32.0 32.0 34.0 34.0 35.0 36.0 38.0 37.0 37.0 38.0 39.0 39.0 39.0 39.0 38.0 37.0 38.0 38.0 38.0 38.0 38.0 38.0 36.0 36.0 35.0
9.0 4.0 4.0 2.0 1.0 2.0 3.0 3.0 4.0 5.0 6.0 7.0 7.0 8.0 10.0 10.0 8.0 8.0 8.0 8.0 7.0 7.0 7.0 6.0 7.0 7.0 8.0 8.0 8.0 10.0 9.0 9.0 10.0 10.0 10.0 10.0 11.0 12.0 12.0 14.0 15.0 16.0 19.0 19.0 20.0 22.0 22.0 23.0 23.0 24.0 26.0 28.0 29.0 29.0 31.0 32.0 33.0 34.0 34.0 36.0 38.0 39.0 38.0 38.0 38.0 38.0 40.0 40.0 40.0 39.0 38.0 39.0 38.0 38.0 38.0 37.0 37.0 36.0 36.0 35.0
8.0 7.0 7.0 5.0 3.0 2.0 3.0 3.0 4.0 6.0 7.0 10.0 10.0 11.0 11.0 9.0 9.0 9.0 10.0 8.0 7.0 6.0 6.0 5.0 6.0 6.0 8.0 8.0 8.0 9.0 9.0 9.0 9.0 9.0 10.0 10.0 11.0 12.0 12.0 13.0 15.0 16.0 18.0 18.0 20.0 21.0 21.0 22.0 22.0 25.0 28.0 28.0 29.0 29.0 32.0 33.0 34.0 36.0 36.0 38.0 39.0 40.0 40.0 40.0 39.0 41.0 41.0 39.0 39.0 39.0 40.0 41.0 40.0 40.0 40.0 39.0 38.0 37.0 37.0 36.0
7.0 8.0 8.0 5.0 2.0 -9999 2.0 2.0 3.0 5.0 7.0 9.0 9.0 12.0 12.0 12.0 10.0 10.0 9.0 9.0 6.0 5.0 5.0 5.0 5.0 5.0 6.0 6.0 8.0 8.0 9.0 9.0 9.0 9.0 9.0 10.0 11.0 12.0 12.0 13.0 15.0 16.0 18.0 18.0 19.0 20.0 21.0 23.0 23.0 25.0 28.0 29.0 31.0 31.0 33.0 35.0 36.0 37.0 37.0 39.0 41.0 42.0 43.0 43.0 42.0 43.0 42.0 41.0 41.0 42.0 43.0 43.0 43.0 43.0 43.0 41.0 40.0 38.0 38.0 37.0
7.0 8.0 8.0 5.0 2.0 -9999 2.0 2.0 3.0 5.0 7.0 9.0 9.0 12.0 12.0 12.0 10.0 10.0 9.0 9.0 6.0 5.0 5.0 5.0 5.0 5.0 6.0 6.0 8.0 8.0 9.0 9.0 9.0 9.0 9.0 10.0 11.0 12.0 12.0 13.0 15.0 16.0 18.0 18.0 19.0 20.0 21.0 23.0 23.0 25.0 28.0 29.0 31.0 31.0 33.0 35.0 36.0 37.0 37.0 39.0 41.0 42.0 43.0 43.0 42.0 43.0 42.0 41.0 41.0 42.0 43.0 43.0 43.0 43.0 43.0 41.0 40.0 38.0 38.0 37.0
