KEPLER/2.4/binaries/lib/outreach-2.3.0/workflows/data/garp/NA_ASC/rad6190_ann.asc
nrows  200
ncols  400
xllcorner  -179.99962860149
yllcorner  6.7208489478326
cellsize  0.4
NODATA_value  -9999
[rows 34 to 67 of 200, columns 77 to 153 of 400]
-9999 -9999 -9999 -9999 -9999 -9999 -9999 -9999 -9999 -9999 -9999 -9999 -9999 -9999 -9999 -9999 -9999 -9999 -9999 -9999 -9999 -9999 -9999 -9999 -9999 -9999 -9999 -9999 -9999 -9999 -9999 -9999 -9999 -9999 -9999 -9999 -9999 -9999 -9999 -9999 -9999 -9999 -9999 -9999 -9999 -9999 -9999 -9999 -9999 -9999 -9999 -9999 -9999 -9999 -9999 -9999 -9999 -9999 -9999 -9999 -9999 -9999 -9999 76.0 76.0 76.0 76.0 76.0 75.0 75.0 75.0 75.0 75.0 75.0 76.0 76.0 76.0
-9999 -9999 -9999 -9999 -9999 -9999 -9999 -9999 -9999 -9999 -9999 -9999 -9999 -9999 -9999 -9999 -9999 -9999 -9999 -9999 -9999 -9999 -9999 -9999 -9999 -9999 -9999 -9999 -9999 -9999 -9999 -9999 -9999 -9999 -9999 -9999 -9999 -9999 -9999 -9999 -9999 -9999 -9999 -9999 -9999 -9999 -9999 -9999 -9999 -9999 -9999 -9999 -9999 -9999 -9999 -9999 -9999 -9999 -9999 -9999 -9999 -9999 77.0 77.0 76.0 76.0 76.0 76.0 75.0 75.0 75.0 75.0 75.0 75.0 76.0 76.0 76.0
-9999 -9999 -9999 -9999 -9999 -9999 -9999 -9999 -9999 -9999 -9999 -9999 -9999 -9999 -9999 -9999 -9999 -9999 -9999 -9999 -9999 -9999 -9999 -9999 -9999 -9999 -9999 -9999 -9999 -9999 -9999 -9999 -9999 -9999 -9999 -9999 -9999 -9999 -9999 -9999 -9999 -9999 -9999 -9999 -9999 -9999 -9999 -9999 -9999 -9999 -9999 -9999 -9999 -9999 -9999 -9999 -9999 -9999 -9999 -9999 78.0 78.0 77.0 77.0 77.0 76.0 76.0 76.0 76.0 76.0 76.0 76.0 76.0 76.0 -9999 -9999 -9999
-9999 -9999 -9999 -9999 -9999 -9999 -9999 -9999 -9999 -9999 -9999 -9999 -9999 -9999 -9999 -9999 -9999 -9999 -9999 -9999 -9999 -9999 -9999 -9999 -9999 -9999 -9999 -9999 -9999 -9999 -9999 -9999 -9999 -9999 -9999 -9999 -9999 -9999 -9999 -9999 -9999 -9999 -9999 -9999 -9999 -9999 -9999 -9999 -9999 -9999 -9999 -9999 -9999 -9999 -9999 -9999 -9999 -9999 -9999 -9999 -9999 -9999 -9999 78.0 77.0 76.0 76.0 76.0 76.0 77.0 77.0 77.0 77.0 -9999 -9999 -9999 -9999
-9999 -9999 -9999 -9999 -9999 -9999 -9999 -9999 -9999 -9999 -9999 -9999 -9999 -9999 -9999 -9999 -9999 -9999 -9999 -9999 -9999 -9999 -9999 -9999 -9999 -9999 -9999 -9999 -9999 -9999 -9999 -9999 -9999 -9999 -9999 -9999 -9999 -9999 -9999 -9999 -9999 -9999 -9999 -9999 -9999 -9999 -9999 -9999 -9999 -9999 -9999 -9999 -9999 -9999 -9999 -9999 -9999 -9999 -9999 -9999 -9999 -9999 -9999 -9999 -9999 78.0 78.0 78.0 78.0 -9999 -9999 -9999 -9999 -9999 -9999 -9999 -9999
-9999 -9999 -9999 -9999 -9999 -9999 -9999 -9999 -9999 -9999 -9999 -9999 -9999 -9999 -9999 -9999 -9999 -9999 -9999 -9999 -9999 -9999 -9999 -9999 -9999 -9999 -9999 -9999 -9999 -9999 -9999 -9999 -9999 -9999 -9999 -9999 -9999 -9999 -9999 -9999 -9999 -9999 -9999 -9999 -9999 -9999 -9999 -9999 -9999 -9999 -9999 -9999 -9999 -9999 -9999 -9999 -9999 -9999 -9999 -9999 -9999 -9999 -9999 -9999 -9999 78.0 78.0 78.0 78.0 -9999 -9999 -9999 -9999 -9999 -9999 -9999 -9999
-9999 -9999 -9999 -9999 -9999 -9999 -9999 -9999 -9999 -9999 -9999 -9999 -9999 -9999 -9999 -9999 -9999 -9999 -9999 -9999 -9999 -9999 -9999 -9999 -9999 -9999 -9999 -9999 -9999 -9999 -9999 -9999 -9999 -9999 -9999 -9999 -9999 -9999 -9999 -9999 -9999 -9999 -9999 -9999 -9999 -9999 -9999 -9999 -9999 -9999 -9999 -9999 -9999 -9999 -9999 -9999 -9999 -9999 -9999 -9999 -9999 -9999 -9999 -9999 -9999 -9999 -9999 -9999 -9999 -9999 -9999 -9999 -9999 -9999 -9999 -9999 -9999
72.0 72.0 72.0 72.0 73.0 -9999 -9999 -9999 74.0 -9999 -9999 -9999 -9999 -9999 -9999 -9999 -9999 -9999 -9999 -9999 -9999 -9999 -9999 -9999 -9999 -9999 -9999 -9999 -9999 -9999 -9999 -9999 -9999 -9999 -9999 -9999 -9999 -9999 -9999 -9999 -9999 -9999 -9999 -9999 -9999 -9999 -9999 -9999 -9999 -9999 -9999 -9999 -9999 -9999 80.0 80.0 80.0 -9999 -9999 -9999 -9999 -9999 -9999 -9999 -9999 -9999 -9999 -9999 -9999 -9999 -9999 -9999 -9999 -9999 -9999 -9999 -9999
72.0 72.0 72.0 72.0 73.0 73.0 73.0 73.0 73.0 73.0 73.0 73.0 74.0 75.0 76.0 76.0 76.0 76.0 77.0 77.0 -9999 -9999 -9999 -9999 -9999 -9999 -9999 -9999 -9999 -9999 -9999 -9999 -9999 -9999 -9999 -9999 -9999 -9999 -9999 -9999 -9999 -9999 -9999 -9999 81.0 81.0 81.0 81.0 81.0 79.0 80.0 79.0 79.0 78.0 78.0 78.0 78.0 80.0 -9999 -9999 -9999 -9999 80.0 -9999 -9999 -9999 -9999 80.0 80.0 80.0 80.0 80.0 -9999 -9999 -9999 -9999 -9999
71.0 71.0 72.0 72.0 71.0 70.0 70.0 70.0 70.0 70.0 67.0 67.0 70.0 70.0 68.0 71.0 71.0 72.0 72.0 73.0 74.0 74.0 75.0 76.0 77.0 78.0 78.0 80.0 -9999 -9999 -9999 -9999 -9999 -9999 81.0 81.0 81.0 81.0 81.0 81.0 81.0 81.0 81.0 81.0 82.0 82.0 82.0 82.0 82.0 78.0 79.0 78.0 78.0 78.0 78.0 78.0 78.0 81.0 81.0 81.0 81.0 81.0 81.0 81.0 81.0 80.0 80.0 80.0 80.0 79.0 79.0 79.0 79.0 80.0 80.0 81.0 81.0
71.0 71.0 72.0 72.0 71.0 70.0 70.0 70.0 70.0 70.0 67.0 67.0 70.0 70.0 68.0 71.0 71.0 72.0 72.0 73.0 74.0 74.0 75.0 76.0 77.0 78.0 78.0 80.0 -9999 -9999 -9999 -9999 -9999 -9999 81.0 81.0 81.0 81.0 81.0 81.0 81.0 81.0 81.0 81.0 82.0 82.0 82.0 82.0 82.0 78.0 79.0 78.0 78.0 78.0 78.0 78.0 78.0 81.0 81.0 81.0 81.0 81.0 81.0 81.0 81.0 80.0 80.0 80.0 80.0 79.0 79.0 79.0 79.0 80.0 80.0 81.0 81.0
69.0 69.0 70.0 69.0 67.0 66.0 66.0 67.0 68.0 66.0 69.0 69.0 71.0 70.0 71.0 72.0 72.0 73.0 74.0 74.0 75.0 75.0 76.0 76.0 78.0 77.0 77.0 79.0 79.0 80.0 80.0 80.0 81.0 81.0 81.0 81.0 81.0 81.0 81.0 81.0 82.0 82.0 82.0 81.0 81.0 81.0 81.0 81.0 81.0 81.0 81.0 81.0 81.0 81.0 81.0 81.0 81.0 81.0 81.0 81.0 81.0 81.0 81.0 81.0 81.0 81.0 81.0 81.0 81.0 81.0 81.0 81.0 81.0 81.0 81.0 80.0 80.0
63.0 63.0 66.0 65.0 67.0 68.0 68.0 68.0 69.0 70.0 71.0 71.0 71.0 72.0 73.0 74.0 74.0 75.0 76.0 77.0 77.0 77.0 77.0 78.0 79.0 79.0 79.0 79.0 79.0 79.0 79.0 79.0 79.0 79.0 80.0 82.0 82.0 82.0 82.0 82.0 82.0 82.0 82.0 82.0 82.0 82.0 82.0 82.0 82.0 82.0 82.0 82.0 82.0 82.0 81.0 81.0 81.0 81.0 81.0 81.0 81.0 81.0 81.0 81.0 81.0 81.0 81.0 81.0 81.0 81.0 81.0 81.0 81.0 81.0 81.0 81.0 81.0
67.0 67.0 67.0 68.0 70.0 70.0 70.0 71.0 73.0 73.0 74.0 74.0 74.0 75.0 75.0 76.0 76.0 77.0 77.0 77.0 77.0 77.0 78.0 79.0 80.0 80.0 80.0 80.0 80.0 80.0 79.0 79.0 78.0 78.0 80.0 82.0 82.0 82.0 83.0 83.0 83.0 83.0 82.0 82.0 82.0 82.0 82.0 82.0 82.0 82.0 82.0 82.0 82.0 82.0 82.0 82.0 82.0 82.0 82.0 82.0 82.0 82.0 82.0 82.0 82.0 82.0 82.0 82.0 82.0 82.0 82.0 82.0 82.0 82.0 81.0 82.0 82.0
69.0 69.0 70.0 70.0 72.0 72.0 72.0 74.0 75.0 76.0 76.0 76.0 77.0 78.0 78.0 78.0 78.0 78.0 79.0 79.0 79.0 79.0 79.0 80.0 80.0 80.0 80.0 80.0 81.0 81.0 81.0 81.0 81.0 79.0 81.0 82.0 82.0 83.0 83.0 83.0 83.0 83.0 83.0 83.0 83.0 83.0 83.0 83.0 83.0 83.0 83.0 83.0 83.0 83.0 83.0 83.0 83.0 83.0 83.0 83.0 83.0 83.0 83.0 83.0 83.0 83.0 83.0 83.0 83.0 83.0 83.0 83.0 83.0 83.0 83.0 83.0 83.0
69.0 69.0 70.0 70.0 72.0 72.0 72.0 74.0 75.0 76.0 76.0 76.0 77.0 78.0 78.0 78.0 78.0 78.0 79.0 79.0 79.0 79.0 79.0 80.0 80.0 80.0 80.0 80.0 81.0 81.0 81.0 81.0 81.0 79.0 81.0 82.0 82.0 83.0 83.0 83.0 83.0 83.0 83.0 83.0 83.0 83.0 83.0 83.0 83.0 83.0 83.0 83.0 83.0 83.0 83.0 83.0 83.0 83.0 83.0 83.0 83.0 83.0 83.0 83.0 83.0 83.0 83.0 83.0 83.0 83.0 83.0 83.0 83.0 83.0 83.0 83.0 83.0
71.0 71.0 72.0 74.0 75.0 75.0 75.0 76.0 77.0 77.0 78.0 78.0 78.0 78.0 79.0 79.0 79.0 79.0 79.0 79.0 79.0 79.0 79.0 79.0 80.0 80.0 80.0 80.0 81.0 82.0 82.0 82.0 82.0 81.0 81.0 82.0 82.0 83.0 83.0 83.0 83.0 83.0 84.0 84.0 83.0 83.0 83.0 83.0 84.0 84.0 83.0 83.0 83.0 84.0 83.0 83.0 83.0 83.0 83.0 83.0 83.0 83.0 83.0 83.0 83.0 83.0 83.0 83.0 83.0 84.0 84.0 84.0 -9999 -9999 84.0 84.0 84.0
74.0 74.0 75.0 75.0 76.0 76.0 76.0 77.0 77.0 78.0 78.0 78.0 78.0 79.0 79.0 80.0 80.0 80.0 80.0 80.0 80.0 80.0 79.0 79.0 79.0 80.0 80.0 81.0 82.0 82.0 82.0 82.0 82.0 82.0 81.0 82.0 82.0 83.0 84.0 84.0 84.0 84.0 84.0 84.0 84.0 84.0 84.0 84.0 84.0 84.0 84.0 85.0 85.0 84.0 84.0 84.0 84.0 84.0 84.0 84.0 84.0 84.0 84.0 84.0 84.0 85.0 85.0 85.0 85.0 84.0 -9999 -9999 -9999 -9999 -9999 -9999 -9999
74.0 74.0 75.0 75.0 74.0 74.0 74.0 75.0 76.0 76.0 77.0 77.0 78.0 80.0 80.0 80.0 80.0 80.0 80.0 81.0 81.0 81.0 80.0 80.0 80.0 81.0 81.0 81.0 82.0 82.0 82.0 82.0 83.0 83.0 83.0 83.0 83.0 83.0 83.0 83.0 84.0 84.0 83.0 83.0 84.0 84.0 84.0 84.0 84.0 85.0 85.0 85.0 85.0 85.0 85.0 85.0 85.0 85.0 85.0 85.0 85.0 85.0 85.0 85.0 85.0 85.0 85.0 85.0 -9999 -9999 -9999 -9999 -9999 -9999 86.0 86.0 86.0
75.0 75.0 76.0 76.0 75.0 75.0 75.0 75.0 75.0 76.0 77.0 77.0 77.0 78.0 79.0 80.0 80.0 81.0 81.0 81.0 82.0 82.0 81.0 81.0 82.0 82.0 82.0 82.0 82.0 82.0 82.0 82.0 82.0 82.0 83.0 83.0 83.0 83.0 83.0 82.0 82.0 82.0 81.0 81.0 82.0 83.0 83.0 82.0 82.0 83.0 84.0 84.0 84.0 85.0 86.0 86.0 86.0 86.0 86.0 86.0 87.0 87.0 86.0 86.0 87.0 86.0 86.0 -9999 -9999 -9999 86.0 86.0 86.0 87.0 87.0 87.0 87.0
75.0 75.0 76.0 76.0 75.0 75.0 75.0 75.0 75.0 76.0 77.0 77.0 77.0 78.0 79.0 80.0 80.0 81.0 81.0 81.0 82.0 82.0 81.0 81.0 82.0 82.0 82.0 82.0 82.0 82.0 82.0 82.0 82.0 82.0 83.0 83.0 83.0 83.0 83.0 82.0 82.0 82.0 81.0 81.0 82.0 83.0 83.0 82.0 82.0 83.0 84.0 84.0 84.0 85.0 86.0 86.0 86.0 86.0 86.0 86.0 87.0 87.0 86.0 86.0 87.0 86.0 86.0 -9999 -9999 -9999 86.0 86.0 86.0 87.0 87.0 87.0 87.0
77.0 77.0 77.0 77.0 78.0 78.0 78.0 77.0 76.0 77.0 77.0 77.0 77.0 77.0 77.0 78.0 78.0 78.0 80.0 81.0 83.0 83.0 83.0 82.0 82.0 82.0 82.0 83.0 83.0 82.0 82.0 82.0 82.0 82.0 81.0 81.0 81.0 81.0 81.0 81.0 81.0 81.0 81.0 80.0 81.0 81.0 81.0 81.0 81.0 82.0 82.0 82.0 82.0 82.0 83.0 84.0 84.0 86.0 87.0 87.0 87.0 87.0 88.0 87.0 87.0 87.0 87.0 87.0 88.0 88.0 88.0 88.0 88.0 88.0 87.0 88.0 88.0
77.0 77.0 76.0 76.0 77.0 78.0 78.0 78.0 79.0 79.0 80.0 80.0 79.0 79.0 78.0 80.0 80.0 81.0 80.0 82.0 83.0 83.0 83.0 84.0 84.0 85.0 85.0 84.0 84.0 83.0 83.0 83.0 83.0 83.0 83.0 83.0 83.0 83.0 83.0 82.0 82.0 82.0 82.0 82.0 82.0 82.0 82.0 82.0 81.0 83.0 83.0 83.0 83.0 83.0 83.0 84.0 84.0 86.0 87.0 87.0 88.0 88.0 89.0 88.0 87.0 88.0 88.0 89.0 89.0 89.0 89.0 89.0 89.0 89.0 89.0 89.0 89.0
72.0 72.0 73.0 71.0 69.0 69.0 69.0 71.0 74.0 78.0 78.0 78.0 80.0 81.0 82.0 82.0 82.0 83.0 83.0 83.0 83.0 83.0 84.0 84.0 85.0 86.0 86.0 86.0 86.0 86.0 86.0 86.0 85.0 85.0 85.0 85.0 85.0 85.0 85.0 85.0 85.0 85.0 84.0 84.0 83.0 83.0 83.0 83.0 84.0 83.0 83.0 83.0 83.0 84.0 84.0 84.0 84.0 85.0 86.0 87.0 88.0 88.0 88.0 89.0 89.0 89.0 89.0 89.0 89.0 89.0 90.0 90.0 90.0 90.0 90.0 90.0 90.0
71.0 71.0 72.0 73.0 73.0 73.0 73.0 72.0 73.0 76.0 74.0 74.0 75.0 78.0 79.0 83.0 83.0 84.0 84.0 85.0 85.0 85.0 85.0 86.0 86.0 87.0 87.0 87.0 87.0 87.0 87.0 87.0 87.0 86.0 86.0 85.0 85.0 85.0 86.0 85.0 85.0 85.0 85.0 85.0 84.0 84.0 84.0 84.0 84.0 84.0 84.0 84.0 84.0 84.0 84.0 84.0 84.0 85.0 86.0 87.0 87.0 87.0 88.0 89.0 90.0 90.0 90.0 90.0 90.0 91.0 91.0 91.0 91.0 91.0 92.0 92.0 92.0
71.0 71.0 72.0 73.0 73.0 73.0 73.0 72.0 73.0 76.0 74.0 74.0 75.0 78.0 79.0 83.0 83.0 84.0 84.0 85.0 85.0 85.0 85.0 86.0 86.0 87.0 87.0 87.0 87.0 87.0 87.0 87.0 87.0 86.0 86.0 85.0 85.0 85.0 86.0 85.0 85.0 85.0 85.0 85.0 84.0 84.0 84.0 84.0 84.0 84.0 84.0 84.0 84.0 84.0 84.0 84.0 84.0 85.0 86.0 87.0 87.0 87.0 88.0 89.0 90.0 90.0 90.0 90.0 90.0 91.0 91.0 91.0 91.0 91.0 92.0 92.0 92.0
73.0 73.0 73.0 73.0 73.0 76.0 76.0 77.0 78.0 79.0 81.0 81.0 82.0 81.0 82.0 81.0 81.0 82.0 85.0 86.0 87.0 87.0 87.0 86.0 87.0 87.0 87.0 87.0 87.0 88.0 88.0 88.0 87.0 87.0 88.0 87.0 87.0 87.0 86.0 85.0 86.0 86.0 86.0 85.0 85.0 86.0 86.0 85.0 85.0 84.0 85.0 85.0 85.0 84.0 84.0 84.0 84.0 84.0 84.0 86.0 86.0 86.0 88.0 90.0 91.0 92.0 92.0 91.0 91.0 92.0 92.0 92.0 93.0 93.0 93.0 93.0 93.0
73.0 73.0 71.0 71.0 73.0 76.0 76.0 78.0 80.0 81.0 82.0 82.0 80.0 74.0 77.0 79.0 79.0 80.0 81.0 83.0 84.0 84.0 87.0 88.0 89.0 88.0 88.0 88.0 88.0 88.0 87.0 87.0 88.0 88.0 88.0 87.0 87.0 87.0 86.0 86.0 86.0 86.0 87.0 86.0 86.0 87.0 87.0 87.0 86.0 86.0 84.0 85.0 85.0 85.0 85.0 85.0 85.0 85.0 85.0 86.0 87.0 87.0 88.0 90.0 91.0 93.0 93.0 93.0 93.0 93.0 93.0 93.0 93.0 92.0 93.0 93.0 93.0
76.0 76.0 75.0 74.0 74.0 74.0 74.0 76.0 79.0 81.0 83.0 83.0 82.0 81.0 77.0 73.0 73.0 75.0 80.0 80.0 83.0 83.0 85.0 86.0 88.0 88.0 88.0 88.0 88.0 88.0 89.0 89.0 88.0 88.0 88.0 88.0 88.0 88.0 87.0 87.0 86.0 86.0 86.0 87.0 87.0 87.0 87.0 87.0 86.0 87.0 86.0 86.0 86.0 86.0 86.0 86.0 86.0 87.0 88.0 88.0 89.0 89.0 89.0 90.0 90.0 92.0 92.0 93.0 93.0 94.0 95.0 95.0 95.0 95.0 95.0 95.0 95.0
76.0 76.0 75.0 74.0 76.0 73.0 73.0 78.0 80.0 81.0 81.0 81.0 80.0 83.0 83.0 84.0 84.0 86.0 83.0 77.0 76.0 76.0 77.0 76.0 85.0 88.0 88.0 88.0 88.0 88.0 88.0 88.0 88.0 88.0 88.0 88.0 88.0 88.0 88.0 87.0 87.0 87.0 88.0 87.0 86.0 87.0 87.0 87.0 86.0 87.0 88.0 87.0 87.0 87.0 87.0 88.0 88.0 88.0 89.0 90.0 90.0 90.0 89.0 90.0 91.0 93.0 93.0 94.0 95.0 95.0 95.0 95.0 96.0 96.0 97.0 97.0 97.0
76.0 76.0 75.0 74.0 76.0 73.0 73.0 78.0 80.0 81.0 81.0 81.0 80.0 83.0 83.0 84.0 84.0 86.0 83.0 77.0 76.0 76.0 77.0 76.0 85.0 88.0 88.0 88.0 88.0 88.0 88.0 88.0 88.0 88.0 88.0 88.0 88.0 88.0 88.0 87.0 87.0 87.0 88.0 87.0 86.0 87.0 87.0 87.0 86.0 87.0 88.0 87.0 87.0 87.0 87.0 88.0 88.0 88.0 89.0 90.0 90.0 90.0 89.0 90.0 91.0 93.0 93.0 94.0 95.0 95.0 95.0 95.0 96.0 96.0 97.0 97.0 97.0
79.0 79.0 79.0 83.0 -9999 -9999 -9999 -9999 85.0 84.0 82.0 82.0 85.0 84.0 80.0 81.0 81.0 82.0 82.0 82.0 81.0 81.0 77.0 77.0 79.0 82.0 82.0 85.0 87.0 88.0 89.0 89.0 88.0 88.0 87.0 88.0 88.0 88.0 88.0 87.0 88.0 88.0 88.0 89.0 88.0 88.0 88.0 87.0 88.0 89.0 89.0 89.0 89.0 90.0 89.0 89.0 89.0 90.0 90.0 90.0 91.0 91.0 90.0 91.0 94.0 95.0 95.0 95.0 94.0 95.0 96.0 96.0 96.0 96.0 97.0 98.0 98.0
79.0 79.0 78.0 84.0 -9999 -9999 -9999 -9999 -9999 -9999 -9999 -9999 89.0 89.0 88.0 88.0 88.0 87.0 85.0 86.0 84.0 84.0 84.0 84.0 83.0 86.0 86.0 85.0 86.0 88.0 87.0 87.0 87.0 87.0 87.0 86.0 86.0 87.0 88.0 88.0 88.0 88.0 89.0 88.0 88.0 88.0 88.0 88.0 88.0 90.0 90.0 90.0 90.0 91.0 91.0 91.0 91.0 91.0 92.0 92.0 93.0 93.0 92.0 93.0 95.0 96.0 96.0 96.0 96.0 96.0 96.0 96.0 97.0 97.0 98.0 98.0 98.0
-9999 -9999 -9999 -9999 -9999 -9999 -9999 -9999 -9999 -9999 -9999 -9999 -9999 -9999 -9999 -9999 -9999 -9999 -9999 -9999 -9999 -9999 93.0 93.0 93.0 91.0 91.0 90.0 90.0 89.0 89.0 89.0 87.0 86.0 86.0 86.0 86.0 85.0 85.0 87.0 86.0 86.0 87.0 88.0 88.0 87.0 87.0 87.0 87.0 89.0 90.0 91.0 91.0 91.0 92.0 93.0 93.0 93.0 92.0 92.0 93.0 93.0 95.0 96.0 96.0 96.0 96.0 96.0 97.0 97.0 98.0 98.0 98.0 99.0 99.0 99.0 99.0
