KEPLER/2.4/binaries/lib/outreach-2.3.0/workflows/data/garp/NA_ASC/rad6190_ann.asc
nrows  200
ncols  400
xllcorner  -179.99962860149
yllcorner  6.7208489478326
cellsize  0.4
NODATA_value  -9999
[rows 102 to 135 of 200, columns 154 to 230 of 400]
128.0 126.0 127.0 127.0 127.0 127.0 127.0 125.0 125.0 124.0 124.0 123.0 123.0 123.0 123.0 123.0 125.0 126.0 126.0 127.0 126.0 126.0 128.0 128.0 129.0 129.0 129.0 131.0 131.0 131.0 131.0 132.0 132.0 132.0 132.0 132.0 132.0 132.0 132.0 132.0 132.0 132.0 132.0 131.0 131.0 131.0 131.0 131.0 131.0 131.0 131.0 130.0 129.0 129.0 129.0 129.0 129.0 128.0 128.0 128.0 127.0 127.0 126.0 126.0 126.0 126.0 125.0 124.0 124.0 124.0 124.0 124.0 123.0 123.0 123.0 122.0 122.0
127.0 128.0 129.0 127.0 127.0 128.0 127.0 126.0 126.0 125.0 125.0 125.0 126.0 126.0 125.0 127.0 127.0 127.0 127.0 125.0 126.0 125.0 125.0 125.0 129.0 128.0 128.0 131.0 131.0 131.0 132.0 132.0 132.0 132.0 133.0 133.0 133.0 133.0 133.0 133.0 133.0 133.0 133.0 133.0 133.0 133.0 132.0 132.0 132.0 132.0 132.0 131.0 130.0 130.0 130.0 130.0 130.0 129.0 129.0 129.0 128.0 128.0 127.0 127.0 127.0 126.0 126.0 126.0 126.0 126.0 125.0 125.0 125.0 124.0 124.0 124.0 124.0
127.0 128.0 129.0 127.0 127.0 128.0 127.0 126.0 126.0 125.0 125.0 125.0 126.0 126.0 125.0 127.0 127.0 127.0 127.0 125.0 126.0 125.0 125.0 125.0 129.0 128.0 128.0 131.0 131.0 131.0 132.0 132.0 132.0 132.0 133.0 133.0 133.0 133.0 133.0 133.0 133.0 133.0 133.0 133.0 133.0 133.0 132.0 132.0 132.0 132.0 132.0 131.0 130.0 130.0 130.0 130.0 130.0 129.0 129.0 129.0 128.0 128.0 127.0 127.0 127.0 126.0 126.0 126.0 126.0 126.0 125.0 125.0 125.0 124.0 124.0 124.0 124.0
128.0 128.0 131.0 131.0 131.0 131.0 130.0 128.0 128.0 126.0 126.0 126.0 126.0 126.0 126.0 126.0 126.0 127.0 127.0 127.0 126.0 126.0 125.0 125.0 129.0 132.0 132.0 128.0 128.0 129.0 131.0 133.0 133.0 133.0 133.0 134.0 134.0 135.0 135.0 135.0 135.0 135.0 135.0 135.0 135.0 135.0 134.0 134.0 134.0 134.0 133.0 133.0 132.0 131.0 131.0 131.0 131.0 130.0 130.0 130.0 130.0 129.0 129.0 128.0 128.0 128.0 127.0 127.0 127.0 127.0 127.0 126.0 126.0 126.0 126.0 126.0 125.0
132.0 132.0 134.0 136.0 136.0 137.0 134.0 132.0 132.0 130.0 128.0 129.0 129.0 129.0 129.0 129.0 131.0 131.0 131.0 131.0 129.0 128.0 127.0 127.0 130.0 132.0 135.0 134.0 134.0 129.0 133.0 135.0 135.0 135.0 135.0 135.0 133.0 133.0 137.0 137.0 137.0 137.0 137.0 137.0 137.0 137.0 137.0 136.0 136.0 136.0 135.0 135.0 134.0 133.0 133.0 132.0 132.0 131.0 131.0 131.0 131.0 130.0 130.0 129.0 129.0 128.0 128.0 129.0 129.0 129.0 129.0 128.0 128.0 127.0 127.0 127.0 127.0
136.0 137.0 138.0 140.0 140.0 141.0 139.0 137.0 137.0 134.0 132.0 131.0 131.0 131.0 133.0 134.0 135.0 134.0 134.0 133.0 131.0 130.0 129.0 129.0 130.0 133.0 136.0 136.0 136.0 133.0 135.0 136.0 135.0 135.0 136.0 137.0 137.0 135.0 138.0 138.0 139.0 139.0 139.0 139.0 139.0 139.0 139.0 138.0 138.0 138.0 137.0 136.0 136.0 134.0 134.0 134.0 133.0 132.0 132.0 132.0 132.0 131.0 131.0 130.0 130.0 130.0 130.0 130.0 130.0 130.0 130.0 130.0 129.0 128.0 128.0 128.0 127.0
140.0 140.0 141.0 141.0 141.0 141.0 143.0 141.0 141.0 138.0 138.0 138.0 137.0 137.0 137.0 137.0 137.0 135.0 135.0 134.0 133.0 133.0 131.0 131.0 134.0 137.0 138.0 137.0 137.0 136.0 137.0 137.0 137.0 137.0 138.0 138.0 139.0 139.0 139.0 139.0 140.0 140.0 140.0 140.0 140.0 140.0 140.0 140.0 139.0 139.0 139.0 138.0 137.0 136.0 136.0 135.0 135.0 134.0 133.0 133.0 133.0 133.0 132.0 132.0 132.0 132.0 131.0 132.0 132.0 132.0 132.0 132.0 130.0 129.0 129.0 129.0 129.0
140.0 140.0 141.0 141.0 141.0 141.0 143.0 141.0 141.0 138.0 138.0 138.0 137.0 137.0 137.0 137.0 137.0 135.0 135.0 134.0 133.0 133.0 131.0 131.0 134.0 137.0 138.0 137.0 137.0 136.0 137.0 137.0 137.0 137.0 138.0 138.0 139.0 139.0 139.0 139.0 140.0 140.0 140.0 140.0 140.0 140.0 140.0 140.0 139.0 139.0 139.0 138.0 137.0 136.0 136.0 135.0 135.0 134.0 133.0 133.0 133.0 133.0 132.0 132.0 132.0 132.0 131.0 132.0 132.0 132.0 132.0 132.0 130.0 129.0 129.0 129.0 129.0
141.0 143.0 144.0 143.0 143.0 142.0 143.0 144.0 144.0 143.0 143.0 141.0 141.0 141.0 139.0 139.0 138.0 137.0 137.0 136.0 135.0 136.0 136.0 136.0 134.0 137.0 139.0 138.0 138.0 137.0 138.0 138.0 138.0 138.0 139.0 139.0 139.0 140.0 140.0 140.0 140.0 140.0 141.0 141.0 141.0 142.0 142.0 141.0 141.0 141.0 140.0 140.0 139.0 138.0 138.0 137.0 136.0 135.0 135.0 135.0 135.0 134.0 134.0 134.0 134.0 134.0 134.0 134.0 134.0 134.0 135.0 134.0 132.0 131.0 131.0 130.0 130.0
145.0 145.0 145.0 145.0 145.0 145.0 144.0 144.0 144.0 143.0 143.0 141.0 141.0 141.0 141.0 140.0 140.0 139.0 139.0 139.0 137.0 138.0 139.0 139.0 139.0 139.0 139.0 139.0 139.0 139.0 139.0 138.0 137.0 137.0 140.0 141.0 141.0 140.0 141.0 141.0 141.0 141.0 141.0 142.0 142.0 142.0 143.0 142.0 142.0 142.0 141.0 141.0 140.0 139.0 139.0 138.0 138.0 137.0 136.0 136.0 136.0 136.0 136.0 135.0 135.0 135.0 136.0 136.0 137.0 137.0 137.0 135.0 134.0 133.0 133.0 132.0 131.0
148.0 148.0 148.0 146.0 146.0 147.0 146.0 144.0 144.0 143.0 144.0 143.0 142.0 142.0 143.0 143.0 143.0 141.0 141.0 140.0 140.0 141.0 142.0 142.0 141.0 141.0 141.0 141.0 141.0 140.0 140.0 140.0 140.0 140.0 140.0 141.0 142.0 142.0 143.0 143.0 142.0 143.0 143.0 143.0 143.0 143.0 143.0 143.0 143.0 143.0 143.0 142.0 142.0 141.0 141.0 140.0 140.0 139.0 138.0 138.0 138.0 138.0 137.0 137.0 137.0 137.0 137.0 137.0 137.0 137.0 137.0 136.0 135.0 134.0 134.0 133.0 133.0
152.0 152.0 151.0 150.0 150.0 149.0 147.0 147.0 147.0 146.0 145.0 146.0 147.0 147.0 146.0 146.0 145.0 143.0 143.0 142.0 142.0 142.0 143.0 143.0 143.0 143.0 143.0 143.0 143.0 141.0 141.0 139.0 141.0 141.0 140.0 142.0 142.0 142.0 143.0 143.0 143.0 144.0 144.0 144.0 144.0 144.0 144.0 144.0 145.0 145.0 145.0 144.0 143.0 143.0 143.0 142.0 141.0 140.0 140.0 140.0 139.0 139.0 139.0 139.0 139.0 139.0 138.0 138.0 138.0 138.0 138.0 136.0 135.0 135.0 135.0 134.0 134.0
152.0 152.0 151.0 150.0 150.0 149.0 147.0 147.0 147.0 146.0 145.0 146.0 147.0 147.0 146.0 146.0 145.0 143.0 143.0 142.0 142.0 142.0 143.0 143.0 143.0 143.0 143.0 143.0 143.0 141.0 141.0 139.0 141.0 141.0 140.0 142.0 142.0 142.0 143.0 143.0 143.0 144.0 144.0 144.0 144.0 144.0 144.0 144.0 145.0 145.0 145.0 144.0 143.0 143.0 143.0 142.0 141.0 140.0 140.0 140.0 139.0 139.0 139.0 139.0 139.0 139.0 138.0 138.0 138.0 138.0 138.0 136.0 135.0 135.0 135.0 134.0 134.0
155.0 155.0 153.0 153.0 153.0 152.0 151.0 150.0 150.0 147.0 148.0 148.0 149.0 149.0 149.0 148.0 147.0 145.0 145.0 144.0 141.0 141.0 143.0 143.0 146.0 145.0 146.0 146.0 146.0 143.0 142.0 141.0 140.0 140.0 143.0 144.0 143.0 143.0 144.0 144.0 144.0 145.0 146.0 146.0 146.0 146.0 146.0 146.0 146.0 146.0 146.0 146.0 145.0 144.0 144.0 144.0 143.0 142.0 141.0 141.0 141.0 140.0 140.0 140.0 140.0 139.0 139.0 139.0 139.0 139.0 138.0 137.0 136.0 135.0 135.0 135.0 135.0
158.0 158.0 156.0 155.0 155.0 154.0 153.0 151.0 151.0 150.0 149.0 150.0 151.0 151.0 151.0 149.0 148.0 149.0 149.0 146.0 147.0 148.0 150.0 150.0 149.0 148.0 148.0 147.0 147.0 145.0 144.0 144.0 141.0 141.0 145.0 146.0 144.0 143.0 144.0 144.0 145.0 147.0 149.0 149.0 149.0 148.0 148.0 148.0 148.0 148.0 148.0 147.0 147.0 146.0 146.0 145.0 144.0 143.0 143.0 143.0 142.0 142.0 141.0 141.0 141.0 140.0 140.0 140.0 139.0 139.0 139.0 138.0 137.0 137.0 137.0 137.0 136.0
161.0 160.0 158.0 158.0 158.0 155.0 155.0 153.0 153.0 153.0 150.0 151.0 152.0 152.0 153.0 153.0 151.0 150.0 150.0 149.0 149.0 150.0 151.0 151.0 151.0 149.0 149.0 148.0 148.0 146.0 146.0 144.0 142.0 142.0 146.0 146.0 143.0 142.0 143.0 143.0 146.0 149.0 151.0 151.0 151.0 151.0 150.0 150.0 150.0 150.0 150.0 149.0 149.0 148.0 148.0 146.0 145.0 144.0 144.0 144.0 144.0 143.0 143.0 142.0 142.0 141.0 141.0 141.0 140.0 140.0 140.0 140.0 140.0 139.0 139.0 138.0 138.0
163.0 163.0 160.0 160.0 160.0 157.0 156.0 157.0 157.0 155.0 153.0 153.0 155.0 155.0 155.0 156.0 155.0 154.0 154.0 152.0 154.0 154.0 153.0 153.0 154.0 153.0 152.0 150.0 150.0 148.0 146.0 145.0 145.0 145.0 146.0 146.0 144.0 140.0 143.0 143.0 147.0 151.0 154.0 154.0 154.0 153.0 152.0 152.0 151.0 151.0 151.0 151.0 150.0 149.0 149.0 148.0 146.0 145.0 145.0 145.0 145.0 145.0 144.0 143.0 143.0 142.0 142.0 141.0 141.0 141.0 141.0 141.0 141.0 140.0 140.0 140.0 140.0
163.0 163.0 160.0 160.0 160.0 157.0 156.0 157.0 157.0 155.0 153.0 153.0 155.0 155.0 155.0 156.0 155.0 154.0 154.0 152.0 154.0 154.0 153.0 153.0 154.0 153.0 152.0 150.0 150.0 148.0 146.0 145.0 145.0 145.0 146.0 146.0 144.0 140.0 143.0 143.0 147.0 151.0 154.0 154.0 154.0 153.0 152.0 152.0 151.0 151.0 151.0 151.0 150.0 149.0 149.0 148.0 146.0 145.0 145.0 145.0 145.0 145.0 144.0 143.0 143.0 142.0 142.0 141.0 141.0 141.0 141.0 141.0 141.0 140.0 140.0 140.0 140.0
162.0 164.0 162.0 160.0 160.0 159.0 159.0 160.0 160.0 158.0 157.0 157.0 157.0 157.0 159.0 158.0 156.0 154.0 154.0 156.0 157.0 159.0 158.0 158.0 156.0 154.0 155.0 155.0 155.0 150.0 149.0 149.0 149.0 149.0 148.0 150.0 149.0 146.0 148.0 148.0 151.0 153.0 155.0 155.0 155.0 154.0 154.0 153.0 152.0 152.0 152.0 151.0 151.0 150.0 150.0 148.0 147.0 146.0 146.0 146.0 146.0 146.0 145.0 144.0 144.0 144.0 143.0 143.0 143.0 143.0 142.0 142.0 142.0 142.0 142.0 142.0 141.0
164.0 165.0 165.0 165.0 165.0 163.0 163.0 163.0 163.0 163.0 162.0 161.0 161.0 161.0 161.0 160.0 158.0 157.0 157.0 158.0 161.0 161.0 160.0 160.0 158.0 158.0 157.0 155.0 155.0 153.0 152.0 152.0 153.0 153.0 153.0 156.0 155.0 154.0 154.0 154.0 155.0 156.0 157.0 157.0 157.0 156.0 155.0 154.0 153.0 153.0 153.0 152.0 151.0 150.0 150.0 149.0 149.0 148.0 147.0 147.0 147.0 147.0 146.0 146.0 146.0 145.0 145.0 145.0 144.0 144.0 144.0 144.0 144.0 144.0 144.0 143.0 143.0
164.0 164.0 167.0 169.0 169.0 170.0 167.0 167.0 167.0 167.0 166.0 166.0 165.0 165.0 165.0 163.0 162.0 162.0 162.0 163.0 164.0 163.0 161.0 161.0 162.0 161.0 157.0 155.0 155.0 153.0 154.0 156.0 158.0 158.0 154.0 158.0 159.0 159.0 159.0 159.0 159.0 159.0 159.0 158.0 158.0 157.0 156.0 155.0 155.0 155.0 154.0 153.0 152.0 152.0 152.0 151.0 150.0 150.0 149.0 149.0 149.0 148.0 148.0 148.0 148.0 147.0 147.0 147.0 147.0 147.0 146.0 146.0 146.0 145.0 145.0 145.0 145.0
161.0 168.0 171.0 170.0 170.0 172.0 170.0 171.0 171.0 172.0 172.0 171.0 170.0 170.0 169.0 168.0 166.0 167.0 167.0 167.0 168.0 167.0 166.0 166.0 166.0 165.0 162.0 161.0 161.0 160.0 157.0 158.0 161.0 161.0 158.0 160.0 162.0 162.0 162.0 162.0 162.0 162.0 161.0 161.0 161.0 159.0 158.0 157.0 156.0 156.0 156.0 155.0 154.0 153.0 153.0 152.0 152.0 152.0 151.0 151.0 150.0 150.0 149.0 149.0 149.0 149.0 150.0 149.0 149.0 149.0 148.0 148.0 148.0 147.0 147.0 147.0 146.0
161.0 168.0 171.0 170.0 170.0 172.0 170.0 171.0 171.0 172.0 172.0 171.0 170.0 170.0 169.0 168.0 166.0 167.0 167.0 167.0 168.0 167.0 166.0 166.0 166.0 165.0 162.0 161.0 161.0 160.0 157.0 158.0 161.0 161.0 158.0 160.0 162.0 162.0 162.0 162.0 162.0 162.0 161.0 161.0 161.0 159.0 158.0 157.0 156.0 156.0 156.0 155.0 154.0 153.0 153.0 152.0 152.0 152.0 151.0 151.0 150.0 150.0 149.0 149.0 149.0 149.0 150.0 149.0 149.0 149.0 148.0 148.0 148.0 147.0 147.0 147.0 146.0
167.0 166.0 172.0 175.0 175.0 176.0 176.0 176.0 176.0 174.0 179.0 178.0 175.0 175.0 173.0 172.0 170.0 171.0 171.0 170.0 169.0 167.0 168.0 168.0 166.0 168.0 167.0 167.0 167.0 165.0 163.0 161.0 163.0 163.0 160.0 163.0 164.0 165.0 167.0 167.0 166.0 165.0 164.0 162.0 162.0 161.0 160.0 159.0 158.0 158.0 157.0 156.0 156.0 155.0 155.0 154.0 154.0 153.0 153.0 153.0 152.0 151.0 151.0 152.0 152.0 152.0 153.0 153.0 152.0 152.0 151.0 150.0 150.0 149.0 149.0 148.0 147.0
172.0 167.0 172.0 173.0 173.0 179.0 179.0 176.0 176.0 181.0 182.0 182.0 178.0 178.0 176.0 176.0 174.0 174.0 174.0 173.0 171.0 170.0 170.0 170.0 168.0 169.0 169.0 169.0 169.0 168.0 165.0 166.0 165.0 165.0 163.0 167.0 167.0 169.0 170.0 170.0 169.0 167.0 165.0 164.0 164.0 162.0 161.0 160.0 159.0 159.0 159.0 158.0 157.0 156.0 156.0 156.0 155.0 155.0 154.0 154.0 153.0 152.0 153.0 154.0 154.0 155.0 156.0 156.0 155.0 155.0 154.0 152.0 151.0 150.0 150.0 149.0 148.0
175.0 172.0 175.0 176.0 176.0 179.0 182.0 182.0 182.0 182.0 184.0 183.0 181.0 181.0 182.0 178.0 176.0 175.0 175.0 177.0 175.0 173.0 172.0 172.0 171.0 170.0 170.0 170.0 170.0 170.0 168.0 169.0 166.0 166.0 168.0 169.0 171.0 171.0 171.0 171.0 170.0 168.0 167.0 165.0 165.0 164.0 163.0 162.0 161.0 161.0 160.0 159.0 158.0 158.0 158.0 157.0 157.0 156.0 155.0 155.0 154.0 153.0 155.0 156.0 156.0 158.0 159.0 159.0 158.0 158.0 156.0 154.0 152.0 151.0 151.0 150.0 149.0
174.0 173.0 175.0 176.0 176.0 178.0 182.0 183.0 183.0 184.0 187.0 186.0 184.0 184.0 184.0 182.0 178.0 175.0 175.0 178.0 178.0 176.0 174.0 174.0 173.0 172.0 171.0 171.0 171.0 171.0 172.0 170.0 171.0 171.0 172.0 172.0 173.0 172.0 172.0 172.0 171.0 169.0 167.0 166.0 166.0 165.0 164.0 163.0 162.0 162.0 161.0 160.0 159.0 159.0 159.0 158.0 157.0 156.0 155.0 155.0 155.0 155.0 157.0 160.0 160.0 162.0 164.0 162.0 160.0 160.0 157.0 155.0 153.0 151.0 151.0 151.0 150.0
174.0 173.0 175.0 176.0 176.0 178.0 182.0 183.0 183.0 184.0 187.0 186.0 184.0 184.0 184.0 182.0 178.0 175.0 175.0 178.0 178.0 176.0 174.0 174.0 173.0 172.0 171.0 171.0 171.0 171.0 172.0 170.0 171.0 171.0 172.0 172.0 173.0 172.0 172.0 172.0 171.0 169.0 167.0 166.0 166.0 165.0 164.0 163.0 162.0 162.0 161.0 160.0 159.0 159.0 159.0 158.0 157.0 156.0 155.0 155.0 155.0 155.0 157.0 160.0 160.0 162.0 164.0 162.0 160.0 160.0 157.0 155.0 153.0 151.0 151.0 151.0 150.0
171.0 172.0 173.0 175.0 175.0 177.0 181.0 184.0 184.0 187.0 189.0 190.0 187.0 187.0 185.0 185.0 184.0 183.0 183.0 181.0 179.0 178.0 178.0 178.0 176.0 174.0 173.0 173.0 173.0 174.0 173.0 173.0 172.0 172.0 173.0 174.0 173.0 173.0 172.0 172.0 171.0 170.0 168.0 167.0 167.0 167.0 166.0 165.0 164.0 164.0 163.0 162.0 161.0 160.0 160.0 159.0 158.0 157.0 156.0 156.0 156.0 156.0 158.0 161.0 161.0 164.0 167.0 164.0 161.0 161.0 158.0 156.0 154.0 152.0 152.0 151.0 151.0
171.0 171.0 173.0 174.0 174.0 175.0 180.0 184.0 184.0 188.0 191.0 193.0 191.0 191.0 191.0 189.0 186.0 185.0 185.0 182.0 179.0 179.0 176.0 176.0 176.0 175.0 174.0 174.0 174.0 175.0 175.0 175.0 174.0 174.0 174.0 175.0 175.0 174.0 173.0 173.0 172.0 170.0 169.0 168.0 168.0 168.0 167.0 166.0 165.0 165.0 164.0 163.0 162.0 161.0 161.0 160.0 159.0 158.0 157.0 157.0 157.0 157.0 159.0 161.0 161.0 163.0 165.0 164.0 161.0 161.0 159.0 157.0 155.0 153.0 153.0 152.0 151.0
-9999 172.0 172.0 174.0 174.0 176.0 181.0 186.0 186.0 190.0 193.0 195.0 194.0 194.0 193.0 192.0 192.0 189.0 189.0 186.0 183.0 181.0 178.0 178.0 175.0 176.0 176.0 176.0 176.0 177.0 178.0 178.0 176.0 176.0 175.0 176.0 176.0 174.0 173.0 173.0 172.0 171.0 170.0 169.0 169.0 168.0 167.0 167.0 166.0 166.0 165.0 164.0 162.0 161.0 161.0 161.0 159.0 158.0 158.0 158.0 158.0 158.0 159.0 161.0 161.0 162.0 163.0 162.0 161.0 161.0 159.0 157.0 155.0 154.0 154.0 153.0 152.0
-9999 -9999 -9999 172.0 172.0 176.0 181.0 188.0 188.0 192.0 195.0 197.0 197.0 197.0 196.0 194.0 193.0 191.0 191.0 188.0 184.0 183.0 180.0 180.0 178.0 177.0 176.0 177.0 177.0 180.0 180.0 180.0 176.0 176.0 176.0 177.0 176.0 175.0 173.0 173.0 173.0 171.0 170.0 170.0 170.0 169.0 168.0 167.0 166.0 166.0 165.0 164.0 163.0 162.0 162.0 161.0 160.0 159.0 158.0 158.0 158.0 158.0 158.0 160.0 160.0 160.0 161.0 161.0 160.0 160.0 158.0 157.0 155.0 154.0 154.0 153.0 152.0
-9999 -9999 -9999 172.0 172.0 176.0 181.0 188.0 188.0 192.0 195.0 197.0 197.0 197.0 196.0 194.0 193.0 191.0 191.0 188.0 184.0 183.0 180.0 180.0 178.0 177.0 176.0 177.0 177.0 180.0 180.0 180.0 176.0 176.0 176.0 177.0 176.0 175.0 173.0 173.0 173.0 171.0 170.0 170.0 170.0 169.0 168.0 167.0 166.0 166.0 165.0 164.0 163.0 162.0 162.0 161.0 160.0 159.0 158.0 158.0 158.0 158.0 158.0 160.0 160.0 160.0 161.0 161.0 160.0 160.0 158.0 157.0 155.0 154.0 154.0 153.0 152.0
-9999 -9999 -9999 171.0 171.0 176.0 180.0 188.0 188.0 194.0 199.0 200.0 199.0 199.0 197.0 196.0 194.0 192.0 192.0 190.0 185.0 182.0 182.0 182.0 181.0 180.0 179.0 180.0 180.0 182.0 181.0 182.0 178.0 178.0 178.0 178.0 177.0 175.0 174.0 174.0 173.0 172.0 171.0 170.0 170.0 169.0 168.0 168.0 167.0 167.0 165.0 164.0 163.0 162.0 162.0 161.0 160.0 159.0 158.0 158.0 158.0 157.0 157.0 158.0 158.0 159.0 160.0 160.0 159.0 159.0 158.0 157.0 156.0 154.0 154.0 153.0 153.0
