KEPLER/2.4/binaries/lib/outreach-2.3.0/workflows/data/garp/NA_ASC/rad6190_ann.asc
nrows  200
ncols  400
xllcorner  -179.99962860149
yllcorner  6.7208489478326
cellsize  0.4
NODATA_value  -9999
[rows 68 to 101 of 200, columns 154 to 230 of 400]
101.0 101.0 102.0 102.0 102.0 102.0 101.0 100.0 100.0 100.0 100.0 101.0 102.0 102.0 102.0 102.0 102.0 102.0 102.0 102.0 102.0 102.0 -9999 -9999 -9999 102.0 102.0 102.0 102.0 102.0 101.0 101.0 101.0 101.0 101.0 101.0 100.0 100.0 100.0 100.0 100.0 100.0 99.0 99.0 99.0 99.0 99.0 99.0 99.0 99.0 99.0 98.0 98.0 98.0 98.0 98.0 98.0 98.0 98.0 98.0 -9999 -9999 -9999 -9999 -9999 -9999 -9999 -9999 -9999 -9999 -9999 -9999 -9999 -9999 -9999 -9999 -9999
101.0 101.0 102.0 102.0 102.0 102.0 101.0 100.0 100.0 100.0 100.0 101.0 102.0 102.0 102.0 102.0 102.0 102.0 102.0 102.0 102.0 102.0 -9999 -9999 -9999 102.0 102.0 102.0 102.0 102.0 101.0 101.0 101.0 101.0 101.0 101.0 100.0 100.0 100.0 100.0 100.0 100.0 99.0 99.0 99.0 99.0 99.0 99.0 99.0 99.0 99.0 98.0 98.0 98.0 98.0 98.0 98.0 98.0 98.0 98.0 -9999 -9999 -9999 -9999 -9999 -9999 -9999 -9999 -9999 -9999 -9999 -9999 -9999 -9999 -9999 -9999 -9999
102.0 102.0 103.0 103.0 103.0 103.0 102.0 102.0 102.0 102.0 102.0 103.0 104.0 104.0 103.0 103.0 103.0 104.0 104.0 104.0 103.0 103.0 103.0 103.0 103.0 102.0 102.0 102.0 102.0 102.0 102.0 102.0 102.0 102.0 102.0 102.0 101.0 101.0 101.0 101.0 101.0 101.0 101.0 100.0 100.0 100.0 100.0 100.0 100.0 100.0 100.0 100.0 99.0 99.0 99.0 99.0 99.0 99.0 99.0 99.0 99.0 98.0 98.0 -9999 -9999 -9999 -9999 -9999 -9999 -9999 -9999 -9999 -9999 -9999 -9999 -9999 -9999
103.0 103.0 104.0 104.0 104.0 104.0 104.0 105.0 105.0 105.0 104.0 105.0 104.0 104.0 104.0 104.0 104.0 104.0 104.0 105.0 104.0 104.0 104.0 104.0 104.0 103.0 103.0 103.0 103.0 103.0 103.0 103.0 103.0 103.0 103.0 102.0 102.0 102.0 -9999 -9999 102.0 102.0 102.0 102.0 102.0 102.0 101.0 101.0 101.0 101.0 101.0 101.0 101.0 100.0 100.0 100.0 100.0 100.0 100.0 100.0 100.0 100.0 100.0 100.0 100.0 -9999 -9999 -9999 -9999 -9999 -9999 -9999 -9999 -9999 -9999 -9999 -9999
104.0 104.0 104.0 105.0 105.0 105.0 104.0 104.0 104.0 105.0 105.0 105.0 104.0 104.0 104.0 103.0 103.0 105.0 105.0 105.0 105.0 105.0 104.0 104.0 104.0 104.0 104.0 104.0 104.0 104.0 104.0 104.0 104.0 104.0 104.0 104.0 104.0 104.0 103.0 103.0 104.0 -9999 103.0 103.0 103.0 103.0 103.0 103.0 103.0 103.0 103.0 103.0 103.0 102.0 102.0 102.0 101.0 101.0 101.0 101.0 101.0 101.0 101.0 101.0 101.0 101.0 -9999 -9999 -9999 -9999 -9999 -9999 -9999 -9999 -9999 -9999 -9999
104.0 104.0 105.0 106.0 106.0 106.0 105.0 104.0 104.0 105.0 106.0 105.0 104.0 104.0 105.0 105.0 105.0 106.0 106.0 106.0 105.0 105.0 105.0 105.0 106.0 105.0 105.0 105.0 105.0 105.0 106.0 106.0 105.0 105.0 105.0 105.0 105.0 105.0 105.0 105.0 105.0 -9999 105.0 105.0 105.0 105.0 104.0 104.0 104.0 104.0 104.0 104.0 104.0 104.0 104.0 103.0 103.0 103.0 103.0 103.0 102.0 102.0 103.0 103.0 103.0 103.0 -9999 -9999 103.0 103.0 103.0 -9999 -9999 -9999 -9999 -9999 -9999
104.0 104.0 105.0 106.0 106.0 106.0 105.0 104.0 104.0 105.0 106.0 105.0 104.0 104.0 105.0 105.0 105.0 106.0 106.0 106.0 105.0 105.0 105.0 105.0 106.0 105.0 105.0 105.0 105.0 105.0 106.0 106.0 105.0 105.0 105.0 105.0 105.0 105.0 105.0 105.0 105.0 -9999 105.0 105.0 105.0 105.0 104.0 104.0 104.0 104.0 104.0 104.0 104.0 104.0 104.0 103.0 103.0 103.0 103.0 103.0 102.0 102.0 103.0 103.0 103.0 103.0 -9999 -9999 103.0 103.0 103.0 -9999 -9999 -9999 -9999 -9999 -9999
105.0 106.0 106.0 106.0 106.0 106.0 105.0 106.0 106.0 106.0 106.0 106.0 106.0 106.0 106.0 106.0 106.0 107.0 107.0 107.0 107.0 107.0 107.0 107.0 107.0 107.0 107.0 107.0 107.0 107.0 107.0 107.0 106.0 106.0 106.0 106.0 106.0 106.0 106.0 106.0 106.0 106.0 106.0 106.0 106.0 106.0 106.0 106.0 106.0 106.0 106.0 106.0 105.0 105.0 105.0 105.0 105.0 105.0 104.0 104.0 104.0 104.0 104.0 104.0 104.0 104.0 104.0 104.0 104.0 104.0 104.0 104.0 104.0 104.0 104.0 104.0 -9999
107.0 107.0 107.0 107.0 107.0 107.0 107.0 107.0 107.0 107.0 107.0 107.0 107.0 107.0 107.0 108.0 108.0 107.0 107.0 107.0 108.0 108.0 108.0 108.0 108.0 108.0 108.0 108.0 108.0 108.0 108.0 108.0 108.0 108.0 108.0 108.0 108.0 108.0 108.0 108.0 108.0 108.0 107.0 108.0 108.0 108.0 107.0 107.0 107.0 107.0 107.0 107.0 107.0 107.0 107.0 106.0 106.0 106.0 106.0 106.0 106.0 105.0 106.0 106.0 106.0 106.0 105.0 105.0 105.0 105.0 105.0 105.0 105.0 105.0 105.0 105.0 105.0
108.0 108.0 108.0 108.0 108.0 107.0 107.0 108.0 108.0 108.0 108.0 108.0 108.0 108.0 108.0 109.0 108.0 108.0 108.0 109.0 109.0 109.0 109.0 109.0 109.0 110.0 110.0 110.0 110.0 110.0 110.0 110.0 109.0 109.0 109.0 109.0 109.0 109.0 109.0 109.0 109.0 109.0 109.0 109.0 109.0 109.0 109.0 109.0 109.0 109.0 109.0 109.0 109.0 109.0 109.0 108.0 108.0 108.0 108.0 108.0 107.0 107.0 107.0 107.0 107.0 107.0 107.0 107.0 106.0 106.0 106.0 106.0 106.0 106.0 106.0 106.0 105.0
108.0 109.0 108.0 109.0 109.0 108.0 108.0 108.0 108.0 108.0 108.0 109.0 109.0 109.0 109.0 110.0 110.0 110.0 110.0 110.0 110.0 110.0 110.0 110.0 111.0 111.0 112.0 112.0 112.0 112.0 111.0 111.0 111.0 111.0 111.0 111.0 111.0 111.0 111.0 111.0 111.0 111.0 111.0 111.0 111.0 111.0 111.0 111.0 111.0 111.0 111.0 111.0 111.0 110.0 110.0 110.0 110.0 110.0 110.0 110.0 109.0 109.0 109.0 109.0 109.0 108.0 108.0 108.0 108.0 108.0 107.0 107.0 107.0 107.0 107.0 107.0 107.0
108.0 109.0 108.0 109.0 109.0 108.0 108.0 108.0 108.0 108.0 108.0 109.0 109.0 109.0 109.0 110.0 110.0 110.0 110.0 110.0 110.0 110.0 110.0 110.0 111.0 111.0 112.0 112.0 112.0 112.0 111.0 111.0 111.0 111.0 111.0 111.0 111.0 111.0 111.0 111.0 111.0 111.0 111.0 111.0 111.0 111.0 111.0 111.0 111.0 111.0 111.0 111.0 111.0 110.0 110.0 110.0 110.0 110.0 110.0 110.0 109.0 109.0 109.0 109.0 109.0 108.0 108.0 108.0 108.0 108.0 107.0 107.0 107.0 107.0 107.0 107.0 107.0
109.0 109.0 109.0 109.0 109.0 109.0 108.0 108.0 108.0 108.0 110.0 110.0 110.0 110.0 111.0 111.0 112.0 112.0 112.0 112.0 112.0 112.0 112.0 112.0 112.0 112.0 113.0 113.0 113.0 113.0 113.0 112.0 112.0 112.0 112.0 112.0 112.0 113.0 113.0 113.0 113.0 113.0 113.0 113.0 113.0 113.0 113.0 113.0 112.0 112.0 113.0 112.0 112.0 112.0 112.0 112.0 111.0 111.0 111.0 111.0 111.0 110.0 110.0 110.0 110.0 109.0 109.0 109.0 109.0 109.0 109.0 108.0 108.0 108.0 108.0 108.0 108.0
109.0 108.0 108.0 109.0 109.0 109.0 109.0 110.0 110.0 111.0 111.0 112.0 112.0 112.0 112.0 113.0 113.0 114.0 114.0 114.0 114.0 114.0 114.0 114.0 114.0 115.0 115.0 115.0 115.0 115.0 115.0 114.0 114.0 114.0 114.0 114.0 114.0 114.0 114.0 114.0 115.0 114.0 115.0 115.0 115.0 114.0 114.0 114.0 114.0 114.0 114.0 114.0 114.0 114.0 114.0 113.0 113.0 113.0 112.0 112.0 112.0 112.0 111.0 111.0 111.0 111.0 111.0 111.0 110.0 110.0 110.0 110.0 110.0 109.0 109.0 109.0 109.0
106.0 107.0 108.0 109.0 109.0 109.0 110.0 111.0 111.0 112.0 112.0 113.0 113.0 113.0 114.0 115.0 115.0 115.0 115.0 115.0 115.0 115.0 116.0 116.0 116.0 116.0 116.0 117.0 117.0 117.0 116.0 116.0 116.0 116.0 116.0 116.0 116.0 116.0 116.0 116.0 117.0 117.0 116.0 116.0 116.0 116.0 116.0 116.0 116.0 116.0 -9999 -9999 116.0 116.0 116.0 115.0 115.0 114.0 114.0 114.0 114.0 113.0 113.0 113.0 113.0 112.0 112.0 112.0 111.0 111.0 111.0 111.0 111.0 111.0 111.0 111.0 111.0
106.0 106.0 108.0 109.0 109.0 110.0 111.0 112.0 112.0 113.0 114.0 114.0 115.0 115.0 116.0 116.0 117.0 117.0 117.0 117.0 117.0 117.0 118.0 118.0 118.0 118.0 118.0 118.0 118.0 118.0 118.0 119.0 119.0 119.0 118.0 118.0 118.0 118.0 118.0 118.0 118.0 117.0 118.0 118.0 118.0 118.0 -9999 118.0 118.0 118.0 -9999 -9999 -9999 117.0 117.0 117.0 116.0 116.0 116.0 116.0 115.0 115.0 115.0 114.0 114.0 114.0 114.0 113.0 113.0 113.0 112.0 112.0 112.0 112.0 112.0 112.0 112.0
106.0 106.0 108.0 109.0 109.0 110.0 111.0 112.0 112.0 113.0 114.0 114.0 115.0 115.0 116.0 116.0 117.0 117.0 117.0 117.0 117.0 117.0 118.0 118.0 118.0 118.0 118.0 118.0 118.0 118.0 118.0 119.0 119.0 119.0 118.0 118.0 118.0 118.0 118.0 118.0 118.0 117.0 118.0 118.0 118.0 118.0 -9999 118.0 118.0 118.0 -9999 -9999 -9999 117.0 117.0 117.0 116.0 116.0 116.0 116.0 115.0 115.0 115.0 114.0 114.0 114.0 114.0 113.0 113.0 113.0 112.0 112.0 112.0 112.0 112.0 112.0 112.0
107.0 107.0 108.0 107.0 107.0 109.0 111.0 113.0 113.0 115.0 115.0 116.0 117.0 117.0 118.0 118.0 119.0 119.0 119.0 119.0 119.0 119.0 120.0 120.0 120.0 120.0 120.0 120.0 120.0 120.0 120.0 120.0 120.0 120.0 120.0 120.0 119.0 119.0 119.0 119.0 119.0 119.0 119.0 119.0 119.0 120.0 120.0 -9999 119.0 119.0 119.0 -9999 -9999 -9999 -9999 118.0 118.0 118.0 117.0 117.0 117.0 116.0 116.0 115.0 115.0 115.0 115.0 114.0 114.0 114.0 114.0 114.0 113.0 113.0 113.0 113.0 113.0
108.0 109.0 109.0 108.0 108.0 108.0 111.0 112.0 112.0 115.0 117.0 118.0 118.0 118.0 119.0 120.0 120.0 120.0 120.0 120.0 121.0 121.0 121.0 121.0 122.0 122.0 122.0 122.0 122.0 122.0 122.0 122.0 122.0 122.0 121.0 121.0 121.0 121.0 120.0 120.0 120.0 120.0 120.0 120.0 120.0 121.0 121.0 121.0 121.0 121.0 121.0 121.0 -9999 -9999 -9999 120.0 120.0 119.0 119.0 119.0 118.0 118.0 118.0 117.0 117.0 117.0 117.0 115.0 115.0 115.0 116.0 115.0 115.0 114.0 114.0 114.0 114.0
109.0 109.0 110.0 111.0 111.0 110.0 110.0 112.0 112.0 115.0 118.0 120.0 120.0 120.0 121.0 122.0 122.0 122.0 122.0 122.0 122.0 123.0 123.0 123.0 123.0 123.0 123.0 124.0 124.0 124.0 124.0 123.0 123.0 123.0 123.0 122.0 122.0 122.0 122.0 122.0 122.0 122.0 122.0 121.0 121.0 121.0 122.0 123.0 122.0 122.0 122.0 122.0 122.0 122.0 122.0 121.0 121.0 120.0 120.0 120.0 120.0 119.0 119.0 119.0 119.0 118.0 117.0 117.0 117.0 117.0 117.0 117.0 116.0 116.0 116.0 115.0 115.0
112.0 112.0 110.0 111.0 111.0 113.0 113.0 113.0 113.0 115.0 118.0 120.0 121.0 121.0 122.0 123.0 124.0 124.0 124.0 124.0 124.0 124.0 124.0 124.0 124.0 125.0 125.0 125.0 125.0 125.0 125.0 125.0 124.0 124.0 125.0 124.0 124.0 124.0 123.0 123.0 124.0 123.0 123.0 122.0 122.0 123.0 123.0 124.0 124.0 124.0 124.0 123.0 123.0 123.0 123.0 123.0 122.0 122.0 121.0 121.0 121.0 121.0 120.0 120.0 120.0 119.0 118.0 119.0 118.0 118.0 118.0 118.0 117.0 117.0 117.0 117.0 116.0
112.0 112.0 110.0 111.0 111.0 113.0 113.0 113.0 113.0 115.0 118.0 120.0 121.0 121.0 122.0 123.0 124.0 124.0 124.0 124.0 124.0 124.0 124.0 124.0 124.0 125.0 125.0 125.0 125.0 125.0 125.0 125.0 124.0 124.0 125.0 124.0 124.0 124.0 123.0 123.0 124.0 123.0 123.0 122.0 122.0 123.0 123.0 124.0 124.0 124.0 124.0 123.0 123.0 123.0 123.0 123.0 122.0 122.0 121.0 121.0 121.0 121.0 120.0 120.0 120.0 119.0 118.0 119.0 118.0 118.0 118.0 118.0 117.0 117.0 117.0 117.0 116.0
115.0 114.0 115.0 114.0 114.0 114.0 116.0 115.0 115.0 114.0 117.0 121.0 123.0 123.0 124.0 124.0 126.0 126.0 126.0 126.0 126.0 126.0 126.0 126.0 126.0 126.0 126.0 126.0 126.0 126.0 126.0 126.0 126.0 126.0 126.0 126.0 126.0 126.0 126.0 126.0 125.0 125.0 124.0 124.0 124.0 124.0 124.0 124.0 125.0 125.0 125.0 125.0 124.0 124.0 124.0 -9999 124.0 123.0 123.0 123.0 123.0 122.0 121.0 120.0 120.0 120.0 120.0 119.0 119.0 119.0 118.0 118.0 118.0 118.0 118.0 118.0 118.0
117.0 115.0 116.0 116.0 116.0 116.0 115.0 119.0 119.0 116.0 117.0 120.0 123.0 123.0 124.0 126.0 127.0 127.0 127.0 127.0 127.0 126.0 126.0 126.0 127.0 126.0 127.0 127.0 127.0 127.0 127.0 126.0 126.0 126.0 127.0 127.0 128.0 127.0 127.0 127.0 126.0 126.0 126.0 125.0 125.0 126.0 125.0 125.0 126.0 126.0 126.0 126.0 125.0 125.0 125.0 125.0 125.0 124.0 124.0 124.0 124.0 123.0 122.0 122.0 122.0 121.0 121.0 120.0 120.0 120.0 119.0 119.0 120.0 120.0 120.0 119.0 119.0
116.0 116.0 116.0 117.0 117.0 116.0 117.0 120.0 120.0 118.0 119.0 121.0 123.0 123.0 125.0 126.0 127.0 127.0 127.0 127.0 127.0 126.0 126.0 126.0 126.0 126.0 126.0 126.0 126.0 127.0 127.0 127.0 127.0 127.0 127.0 127.0 128.0 128.0 128.0 128.0 127.0 127.0 127.0 127.0 127.0 127.0 127.0 127.0 127.0 127.0 127.0 127.0 127.0 126.0 126.0 126.0 125.0 125.0 125.0 125.0 124.0 124.0 123.0 123.0 123.0 121.0 121.0 121.0 121.0 121.0 120.0 120.0 121.0 121.0 121.0 -9999 -9999
118.0 117.0 117.0 118.0 118.0 118.0 119.0 121.0 121.0 121.0 120.0 119.0 122.0 122.0 124.0 125.0 126.0 126.0 126.0 127.0 127.0 127.0 127.0 127.0 127.0 127.0 127.0 127.0 127.0 127.0 127.0 127.0 127.0 127.0 127.0 128.0 128.0 129.0 129.0 129.0 129.0 128.0 128.0 127.0 127.0 127.0 127.0 127.0 127.0 127.0 126.0 127.0 127.0 127.0 127.0 126.0 126.0 125.0 125.0 125.0 -9999 124.0 124.0 123.0 123.0 122.0 122.0 121.0 121.0 121.0 121.0 121.0 121.0 121.0 121.0 121.0 120.0
118.0 117.0 117.0 118.0 118.0 118.0 119.0 121.0 121.0 121.0 120.0 119.0 122.0 122.0 124.0 125.0 126.0 126.0 126.0 127.0 127.0 127.0 127.0 127.0 127.0 127.0 127.0 127.0 127.0 127.0 127.0 127.0 127.0 127.0 127.0 128.0 128.0 129.0 129.0 129.0 129.0 128.0 128.0 127.0 127.0 127.0 127.0 127.0 127.0 127.0 126.0 127.0 127.0 127.0 127.0 126.0 126.0 125.0 125.0 125.0 -9999 124.0 124.0 123.0 123.0 122.0 122.0 121.0 121.0 121.0 121.0 121.0 121.0 121.0 121.0 121.0 120.0
119.0 119.0 119.0 119.0 119.0 119.0 120.0 121.0 121.0 121.0 120.0 119.0 117.0 117.0 122.0 123.0 124.0 125.0 125.0 125.0 127.0 127.0 127.0 127.0 127.0 127.0 127.0 128.0 128.0 128.0 128.0 127.0 128.0 128.0 128.0 128.0 128.0 129.0 129.0 129.0 128.0 128.0 128.0 127.0 127.0 128.0 127.0 127.0 127.0 127.0 127.0 127.0 127.0 127.0 127.0 127.0 126.0 125.0 125.0 125.0 125.0 124.0 124.0 123.0 123.0 122.0 122.0 122.0 122.0 122.0 122.0 122.0 122.0 122.0 122.0 122.0 122.0
120.0 120.0 120.0 120.0 120.0 121.0 121.0 120.0 120.0 120.0 120.0 120.0 119.0 119.0 120.0 121.0 124.0 125.0 125.0 126.0 126.0 127.0 126.0 126.0 126.0 127.0 128.0 128.0 128.0 129.0 129.0 129.0 129.0 129.0 129.0 129.0 128.0 128.0 128.0 128.0 128.0 128.0 128.0 128.0 128.0 128.0 128.0 128.0 127.0 127.0 127.0 127.0 127.0 127.0 127.0 127.0 126.0 126.0 125.0 125.0 125.0 124.0 124.0 123.0 123.0 122.0 122.0 122.0 122.0 122.0 122.0 122.0 123.0 124.0 124.0 -9999 -9999
124.0 124.0 123.0 123.0 123.0 123.0 123.0 122.0 122.0 121.0 121.0 121.0 119.0 119.0 120.0 121.0 123.0 124.0 124.0 125.0 126.0 126.0 127.0 127.0 127.0 127.0 128.0 129.0 129.0 129.0 129.0 129.0 129.0 129.0 129.0 129.0 129.0 129.0 128.0 128.0 129.0 129.0 128.0 128.0 128.0 127.0 127.0 128.0 128.0 128.0 127.0 127.0 127.0 127.0 127.0 127.0 126.0 126.0 125.0 125.0 125.0 124.0 124.0 123.0 123.0 123.0 122.0 122.0 122.0 122.0 122.0 123.0 -9999 -9999 -9999 -9999 -9999
124.0 125.0 124.0 123.0 123.0 124.0 122.0 122.0 122.0 121.0 121.0 121.0 120.0 120.0 121.0 121.0 123.0 124.0 124.0 124.0 124.0 125.0 126.0 126.0 126.0 128.0 129.0 129.0 129.0 129.0 130.0 130.0 130.0 130.0 130.0 130.0 130.0 129.0 129.0 129.0 129.0 129.0 129.0 128.0 128.0 128.0 128.0 128.0 128.0 128.0 128.0 128.0 127.0 127.0 127.0 127.0 126.0 126.0 125.0 125.0 125.0 125.0 124.0 123.0 123.0 123.0 122.0 122.0 123.0 123.0 -9999 -9999 -9999 -9999 -9999 -9999 122.0
124.0 125.0 124.0 123.0 123.0 124.0 122.0 122.0 122.0 121.0 121.0 121.0 120.0 120.0 121.0 121.0 123.0 124.0 124.0 124.0 124.0 125.0 126.0 126.0 126.0 128.0 129.0 129.0 129.0 129.0 130.0 130.0 130.0 130.0 130.0 130.0 130.0 129.0 129.0 129.0 129.0 129.0 129.0 128.0 128.0 128.0 128.0 128.0 128.0 128.0 128.0 128.0 127.0 127.0 127.0 127.0 126.0 126.0 125.0 125.0 125.0 125.0 124.0 123.0 123.0 123.0 122.0 122.0 123.0 123.0 -9999 -9999 -9999 -9999 -9999 -9999 122.0
125.0 126.0 127.0 126.0 126.0 126.0 125.0 123.0 123.0 122.0 121.0 121.0 121.0 121.0 123.0 123.0 123.0 123.0 123.0 123.0 123.0 124.0 126.0 126.0 125.0 128.0 128.0 129.0 129.0 130.0 130.0 130.0 130.0 130.0 130.0 130.0 130.0 130.0 130.0 130.0 130.0 129.0 129.0 129.0 129.0 128.0 128.0 128.0 128.0 128.0 128.0 128.0 128.0 128.0 128.0 127.0 127.0 126.0 126.0 126.0 125.0 125.0 124.0 123.0 123.0 123.0 123.0 123.0 123.0 123.0 124.0 -9999 124.0 123.0 123.0 122.0 121.0
128.0 128.0 126.0 127.0 127.0 127.0 127.0 126.0 126.0 123.0 122.0 123.0 121.0 121.0 121.0 123.0 123.0 125.0 125.0 125.0 125.0 125.0 127.0 127.0 128.0 128.0 129.0 130.0 130.0 130.0 130.0 131.0 131.0 131.0 131.0 131.0 131.0 131.0 131.0 131.0 131.0 131.0 131.0 130.0 130.0 129.0 129.0 129.0 129.0 129.0 129.0 129.0 129.0 129.0 129.0 128.0 128.0 127.0 126.0 126.0 126.0 126.0 125.0 124.0 124.0 124.0 124.0 124.0 124.0 124.0 124.0 123.0 123.0 123.0 123.0 122.0 121.0
