KEPLER/4.2/binaries/lib/outreach-2.3.0/workflows/data/geon/gravityGrid.asc
ncols        54
nrows        54
xllcorner    34.900001525878906
yllcorner    -120.0
cellsize     0.001851000008173287
NODATA_value	-9999.0
[rows 19 to 37 of 54, columns 0 to 42 of 54]
-72.40742941967315 -72.24801233526307 -72.06046846730267 -71.80671960175195 -71.32733339986231 -69.73356251958703 -70.99516324786211 -71.44288515662595 -71.56474825368788 -71.61790764070643 -71.651213017269 -71.66413588654976 -71.65375330792214 -71.62770497237398 -71.60457965488534 -71.60269832647846 -71.62075568177447 -71.64257330031057 -71.65731919361012 -71.66325516688362 -71.66090177611066 -71.65084390865572 -71.63966556058733 -71.64505345442251 -71.68596508992447 -71.76013067395303 -71.84425839264023 -71.91846187088993 -71.98621872381895 -72.07700910302631 -72.20658739882155 -72.34821292678492 -72.47612725257079 -72.58177422436492 -72.66589864772301 -72.73452601091839 -72.80538653815195 -72.90280593187131 -73.02622489898941 -73.1519881937206 -73.26222356716723 -73.3467953430678 -73.38550713028266
-71.88648681195633 -71.75009487480195 -71.9588963517627 -72.19583132296144 -72.3621931613493 -72.46813713822503 -72.53935252181672 -72.58579777373188 -72.61102024186029 -72.61829745248014 -72.61243453646196 -72.59747142724046 -72.57200138765664 -72.52618875261314 -72.4460643725979 -72.36789097431169 -72.43131789319882 -72.55169882723116 -72.63917274198256 -72.70039579798039 -72.74731529693133 -72.78609262337078 -72.81882896980383 -72.84549815848133 -72.86505064240494 -72.87603915252569 -72.87950691272565 -72.88456418361005 -72.90941994528879 -72.9605946017699 -73.0202735883623 -73.06749198149416 -73.08703389720598 -73.05183172174308 -72.88176106605363 -72.66353445919627 -73.07082902464238 -73.3631620476734 -73.53734830197241 -73.66243976742405 -73.76225602623735 -73.84598576568132 -73.91796394192441
-74.03946135333773 -73.92109145649755 -73.80519638980294 -73.71607618152339 -73.6630094852999 -73.6388191449214 -73.63621354341106 -73.63375720176748 -73.61443491184667 -73.57648479703792 -73.51530138369583 -73.38900259202813 -73.0438710448647 -72.95069655162452 -73.3836162125024 -73.55558914206598 -73.64059993565151 -73.69308204123368 -73.73041580710257 -73.75960071981619 -73.78055927858506 -73.79185687649228 -73.8057269849634 -73.8406132035475 -73.88361730277491 -73.92099360175399 -73.94253658078198 -73.93661693829846 -73.89623734371892 -73.88833347964783 -73.9796314887286 -74.0604538380578 -74.1040383704497 -74.11261336486159 -74.0717169749094 -73.90159281997241 -73.16939367917021 -73.85846323862113 -74.11078761520841 -74.21816113597423 -74.29505583905345 -74.36202760641613 -74.42230983530445
-75.29552909569355 -75.2345181607693 -75.16820829283236 -75.09488848108549 -75.01035544166571 -74.90653796524663 -74.76506415769327 -74.54188949214961 -74.32491355034283 -74.43900296249566 -74.52661139747939 -74.54948224431283 -74.44744212383297 -74.35871293236407 -74.57026552118033 -74.661545421602 -74.6730610796345 -74.64860720441598 -74.636431359258 -74.66015430723688 -74.7161088909227 -74.80407622832843 -74.89780482387455 -74.97301811387594 -75.024106110815 -75.06400648948983 -75.09710435021034 -75.12293271630479 -75.1359591380728 -75.105799625737 -74.4060217358761 -75.14879793868627 -75.25079861153765 -75.29652846698065 -75.32490223642813 -75.34693973121801 -75.36590746550488 -75.37798046564252 -75.37771886840504 -75.35935726817684 -75.31746296466628 -75.28237571438751 -75.34047883593198
-76.43672890233363 -76.41232077293449 -76.38563551410003 -76.3559502581915 -76.32335926631389 -76.28864682430788 -76.25252165208614 -76.21552199091812 -76.17757924675736 -76.14019784565339 -76.11208412226537 -76.1014692992451 -76.0975263964415 -76.0914720826629 -76.08212694823102 -76.06981578052974 -76.05496700340727 -76.03840833622876 -76.02309829865094 -76.01591883510127 -76.02459052408328 -76.04846148098063 -76.07925451961742 -76.11021567778937 -76.13872942319588 -76.16393058445206 -76.1858201157574 -76.2062953072703 -76.23345980505938 -76.27420848858968 -76.32269568939094 -76.37396074154846 -76.42764913779179 -76.4840207586809 -76.54338045446238 -76.60533440694262 -76.66980864447798 -76.74022969867173 -76.83603276798317 -76.90441735854635 -76.84282834160494 -76.8172507343325 -76.79667328745869
-77.63536708652441 -77.63467771353803 -77.62988160733292 -77.62057763490034 -77.60728438369026 -77.59126304639423 -77.57387284973422 -77.5558794145078 -77.53597542560786 -77.51019369899373 -77.47482751774373 -77.43167957231547 -77.38559193756478 -77.33959050181547 -77.29421936882727 -77.24867437156819 -77.2022582446493 -77.15415968194236 -77.10407840775028 -77.05179390052396 -76.99717592008393 -76.93958053170276 -76.87844319385943 -76.81392611875877 -76.74730036535767 -76.68255624957915 -76.62603266705395 -76.58206583049078 -76.54220687107089 -76.49606790993126 -76.4432446745254 -76.29060712356346 -75.82193879737206 -76.87496498726871 -77.16328380477563 -77.14163482063222 -77.21294104039676 -77.27289697704177 -77.31958367023532 -77.35547503703012 -77.38301606339444 -77.40535758579868 -77.42661877857033
-79.04158151488669 -79.20374506662594 -79.39533100117613 -79.469501375894 -79.32549285392129 -79.14238541521156 -79.00865191066694 -78.91808977523746 -78.8533355451935 -78.80186006598186 -78.75531878857386 -78.70928266828928 -78.66222753431822 -78.6145784983011 -78.56726363392704 -78.52070729449154 -78.47515464475222 -78.4301830467589 -78.38623693228091 -78.34912230578809 -78.35320002742581 -78.34361523538585 -78.11142584239313 -77.9726663214867 -77.88856946420371 -77.83202482258565 -77.79126458048485 -77.76158969653838 -77.73711229007002 -77.70905840389136 -77.66136372645961 -77.57675263271743 -77.59947904983916 -77.69122580781541 -77.74360419052667 -77.77524144749971 -77.79725391223485 -77.81480464476736 -77.8307268687263 -77.84641330180807 -77.86204483488547 -77.87743684297058 -77.89250167690946
-80.09213768433986 -80.09896779561728 -80.08556236846036 -80.07043117771829 -80.06263759603891 -80.06421873272456 -80.07424069104245 -80.09030593723307 -80.10868219345826 -80.12403587088801 -80.13071221676942 -80.12602359113087 -80.11295699296569 -80.0986713113735 -80.09120180639908 -80.09837439387378 -80.13018000627204 -80.20740890101885 -80.39564349905066 -81.04852152589747 -81.04203465570446 -80.2728088849164 -79.97607152249738 -79.7903501549345 -79.64821071384024 -79.52997741714437 -79.42705751800912 -79.33522402542134 -79.25164441237709 -79.17462422035923 -79.10259432724379 -79.0396777630749 -78.99328716106012 -78.94975760735997 -78.90411221600718 -78.85703083377976 -78.80779357289377 -78.75416283895687 -78.69265962836862 -78.61846020522042 -78.53167324888382 -78.46067024498396 -78.4472624515737
-81.20744313033586 -81.31381176162927 -81.41235414320484 -81.49515571865848 -81.55645695099815 -81.59583200002282 -81.61928890860749 -81.63442731099778 -81.64583720798234 -81.65398573665098 -81.65777565987236 -81.6578170255919 -81.65807670287008 -81.664867625401 -81.68490754507289 -81.72477416865982 -81.79235156678905 -81.90285605686917 -82.0790389665529 -82.21353571045105 -81.9892530456021 -81.68354973559256 -81.42874577451305 -81.21447441457968 -81.02710066318163 -80.8592792267364 -80.70491591098374 -80.55867965706719 -80.41425668874933 -80.28049054348557 -80.19987011426939 -80.13453523168269 -80.06278297027416 -79.98953426783851 -79.9174962952966 -79.84772730763427 -79.78022770345731 -79.71429375612982 -79.64882723913365 -79.5815827562851 -79.51012754006301 -79.4330207632865 -79.35188395432034
-82.13094663888056 -82.29036246591465 -82.45031284984199 -82.60222940275305 -82.74069577966749 -82.86538363207974 -82.9805440031041 -83.0848144441791 -83.16263892611543 -83.18911039865145 -83.15607917731191 -83.08440289213172 -83.00639729373319 -82.94612520052071 -82.91413554782964 -82.91050943596534 -82.92681813026671 -82.9448633628476 -82.9377024257865 -82.88208635670495 -82.77827068831805 -82.64874826620641 -82.51449922199342 -82.3758146632826 -82.21728081876215 -82.03934577898798 -81.85977991282051 -81.69158295704491 -81.53605892452931 -81.39016317064858 -81.25085685573657 -81.11803501124322 -80.99193043639424 -80.87347534946545 -80.76336614443498 -80.66383765643316 -80.57659093751037 -80.50055033808201 -80.43274773365309 -80.3701785863193 -80.31194758669325 -80.25997557212095 -80.22198224449818
-82.6423649425914 -82.8232256582199 -83.03436998112242 -83.28374132205398 -83.57484299962559 -83.87052612373523 -84.043498782982 -83.99787710688852 -83.84981152395885 -83.72183672267252 -83.64244472917693 -83.60544321733532 -83.60123693811569 -83.62551433916416 -83.68213747240175 -83.78354901049535 -83.93458498280685 -84.06655161044135 -84.00531534879495 -83.78170997435727 -83.5704279651294 -83.41701485591346 -83.29934681892631 -83.17950437775997 -83.03008724767956 -82.85652589565146 -82.67925508833886 -82.51203480463204 -82.35873441497162 -82.21943441688326 -82.09145510635548 -81.97177150151822 -81.8571955874321 -81.74676127594769 -81.64110767659001 -81.54279730465343 -81.45393347274383 -81.37490053517213 -81.3044912741571 -81.24010002169764 -81.17977908392263 -81.12320155107719 -81.07208526420345
-82.98617948364142 -83.132443927665 -83.30228671041249 -83.51242560461264 -83.8060746975403 -84.3142245420492 -85.65113206032889 -86.56385127926309 -84.76294493634505 -84.3053291366747 -84.16245607850446 -84.13450877623937 -84.16420750306467 -84.23569266304145 -84.36085716971951 -84.59406003719218 -85.09110176979283 -86.31442131896658 -86.61377786242913 -85.09832998852667 -84.42541547371931 -84.07168180524268 -83.84373305557968 -83.67337167080571 -83.53122538774181 -83.40534071132434 -83.291211852984 -83.18907553925058 -83.09982104277117 -83.01824213625795 -82.9244879921793 -82.81017710428026 -82.69273752105836 -82.58538982404933 -82.49145992596873 -82.41370830334331 -82.35666237259268 -82.3068422493657 -82.23223011650849 -82.16576883848475 -82.1154531155777 -82.06763044904294 -81.99949365890724
-83.84037767007577 -84.22109630999678 -84.71088347525018 -84.97297952506668 -84.76336461226653 -84.57039165237326 -84.52273507064662 -84.58710966137585 -84.75081036722163 -85.04228831005996 -85.49481187798719 -85.6651822786623 -85.26642306932104 -84.96498970479621 -84.81169365630191 -84.7394309880511 -84.70880742636554 -84.69609742125442 -84.68892349772851 -84.68738375171009 -84.70442555704459 -84.76179295477563 -84.87598331124481 -84.99402666163203 -84.91796015134813 -84.62990370853412 -84.33088811259888 -84.08943124425718 -83.89828065420166 -83.74441436068263 -83.61815704774666 -83.51619005208701 -83.44618920928028 -83.45362817252686 -83.67294990731173 -83.3075957365846 -83.05693689727545 -82.90671134028182 -82.79536913343549 -82.70830371040933 -82.64309491096185 -82.5989154537793 -82.55657376737017
-83.61080780270468 -83.72320873294073 -83.83668282590901 -83.95055882629255 -84.06566263117946 -84.18260467618889 -84.30173566241672 -84.42099327561505 -84.536271799187 -84.64058009184521 -84.72790741982425 -84.79771289423371 -84.85663574624971 -84.9127013438973 -84.97015132089483 -85.02767575812496 -85.07789872433952 -85.11037004629077 -85.11651388988204 -85.0967145881487 -85.0612802862422 -85.02295946126804 -84.98891651283752 -84.95630375360881 -84.911565579048 -84.8380444240239 -84.72933422234013 -84.59426337886524 -84.44711117561309 -84.29992518030585 -84.158024988787 -84.02245879841273 -83.89198739469012 -83.76652786567048 -83.6460178208305 -83.53086738689825 -83.42029746403774 -83.31253555504684 -83.20678123164615 -83.10343528225513 -83.00462702462924 -82.91286150836144 -82.83111184915977
-83.92155084066967 -84.06305672757654 -84.21374603335175 -84.37159992529514 -84.53268629824575 -84.68720723355962 -84.82175543200333 -84.92742467497575 -85.01098810529307 -85.08943527336666 -85.17910605404128 -85.29026911312263 -85.42920058152599 -85.59770226203533 -85.78438402455032 -85.94658201777335 -86.02535093951599 -86.02387377408871 -85.98244762558504 -85.91396035580298 -85.82251830952318 -85.72303486138601 -85.63173190383114 -85.55449431215428 -85.48458239246668 -85.40733028286677 -85.30720170652484 -85.177856204771 -85.02493083770449 -84.86153609577127 -84.69847210034652 -84.542314390717 -84.39537564251236 -84.25841282931552 -84.12965696341439 -84.0069218704474 -83.8874300457343 -83.76877087175538 -83.65036301097051 -83.53231167270626 -83.415470991903 -83.30013243447615 -83.18657864156464
-84.26861863960995 -84.44208934418198 -84.62888666571003 -84.82693865294421 -85.03227141470437 -85.23304110475637 -85.40840655845562 -85.53686686485545 -85.62070072840247 -85.68705080843705 -85.76604667891392 -85.8763824556855 -86.0236690585021 -86.18809140771853 -86.30376775568608 -86.31647951871642 -86.27367715344023 -86.23557395692251 -86.21359234251015 -86.19643002734288 -86.1716261251604 -86.13471104993496 -86.0922096202082 -86.05804471692676 -86.04838969187144 -86.08309127245195 -86.19631570351862 -86.45407202514986 -86.85731664934627 -86.73396236764755 -86.10838704196367 -85.62245237274543 -85.27788815271452 -85.01457192631837 -84.79801537161279 -84.61019810307 -84.4395726038997 -84.27847336955223 -84.12335901192465 -83.97232432801817 -83.82486696770903 -83.68043844418467 -83.53968732685124
-84.33060275248211 -84.50342280549748 -84.68831259721463 -84.88313113494907 -85.08497965449072 -85.28609373322665 -85.47374800181709 -85.6318425877139 -85.75385115457213 -85.8519262729544 -85.95608085014358 -86.10314346179534 -86.32439268877894 -86.57587463674709 -86.62663847230598 -86.49577959203786 -86.42653561173931 -86.47287812568605 -86.63748315925731 -86.9508538679021 -87.4943045855739 -88.24419360377911 -88.32071403163313 -88.25249151330117 -88.7408766145672 -88.19497013696633 -87.98327006779051 -90.55515915967655 -87.22788627377335 -86.58741702689602 -86.23655266148151 -85.95512634524866 -85.70075855306695 -85.46691975517493 -85.25174122879054 -85.05601975392922 -84.87974609087476 -84.7191101397687 -84.56581874176005 -84.41117924246329 -84.25522941076484 -84.09570437141238 -83.91149079112438
-84.09602529439712 -84.24206733432952 -84.39493822966494 -84.55162001059281 -84.70867442922088 -84.85997847079302 -84.99828129630028 -85.11673757485717 -85.21488742122698 -85.3004890897117 -85.38977699399712 -85.50480661890094 -85.67244172792127 -85.90035339629661 -86.04668676117652 -85.93798126104804 -85.78975791561761 -85.71676195331067 -85.71066388582763 -85.7603241533266 -85.87380201471048 -86.09817607462196 -86.54926561192109 -86.73330607075705 -86.21087253925224 -85.90935409715222 -85.74456694192253 -85.63612174010092 -85.55167591848942 -85.47574383618948 -85.39805892056214 -85.31061158040934 -85.20602380143917 -85.08041920825266 -84.93547353451834 -84.7786968994277 -84.61731627936356 -84.45456315671812 -84.29081044496048 -84.12352865838888 -83.94823439576061 -83.752759296885 -83.49604959506743
-83.71285280221544 -83.82920017458288 -83.95090246958904 -84.07603074773101 -84.20107502001049 -84.3174557682512 -84.41363740155573 -84.4835080496582 -84.53522369804914 -84.58361235123768 -84.63999918569431 -84.7085519118325 -84.78668742789134 -84.86334700622339 -84.92223111516044 -84.95853251657772 -84.98748760282494 -85.02948652792932 -85.09892422202769 -85.20775952752436 -85.37123688394593 -85.6153166452152 -85.97932871718395 -86.46433436511265 -86.76061051819963 -86.56985948093988 -86.20134699825802 -85.81619427932667 -85.49379321293277 -85.23851962493673 -85.0274402308865 -84.84476109162301 -84.68309904626466 -84.53973076135216 -84.41106010758087 -84.29349712798297 -84.18261296879125 -84.07343352038122 -83.96252263417158 -83.84903810941127 -83.73512103038283 -83.62281831440104 -83.51371827650159
