KEPLER/4.2/binaries/lib/outreach-2.3.0/workflows/data/geon/gravityGrid.asc
ncols        54
nrows        54
xllcorner    34.900001525878906
yllcorner    -120.0
cellsize     0.001851000008173287
NODATA_value	-9999.0
[rows 0 to 18 of 54, columns 0 to 42 of 54]
-76.89138651219906 -76.77034795110056 -76.61401756738951 -76.53421297159363 -76.65399364484382 -76.82678860103398 -76.95999045353685 -77.05828285477187 -77.1400015170825 -77.21972816997787 -77.30791709575738 -77.40940608292463 -77.52423530294473 -77.64922733605808 -77.78073737959845 -77.91677518556608 -78.05577694818015 -78.19831444305362 -78.3451003003512 -78.49718249134533 -78.65365128384994 -78.80769453959738 -78.94126227878604 -79.0529954438504 -79.16383609998698 -79.28036211612812 -79.39850230752387 -79.51079707043644 -79.61097381042946 -79.69744678081763 -79.77526228554639 -79.85084261182749 -79.92876015175136 -80.01069828797485 -80.09751783622484 -80.18928619576573 -80.28620110560391 -80.38875468909896 -80.49702167037238 -80.61125932829368 -80.7306899845088 -80.85404714370398 -80.97915496680436
-76.39605278358121 -76.31166481748649 -76.22809201918012 -76.14969488923856 -76.07293446549507 -75.97977696372466 -75.83266707206018 -75.59008845310441 -75.35201963689268 -75.54759621570538 -76.02568330205003 -76.44209035811681 -76.77480758878349 -77.04990382275206 -77.28341888598071 -77.49064987061676 -77.6925157484288 -77.90843332796796 -78.13619167058451 -78.36457661160091 -78.58746460795722 -78.80573683435027 -79.02199741250368 -79.238425877648 -79.45695925338592 -79.67563311491018 -79.88918857947415 -80.08509941223002 -80.24837949081846 -80.37379881526236 -80.47482134953941 -80.57043375529844 -80.67443080695028 -80.79438617984835 -80.9381470683299 -81.11958718467326 -81.37043353358057 -81.72031570773565 -81.84010255874415 -81.70985363122244 -81.68780624330634 -81.7466148429731 -81.85229561532805
-76.08384388789688 -75.99690354766177 -75.93783104980263 -75.93395109030102 -76.0009494808001 -76.13146056185205 -76.30252923886744 -76.4901236697936 -76.67971827203799 -76.86440671937704 -77.04264703820917 -77.2151129796754 -77.38622048025579 -77.56149658332714 -77.74384631682769 -77.9328317118302 -78.12504796154445 -78.31896156980622 -78.51282298963491 -78.70516868077844 -78.89397666535925 -79.07954767138162 -79.26391570411805 -79.4499411913372 -79.64071667596076 -79.83639522603339 -80.03655140248618 -80.23918256961699 -80.44328746448487 -80.65029155359727 -80.87068354942114 -81.12582140881503 -81.45368087534271 -81.90788688839378 -82.4460252545577 -82.5262397263777 -82.26751254171923 -82.16474504787605 -82.21739773877857 -82.35402421358734 -82.50785890462909 -82.70522486411565 -83.04630782933947
-76.08086961913371 -76.07143233089904 -76.08661645976666 -76.13015297434994 -76.20004953134335 -76.28917521257344 -76.38852185426964 -76.48919601700914 -76.58503844411713 -76.67203157947785 -76.7494228007286 -76.82206576196829 -76.90569362505448 -77.02445836326723 -77.19509455212096 -77.41314458498998 -77.65746272955707 -77.90956742927573 -78.15737172588057 -78.39436905431104 -78.61620713166137 -78.82329660835256 -79.01963713021307 -79.21079155015097 -79.40208574902769 -79.59509201929356 -79.79010768133521 -79.98490631740745 -80.17660720387497 -80.36252706113748 -80.54563637794112 -80.73314971818023 -80.93494794822324 -81.16060921921603 -81.42461003833773 -81.75081733510196 -82.16703962231 -82.5699768981347 -83.97078931625488 -82.46976200668747 -82.14237730829834 -82.03748582630848 -82.00336906238019
-75.08574578768615 -74.98586105931507 -74.97700023510085 -75.07373753819785 -75.2463349499177 -75.44683464645844 -75.63898890878367 -75.80327587297177 -75.93329983737924 -76.02794375645604 -76.08975849416812 -76.12801168858897 -76.17144972794779 -76.27529062498621 -76.4744354782081 -76.73547824220931 -77.00826310012627 -77.27221901454678 -77.52434537108034 -77.76803194807141 -78.00596668454257 -78.24060021222334 -78.47276751746645 -78.70240713622898 -78.93045883908229 -79.15670384438269 -79.38301248478646 -79.61169609582866 -79.84727953146196 -80.09597765530756 -80.37149991321007 -80.69746329909336 -81.10371814347567 -81.49640742259679 -81.53628243509287 -81.42984670755875 -81.40218966184204 -81.43757962542198 -81.5071089987233 -81.59700833668906 -81.70150474362555 -81.81732724668576 -81.93988338120317
-75.48533941568394 -75.47579276812723 -75.49703479251579 -75.55073831340883 -75.63201035478954 -75.7315028942591 -75.8393467891803 -75.94697074461797 -76.05044266185163 -76.1523404656964 -76.26419752978939 -76.39586755237058 -76.54283462058105 -76.69452254416832 -76.8455306684855 -76.99532121729708 -77.1442789069935 -77.2961406807242 -77.45700309498399 -77.63436173753236 -77.83115714355588 -78.04471319068954 -78.26887810302755 -78.49815507845726 -78.73025256205011 -78.96286206008385 -79.19576763755131 -79.42810308333895 -79.65887896786485 -79.88480715888933 -80.1035563707723 -80.31269238804644 -80.51223905307467 -80.7049832245368 -80.90177241169836 -81.13292562875621 -81.8663397727627 -81.44110207507119 -81.59779316083655 -81.79880302880026 -81.86841701965106 -81.90987948145724 -82.00983676118561
-75.21620204715539 -75.00987207849948 -74.7565646658576 -74.6521061010987 -74.88483441373792 -75.22787031656463 -75.51158605077951 -75.72759239744093 -75.89901028844115 -76.04328065425707 -76.1717255891579 -76.29088896994834 -76.40593362839415 -76.5210787763283 -76.63901906500578 -76.75923841672763 -76.87608480535478 -76.98162527024182 -77.06559058939983 -77.13274824857972 -77.26820555260164 -77.53810882925548 -77.83943150181166 -78.125300613489 -78.4020439699654 -78.67840942388266 -78.96241702591654 -79.25980925322821 -79.57590220432675 -79.91054930546393 -80.25416604190627 -80.5730592616624 -80.81836856663432 -80.97671321169736 -81.09768220120398 -81.23805568932389 -81.42958967152728 -81.68905942071068 -82.02749131243687 -82.44310254734874 -82.84103668060331 -82.94285941238562 -82.74982372906874
-75.38464697579688 -75.49539460766933 -75.65856308405375 -75.78289332087397 -75.6978338112113 -75.56338368430629 -75.4793668662639 -75.43216483038496 -75.40123322158313 -75.37142148821388 -75.3305313749582 -75.27361571549362 -75.22596809298634 -75.26765337683057 -75.43114108071182 -75.63280517608467 -75.80651005766104 -75.92963915763838 -75.97214719318887 -75.83876924141107 -75.53067501926338 -76.12640181220269 -76.65704838543674 -77.00540669956482 -77.28377857534022 -77.53029316727361 -77.75988255882885 -77.97693729187546 -78.18260796499064 -78.38771526613672 -78.6248631401039 -78.8853283841201 -79.14761538898682 -79.40701652611372 -79.66964097050916 -79.94553878012029 -80.24508202851611 -80.56331146896026 -80.82175193615136 -80.95447415445484 -81.05928108865136 -81.18122862351616 -81.29726319619647
-73.22549487387367 -73.12027763069688 -73.12822051256042 -73.23232930139595 -73.37657437414273 -73.51934800709026 -73.6462473954167 -73.75698856143062 -73.8565166400251 -73.94918418221336 -74.03799686248647 -74.12407861050232 -74.20812799744311 -74.29034939745237 -74.3709964905155 -74.45186553845758 -74.53771947942293 -74.63906150084257 -74.76626742579317 -74.91935099896283 -75.08627542164996 -75.25527905552737 -75.42091565627875 -75.58598855269022 -75.76453777373449 -75.97444226169681 -76.22373573531802 -76.51023766315679 -76.83008141781411 -77.1734621321548 -77.5399152462479 -77.94798128459023 -78.4618778964358 -79.23878422981554 -79.490059564245 -79.3063706962406 -79.41164642797256 -79.6497462450139 -79.98824072417322 -80.50334166691695 -81.72258412930749 -82.3948832889493 -81.3806576046325
-72.60330343402944 -72.44476274004921 -72.28547225253692 -72.10918443253738 -71.88670655967576 -71.58952226271214 -71.23585980361324 -71.01260810158078 -71.12443023424328 -71.38203703796023 -71.58777787230048 -71.72506590653686 -71.8221510480868 -71.88775330972516 -71.90809181521156 -71.86478708669888 -71.75794780266585 -71.63229951746597 -71.58131329687542 -71.68995595838238 -71.99678205405979 -72.43648728405297 -72.87165298379472 -73.20827647774581 -73.31909854420364 -73.32667327247249 -74.22545189618714 -74.84954878582595 -75.35184957789609 -75.86410217633852 -76.41696036733957 -76.83765014231892 -77.17195500916164 -77.55272320725061 -77.92743855450477 -78.26958644983814 -78.59680212508079 -78.9236361221998 -79.24890505130114 -79.57246934661029 -79.88411422313187 -80.16130141861656 -80.3847370654888
-72.40963990545593 -72.24594876154512 -72.0705140260989 -71.89277419410132 -71.73896789049934 -71.64870905805175 -71.63064340620866 -71.64682959291044 -71.65981511380332 -71.65818456052612 -71.64827110698903 -71.64262728053251 -71.65154971946916 -71.67880746650165 -71.72290929823608 -71.78102882522103 -71.84921456950386 -71.921332568825 -71.98680479889528 -72.02885929863639 -72.01637823161303 -71.8705984503435 -71.23283964021638 -63.55868230243615 -71.64231177208104 -72.44098658835696 -72.79041414252083 -73.37613979929144 -74.20714801562302 -74.82598761467432 -75.28616689432312 -75.57009554825832 -76.36344040456143 -77.10220350965167 -77.96528616723027 -78.64967932390059 -78.9790621007977 -79.7663212763712 -81.37845327994856 -80.54790098005903 -80.44362462816522 -80.75856327228377 -81.00729959205486
-71.89369608971884 -71.69562371348223 -71.48333297307607 -71.27051536282988 -71.08659780059011 -70.97843448219169 -70.97828511148737 -71.06687531031132 -71.19229894553838 -71.31330061507934 -71.41159780436051 -71.48339959391524 -71.53320283189184 -71.57011070382792 -71.60662768391785 -71.65559337218798 -71.72277521861204 -71.80185402519892 -71.8747962359441 -71.91541906420633 -71.8859648016243 -71.7179807107347 -71.24310446381658 -69.88923939639012 -66.29277346052962 -70.31743976034865 -72.19852261800304 -73.2283066050904 -73.96440250699368 -74.57846101224146 -75.14558090643845 -75.65895877255387 -76.0204669075532 -76.34563262589374 -76.69931708788809 -77.07414621708311 -77.47024912991778 -77.89682676882407 -78.35539021575056 -78.78449206883101 -79.05727413351667 -79.24910789517894 -79.48202909610266
-70.92071876908749 -70.66746835404214 -70.59084014321597 -70.56961693330328 -70.50631129083837 -70.41794101593716 -70.37893444424186 -70.4464683076687 -70.58199691707459 -70.71299555323773 -70.80197001311087 -70.83733121381404 -70.81632591979654 -70.73964165430272 -70.62144187210409 -70.51853659421357 -70.54442195688542 -70.75630814668185 -71.06855480943709 -71.38260607385824 -71.66051294512792 -71.90046085774861 -72.11011720431031 -72.30081673933856 -72.49316821123305 -72.72282922466951 -73.02782494770331 -73.40450877129767 -73.8203974560185 -74.24959508504823 -74.68437147849514 -75.1272681125262 -75.59680134054649 -76.15386140608706 -77.18567386679547 -78.24802129356023 -77.3366443906357 -77.49173467138795 -77.78101104288544 -78.08195523950866 -78.3455997316718 -78.58821249125806 -78.84226284920285
-71.51880678646702 -71.36745863019978 -71.21351203030551 -71.06166215955383 -70.9196352016964 -70.80115304451117 -70.72024238249293 -70.68017977979439 -70.6666133954607 -70.65671949361939 -70.62940196876391 -70.56795110284853 -70.45685612218504 -70.27815350348419 -70.01167697544955 -69.65226862512307 -69.30149478247334 -69.27492579255319 -69.62074854303324 -69.96451354265615 -70.13278168446594 -70.18161453923713 -70.4202442376245 -70.74806510214457 -70.55517738457883 -70.74860728427203 -71.9240516037607 -72.53963093088853 -73.03915038125363 -73.50770786665522 -73.97400077715245 -74.44708766042558 -74.87626792775674 -75.19837031342627 -75.5193498688628 -75.88457162259104 -76.30382094139412 -76.81856148889602 -77.51320762666438 -77.91968844034322 -77.84728848543617 -77.98604038372477 -78.25693909395055
-71.3030614573028 -71.06037975706522 -70.76998913745685 -70.43501442723975 -70.12955366026557 -70.02921583025594 -70.12188053811074 -70.2301144023544 -70.28671547769095 -70.28693171699031 -70.23038411708158 -70.10969046015299 -69.91020663895759 -69.63057347822729 -69.38362468527531 -69.4102571358682 -69.6066287297542 -69.73392970939597 -69.72697500321134 -69.54659023338627 -69.05206377503515 -68.08975380572498 -68.7410625766269 -69.85902290738522 -70.47787523663342 -70.87479415986365 -71.38427293802721 -71.89942910641011 -72.33809762041398 -72.72742791753134 -73.09046322090855 -73.44044188112919 -73.78854758388927 -74.14707186314833 -74.54024102529681 -74.9439000906131 -75.15493511726977 -75.33430380477697 -75.5790136400229 -75.8709642628334 -76.19717316262972 -76.51996743891574 -76.75885044938146
-71.42400627458032 -71.29981577367103 -71.1832497076456 -71.07202528031438 -70.96052659603308 -70.84266629584916 -70.71103056099702 -70.55627747087408 -70.36138866140155 -70.09155376401671 -69.65098907840284 -68.63928965892 -63.30248044944913 -68.26939051910291 -69.17494117119037 -69.38741004617923 -69.39762816324878 -69.30672099946582 -69.13553468285525 -68.85143448553231 -68.25988387779391 -66.59239078684125 -67.997184144995 -68.52721490244343 -66.56274358050376 -69.55806701267657 -70.3395869736582 -70.82497487684039 -71.20893526220577 -71.53570245427322 -71.82628124300652 -72.12215113155115 -72.4734600304692 -72.85565379783972 -73.24235178290668 -73.63778719282742 -74.03590463857181 -74.3385410932122 -74.58847027202587 -74.8367125032232 -75.16941569735366 -75.48803393932839 -75.52190759663563
-71.23478941924606 -71.11211490587596 -71.01145585413204 -70.92710691495223 -70.84750659190675 -70.76087913944204 -70.65677076623288 -70.52682208215846 -70.36260353503539 -70.15788897662155 -69.91941850356208 -69.69879443941099 -69.57431147724454 -69.52214951967858 -69.44528930194309 -69.2910808006098 -69.04141570092591 -68.6809631075122 -68.20407913011022 -67.70900207985821 -67.57807448466346 -67.90930984713836 -68.30666670977023 -68.70738475489266 -69.14169516039576 -69.52759467531341 -69.84212926190003 -70.11088362757313 -70.3734113395087 -70.66583529326245 -70.9990543960824 -71.34967508820893 -71.6928513045826 -72.01522751019185 -72.3160216475265 -72.59814828277342 -72.86635028230384 -73.1252848177052 -73.37895630137986 -73.62869093856861 -73.84256111890383 -74.04996421923893 -74.27703007473235
-71.26539182854951 -71.10865680035141 -71.00938205687152 -70.9549600789772 -70.9084818055886 -70.83495974025952 -70.70465975925075 -70.47890250959033 -70.10008047196129 -69.76269475796721 -69.99961207571769 -70.24628147982182 -70.33962980612057 -70.34202098407299 -70.28899774056256 -70.20075187545451 -70.10338252650487 -70.0327501603171 -70.00503368558739 -70.00017502530469 -69.99599406452252 -69.97793127424228 -69.92944100254518 -69.84643484031929 -69.77283049052184 -69.82178341758859 -70.0684068294202 -70.40732347748208 -70.73123449304357 -71.01214982551333 -71.25661460817676 -71.47622272702552 -71.68179689334774 -71.87941866624726 -72.07248021140062 -72.26092891087953 -72.44397449346855 -72.62062815475599 -72.78918614909672 -72.94838191439273 -73.09420462320323 -73.24140613090312 -73.44350225913686
-72.16383834942584 -72.00577361644858 -71.81092597263613 -71.53968406727869 -71.11002352216502 -70.89489936529044 -71.15076648061256 -71.23263463461204 -71.19805388197564 -71.09571451497783 -70.93882575619256 -70.75333406412715 -70.62245937266464 -70.56869850594732 -70.51286710459154 -70.44958770281372 -70.39456484497943 -70.41000557914488 -70.56949827968029 -70.75385901829974 -70.88423977090346 -70.96050127199432 -70.99121806911087 -70.97294588567384 -70.87274755726045 -70.5619673514293 -69.39296489231008 -69.6014635031963 -70.73069685816981 -71.0576532703433 -71.15779193378899 -71.23526929550124 -71.42936680525969 -71.66803542656483 -71.90004230293528 -72.12292379089837 -72.33064078783686 -72.5202702107113 -72.69141369238068 -72.84632687299872 -72.98906747050437 -73.1272566283393 -73.26965318111202
