KEPLER/4.2/binaries/lib/outreach-2.3.0/workflows/data/garp/NA_ASC/h_topoind.asc
nrows  200
ncols  400
xllcorner  -179.99962860149
yllcorner  6.7208489478326
cellsize  0.4
NODATA_value  -9999
[rows 68 to 101 of 200, columns 154 to 230 of 400]
512.0 453.0 860.0 445.0 569.0 769.0 389.0 625.0 500.0 687.0 296.0 502.0 749.0 801.0 829.0 760.0 1073.0 1109.0 632.0 1255.0 564.0 473.0 1031.0 939.0 511.0 829.0 701.0 403.0 404.0 502.0 512.0 291.0 1029.0 765.0 1226.0 712.0 553.0 832.0 730.0 482.0 522.0 877.0 434.0 1174.0 1081.0 1287.0 554.0 974.0 1131.0 650.0 753.0 870.0 427.0 812.0 776.0 566.0 400.0 756.0 1018.0 691.0 -9999 -9999 -9999 -9999 -9999 -9999 -9999 -9999 -9999 -9999 -9999 -9999 -9999 -9999 -9999 -9999 -9999
648.0 588.0 623.0 648.0 676.0 697.0 415.0 604.0 942.0 644.0 496.0 782.0 1097.0 1403.0 752.0 860.0 1034.0 893.0 722.0 864.0 1190.0 1659.0 1000.0 710.0 515.0 932.0 935.0 1386.0 414.0 534.0 622.0 1121.0 598.0 855.0 1283.0 1417.0 540.0 852.0 1029.0 659.0 1009.0 720.0 696.0 532.0 580.0 587.0 1095.0 749.0 728.0 742.0 666.0 626.0 1394.0 718.0 668.0 980.0 615.0 578.0 614.0 -9999 -9999 -9999 -9999 -9999 -9999 -9999 -9999 -9999 -9999 -9999 -9999 -9999 -9999 -9999 -9999 -9999 -9999
624.0 540.0 309.0 944.0 877.0 513.0 418.0 616.0 421.0 466.0 1222.0 870.0 1935.0 754.0 592.0 1017.0 1084.0 995.0 1017.0 1028.0 1014.0 667.0 599.0 537.0 417.0 1077.0 496.0 792.0 691.0 505.0 517.0 592.0 517.0 859.0 1099.0 399.0 631.0 523.0 939.0 623.0 873.0 749.0 1031.0 829.0 899.0 691.0 757.0 852.0 725.0 535.0 1017.0 852.0 960.0 862.0 1066.0 860.0 559.0 703.0 828.0 834.0 503.0 618.0 1359.0 899.0 -9999 -9999 -9999 -9999 -9999 -9999 -9999 -9999 -9999 -9999 -9999 -9999 -9999
482.0 749.0 1292.0 984.0 703.0 350.0 1040.0 857.0 1074.0 989.0 668.0 1157.0 1599.0 829.0 682.0 748.0 1491.0 532.0 542.0 784.0 638.0 684.0 634.0 551.0 490.0 526.0 778.0 852.0 785.0 868.0 637.0 664.0 365.0 465.0 361.0 853.0 946.0 1021.0 885.0 503.0 602.0 585.0 800.0 495.0 670.0 454.0 567.0 822.0 760.0 1009.0 726.0 656.0 760.0 910.0 699.0 486.0 1117.0 604.0 578.0 615.0 778.0 703.0 778.0 795.0 -9999 -9999 -9999 -9999 -9999 -9999 -9999 -9999 -9999 -9999 -9999 -9999 -9999
704.0 824.0 562.0 624.0 543.0 432.0 493.0 468.0 878.0 872.0 668.0 1010.0 622.0 485.0 505.0 444.0 348.0 558.0 550.0 623.0 550.0 558.0 392.0 699.0 486.0 711.0 598.0 627.0 1062.0 404.0 864.0 722.0 756.0 435.0 893.0 691.0 707.0 1182.0 518.0 500.0 1152.0 1028.0 939.0 934.0 601.0 825.0 814.0 974.0 1043.0 692.0 697.0 666.0 631.0 583.0 686.0 621.0 864.0 759.0 437.0 470.0 802.0 680.0 852.0 916.0 -9999 -9999 -9999 -9999 -9999 -9999 -9999 -9999 -9999 -9999 -9999 -9999 -9999
535.0 495.0 443.0 474.0 524.0 579.0 424.0 630.0 601.0 491.0 595.0 567.0 756.0 694.0 484.0 443.0 360.0 549.0 514.0 680.0 608.0 588.0 719.0 639.0 739.0 645.0 582.0 459.0 686.0 1043.0 899.0 560.0 843.0 701.0 666.0 393.0 536.0 703.0 1037.0 728.0 870.0 1126.0 784.0 654.0 650.0 701.0 1069.0 992.0 835.0 553.0 760.0 659.0 542.0 677.0 781.0 801.0 736.0 703.0 864.0 754.0 897.0 759.0 1366.0 879.0 714.0 -9999 -9999 -9999 -9999 -9999 -9999 -9999 -9999 -9999 -9999 -9999 -9999
345.0 423.0 537.0 384.0 694.0 685.0 400.0 498.0 1031.0 511.0 577.0 621.0 697.0 600.0 780.0 1249.0 524.0 481.0 489.0 609.0 540.0 571.0 832.0 1338.0 606.0 379.0 1032.0 668.0 893.0 460.0 496.0 758.0 760.0 501.0 931.0 578.0 787.0 852.0 760.0 939.0 1049.0 606.0 760.0 1163.0 910.0 538.0 864.0 639.0 711.0 468.0 1037.0 985.0 582.0 873.0 1240.0 754.0 834.0 703.0 1339.0 611.0 725.0 654.0 986.0 749.0 979.0 -9999 -9999 813.0 728.0 725.0 801.0 -9999 -9999 -9999 -9999 -9999 -9999
502.0 487.0 562.0 1475.0 514.0 674.0 477.0 856.0 769.0 712.0 875.0 376.0 810.0 736.0 868.0 685.0 561.0 561.0 409.0 758.0 409.0 605.0 507.0 387.0 500.0 579.0 493.0 537.0 940.0 765.0 798.0 1070.0 984.0 696.0 829.0 1160.0 692.0 942.0 447.0 852.0 974.0 1274.0 603.0 457.0 1156.0 564.0 722.0 617.0 452.0 684.0 1074.0 864.0 597.0 1260.0 623.0 1025.0 788.0 640.0 801.0 556.0 864.0 701.0 601.0 770.0 899.0 864.0 661.0 669.0 618.0 659.0 657.0 1126.0 749.0 599.0 760.0 -9999 -9999
514.0 469.0 910.0 521.0 535.0 539.0 463.0 733.0 538.0 795.0 1061.0 849.0 550.0 610.0 531.0 589.0 597.0 412.0 575.0 438.0 972.0 533.0 709.0 891.0 583.0 878.0 1651.0 712.0 670.0 1049.0 674.0 681.0 754.0 760.0 701.0 425.0 442.0 522.0 1046.0 330.0 693.0 1139.0 801.0 677.0 829.0 720.0 829.0 1060.0 754.0 795.0 733.0 530.0 1236.0 608.0 1011.0 655.0 2253.0 637.0 769.0 475.0 542.0 703.0 1299.0 760.0 870.0 725.0 1154.0 703.0 428.0 661.0 855.0 663.0 1304.0 701.0 884.0 1104.0 749.0
691.0 680.0 542.0 860.0 486.0 493.0 549.0 808.0 1113.0 864.0 748.0 581.0 582.0 543.0 543.0 776.0 736.0 530.0 409.0 1028.0 795.0 673.0 457.0 521.0 552.0 1286.0 760.0 753.0 893.0 1417.0 559.0 439.0 476.0 430.0 400.0 574.0 438.0 594.0 753.0 656.0 533.0 641.0 855.0 870.0 749.0 636.0 834.0 784.0 521.0 1022.0 682.0 691.0 805.0 1067.0 705.0 778.0 628.0 615.0 736.0 1343.0 829.0 768.0 1208.0 595.0 670.0 1279.0 415.0 629.0 514.0 599.0 614.0 841.0 527.0 864.0 601.0 1087.0 634.0
365.0 505.0 892.0 1290.0 569.0 1423.0 995.0 1049.0 1071.0 293.0 717.0 559.0 508.0 569.0 323.0 546.0 719.0 659.0 785.0 479.0 563.0 861.0 585.0 720.0 631.0 720.0 853.0 732.0 494.0 919.0 1004.0 452.0 667.0 540.0 489.0 474.0 528.0 484.0 410.0 994.0 603.0 639.0 1043.0 691.0 759.0 691.0 945.0 492.0 659.0 801.0 784.0 1755.0 1078.0 824.0 910.0 574.0 703.0 640.0 760.0 885.0 629.0 765.0 623.0 749.0 864.0 626.0 864.0 663.0 1536.0 927.0 974.0 995.0 725.0 760.0 926.0 666.0 673.0
544.0 466.0 642.0 425.0 556.0 615.0 508.0 303.0 359.0 645.0 658.0 578.0 557.0 607.0 525.0 423.0 462.0 555.0 505.0 562.0 442.0 677.0 1130.0 608.0 551.0 474.0 742.0 372.0 910.0 916.0 629.0 565.0 862.0 829.0 445.0 604.0 706.0 587.0 748.0 640.0 578.0 922.0 733.0 749.0 1063.0 760.0 862.0 587.0 722.0 696.0 749.0 690.0 968.0 899.0 949.0 853.0 842.0 684.0 691.0 829.0 668.0 1312.0 789.0 661.0 631.0 684.0 1076.0 798.0 873.0 703.0 610.0 858.0 571.0 679.0 793.0 889.0 770.0
325.0 502.0 423.0 376.0 458.0 363.0 786.0 443.0 417.0 479.0 539.0 688.0 453.0 556.0 913.0 1011.0 1035.0 529.0 416.0 561.0 1123.0 542.0 542.0 757.0 458.0 660.0 736.0 808.0 384.0 852.0 645.0 513.0 624.0 536.0 365.0 614.0 688.0 1103.0 1008.0 575.0 497.0 770.0 688.0 852.0 767.0 624.0 696.0 867.0 801.0 894.0 721.0 749.0 1028.0 722.0 749.0 661.0 899.0 1094.0 818.0 760.0 691.0 801.0 784.0 911.0 760.0 576.0 1055.0 695.0 864.0 760.0 696.0 736.0 754.0 667.0 824.0 714.0 1122.0
334.0 376.0 460.0 504.0 419.0 825.0 368.0 554.0 538.0 476.0 470.0 829.0 1025.0 720.0 511.0 593.0 672.0 491.0 834.0 1528.0 557.0 829.0 691.0 506.0 1755.0 795.0 801.0 772.0 788.0 703.0 592.0 434.0 655.0 595.0 465.0 537.0 749.0 1025.0 578.0 613.0 627.0 485.0 921.0 685.0 1217.0 753.0 1026.0 690.0 846.0 983.0 736.0 691.0 1051.0 886.0 801.0 957.0 763.0 627.0 666.0 593.0 743.0 703.0 928.0 768.0 882.0 885.0 933.0 893.0 1081.0 1295.0 688.0 864.0 870.0 1565.0 818.0 772.0 678.0
285.0 478.0 1261.0 483.0 445.0 347.0 380.0 647.0 1152.0 559.0 792.0 1182.0 624.0 579.0 738.0 550.0 527.0 480.0 432.0 393.0 734.0 558.0 1121.0 658.0 509.0 697.0 707.0 722.0 1079.0 573.0 468.0 513.0 1174.0 448.0 524.0 508.0 1207.0 592.0 531.0 1065.0 829.0 749.0 866.0 753.0 824.0 527.0 621.0 688.0 684.0 1092.0 1601.0 1228.0 864.0 886.0 951.0 749.0 523.0 674.0 913.0 652.0 477.0 490.0 652.0 544.0 673.0 676.0 607.0 714.0 787.0 629.0 885.0 754.0 615.0 1335.0 640.0 749.0 595.0
208.0 282.0 561.0 1188.0 930.0 700.0 367.0 497.0 678.0 454.0 569.0 592.0 1219.0 563.0 718.0 760.0 533.0 525.0 707.0 557.0 550.0 493.0 1504.0 556.0 666.0 750.0 564.0 1246.0 511.0 1009.0 722.0 627.0 788.0 424.0 856.0 623.0 492.0 649.0 859.0 686.0 300.0 948.0 753.0 631.0 703.0 784.0 513.0 501.0 678.0 870.0 1352.0 1209.0 890.0 852.0 678.0 744.0 445.0 599.0 829.0 977.0 685.0 664.0 598.0 997.0 783.0 698.0 570.0 1102.0 506.0 744.0 748.0 1140.0 640.0 811.0 667.0 874.0 760.0
598.0 251.0 238.0 344.0 436.0 488.0 337.0 496.0 431.0 549.0 474.0 498.0 495.0 880.0 473.0 756.0 633.0 640.0 529.0 358.0 669.0 684.0 459.0 626.0 446.0 1237.0 838.0 1020.0 558.0 690.0 725.0 588.0 702.0 1127.0 1533.0 492.0 1415.0 649.0 575.0 1093.0 687.0 950.0 600.0 844.0 1034.0 852.0 678.0 1219.0 548.0 1076.0 1141.0 1174.0 1164.0 701.0 923.0 697.0 526.0 589.0 469.0 537.0 793.0 679.0 664.0 440.0 689.0 1117.0 517.0 518.0 650.0 805.0 963.0 739.0 666.0 616.0 743.0 696.0 986.0
202.0 928.0 244.0 252.0 248.0 313.0 325.0 624.0 405.0 425.0 777.0 451.0 422.0 434.0 754.0 749.0 1230.0 655.0 481.0 544.0 529.0 1292.0 531.0 499.0 547.0 844.0 656.0 533.0 491.0 657.0 954.0 795.0 521.0 927.0 623.0 703.0 665.0 749.0 820.0 562.0 711.0 562.0 622.0 450.0 1617.0 649.0 1082.0 772.0 1256.0 835.0 1156.0 1134.0 1196.0 872.0 920.0 760.0 667.0 688.0 658.0 1088.0 1005.0 1095.0 725.0 778.0 760.0 749.0 736.0 659.0 944.0 974.0 1426.0 864.0 829.0 549.0 858.0 963.0 663.0
171.0 65.0 164.0 237.0 217.0 168.0 280.0 535.0 981.0 666.0 575.0 446.0 414.0 820.0 1181.0 579.0 601.0 538.0 403.0 754.0 694.0 655.0 588.0 589.0 663.0 714.0 754.0 592.0 634.0 770.0 439.0 689.0 725.0 612.0 713.0 634.0 701.0 1114.0 504.0 989.0 843.0 607.0 621.0 880.0 509.0 685.0 921.0 514.0 659.0 861.0 962.0 1055.0 1060.0 1180.0 1642.0 714.0 939.0 691.0 1023.0 701.0 1137.0 899.0 669.0 758.0 782.0 520.0 666.0 1063.0 788.0 736.0 684.0 973.0 615.0 736.0 1072.0 760.0 691.0
191.0 97.0 130.0 225.0 127.0 154.0 154.0 166.0 594.0 399.0 584.0 559.0 736.0 461.0 536.0 995.0 633.0 597.0 690.0 1281.0 468.0 415.0 582.0 749.0 734.0 705.0 506.0 632.0 563.0 1494.0 506.0 743.0 754.0 1388.0 739.0 947.0 661.0 982.0 683.0 868.0 652.0 474.0 678.0 599.0 616.0 717.0 691.0 801.0 661.0 855.0 1064.0 660.0 1058.0 1164.0 613.0 618.0 760.0 760.0 628.0 638.0 784.0 974.0 532.0 552.0 754.0 1165.0 854.0 652.0 707.0 854.0 749.0 1305.0 684.0 768.0 628.0 703.0 650.0
404.0 531.0 125.0 447.0 256.0 116.0 224.0 668.0 310.0 569.0 426.0 712.0 652.0 870.0 360.0 360.0 366.0 645.0 515.0 533.0 681.0 495.0 644.0 1200.0 1003.0 669.0 678.0 1088.0 725.0 560.0 713.0 890.0 381.0 1013.0 531.0 416.0 803.0 881.0 498.0 1523.0 718.0 1268.0 688.0 543.0 431.0 641.0 691.0 725.0 990.0 947.0 701.0 590.0 749.0 822.0 968.0 657.0 553.0 1003.0 743.0 530.0 793.0 519.0 1054.0 495.0 1111.0 742.0 853.0 760.0 1263.0 893.0 1061.0 642.0 639.0 608.0 519.0 1614.0 548.0
363.0 257.0 114.0 506.0 334.0 256.0 473.0 316.0 106.0 430.0 569.0 489.0 452.0 543.0 898.0 497.0 408.0 640.0 1238.0 503.0 445.0 561.0 642.0 564.0 829.0 920.0 430.0 555.0 473.0 921.0 551.0 660.0 625.0 1123.0 531.0 991.0 611.0 679.0 685.0 894.0 913.0 782.0 825.0 650.0 752.0 690.0 787.0 696.0 770.0 888.0 910.0 899.0 684.0 688.0 570.0 586.0 1397.0 534.0 668.0 579.0 682.0 461.0 1034.0 568.0 837.0 435.0 487.0 1358.0 921.0 1023.0 1261.0 549.0 803.0 666.0 629.0 697.0 676.0
305.0 320.0 227.0 104.0 172.0 184.0 182.0 120.0 177.0 294.0 383.0 435.0 504.0 419.0 544.0 472.0 557.0 503.0 401.0 565.0 502.0 703.0 569.0 550.0 719.0 489.0 575.0 368.0 337.0 389.0 508.0 581.0 456.0 813.0 533.0 546.0 743.0 506.0 901.0 909.0 748.0 864.0 696.0 534.0 758.0 638.0 854.0 442.0 585.0 896.0 1088.0 661.0 811.0 639.0 1037.0 1670.0 831.0 579.0 580.0 513.0 614.0 873.0 749.0 549.0 666.0 566.0 1019.0 563.0 477.0 451.0 727.0 556.0 623.0 633.0 532.0 518.0 566.0
197.0 272.0 165.0 164.0 202.0 205.0 146.0 192.0 180.0 212.0 399.0 334.0 532.0 752.0 427.0 568.0 567.0 691.0 1003.0 537.0 398.0 578.0 565.0 1320.0 879.0 995.0 457.0 500.0 361.0 519.0 560.0 424.0 649.0 703.0 605.0 829.0 668.0 698.0 736.0 873.0 829.0 628.0 607.0 384.0 657.0 861.0 978.0 708.0 842.0 728.0 955.0 1171.0 867.0 691.0 736.0 757.0 766.0 710.0 416.0 628.0 970.0 607.0 559.0 520.0 407.0 538.0 575.0 547.0 490.0 493.0 690.0 1196.0 576.0 687.0 497.0 852.0 659.0
228.0 208.0 684.0 239.0 535.0 657.0 386.0 175.0 634.0 225.0 912.0 330.0 1336.0 891.0 448.0 578.0 754.0 525.0 464.0 589.0 760.0 404.0 571.0 526.0 471.0 506.0 441.0 495.0 564.0 467.0 616.0 658.0 507.0 703.0 655.0 754.0 805.0 1227.0 633.0 665.0 736.0 821.0 646.0 649.0 799.0 371.0 839.0 760.0 555.0 469.0 604.0 693.0 760.0 720.0 720.0 950.0 589.0 1012.0 688.0 610.0 454.0 623.0 595.0 773.0 568.0 480.0 567.0 1450.0 653.0 510.0 517.0 546.0 411.0 510.0 1137.0 782.0 415.0
173.0 225.0 1024.0 200.0 1282.0 461.0 244.0 723.0 133.0 227.0 884.0 468.0 449.0 448.0 687.0 1079.0 691.0 588.0 488.0 628.0 1003.0 466.0 393.0 411.0 1070.0 634.0 486.0 589.0 833.0 496.0 578.0 371.0 596.0 434.0 550.0 554.0 691.0 618.0 690.0 760.0 680.0 513.0 787.0 688.0 722.0 644.0 434.0 788.0 1214.0 563.0 421.0 784.0 864.0 1101.0 866.0 943.0 852.0 706.0 885.0 691.0 557.0 763.0 729.0 683.0 467.0 906.0 465.0 1117.0 649.0 650.0 628.0 778.0 503.0 788.0 1004.0 555.0 466.0
1016.0 878.0 140.0 218.0 204.0 612.0 332.0 264.0 326.0 218.0 281.0 172.0 670.0 332.0 864.0 465.0 1051.0 354.0 587.0 336.0 578.0 592.0 536.0 1158.0 728.0 1081.0 858.0 670.0 370.0 1073.0 478.0 541.0 439.0 507.0 588.0 439.0 581.0 685.0 754.0 590.0 1642.0 628.0 680.0 696.0 655.0 454.0 589.0 664.0 615.0 974.0 385.0 737.0 990.0 1121.0 798.0 644.0 1015.0 633.0 990.0 1204.0 621.0 485.0 528.0 696.0 552.0 897.0 562.0 460.0 678.0 734.0 594.0 531.0 718.0 388.0 594.0 707.0 258.0
152.0 358.0 332.0 227.0 249.0 185.0 217.0 784.0 191.0 614.0 314.0 231.0 71.0 430.0 1125.0 553.0 659.0 499.0 531.0 550.0 1418.0 755.0 760.0 1467.0 653.0 435.0 571.0 621.0 613.0 401.0 599.0 842.0 455.0 497.0 428.0 491.0 745.0 480.0 852.0 586.0 600.0 794.0 566.0 990.0 1143.0 864.0 885.0 668.0 913.0 691.0 956.0 688.0 1014.0 1544.0 882.0 688.0 1005.0 612.0 1024.0 951.0 703.0 543.0 549.0 488.0 564.0 1156.0 978.0 454.0 730.0 573.0 469.0 584.0 545.0 1028.0 541.0 700.0 1241.0
181.0 351.0 185.0 252.0 315.0 1004.0 287.0 281.0 246.0 612.0 931.0 177.0 227.0 480.0 811.0 578.0 431.0 420.0 537.0 1764.0 801.0 775.0 579.0 288.0 435.0 497.0 1235.0 484.0 836.0 1613.0 598.0 692.0 1123.0 485.0 510.0 511.0 656.0 722.0 557.0 463.0 801.0 936.0 836.0 801.0 883.0 621.0 581.0 696.0 1070.0 697.0 680.0 475.0 558.0 829.0 1115.0 590.0 921.0 949.0 757.0 760.0 691.0 708.0 1026.0 455.0 492.0 473.0 434.0 545.0 493.0 555.0 1232.0 887.0 413.0 899.0 1043.0 1065.0 1111.0
1486.0 352.0 313.0 290.0 454.0 360.0 188.0 186.0 203.0 215.0 249.0 300.0 343.0 157.0 203.0 476.0 643.0 441.0 433.0 661.0 1106.0 442.0 430.0 455.0 360.0 538.0 689.0 360.0 365.0 389.0 1284.0 430.0 412.0 1259.0 818.0 472.0 344.0 907.0 393.0 629.0 974.0 546.0 795.0 520.0 747.0 1173.0 619.0 611.0 527.0 1090.0 1094.0 703.0 685.0 677.0 829.0 583.0 685.0 772.0 580.0 569.0 720.0 599.0 1190.0 749.0 554.0 1255.0 451.0 506.0 573.0 550.0 697.0 314.0 980.0 446.0 947.0 1082.0 1117.0
449.0 435.0 829.0 490.0 1118.0 224.0 385.0 261.0 430.0 410.0 971.0 277.0 165.0 146.0 218.0 583.0 511.0 528.0 870.0 400.0 302.0 343.0 323.0 430.0 493.0 510.0 320.0 352.0 514.0 557.0 402.0 417.0 524.0 622.0 641.0 895.0 429.0 344.0 771.0 406.0 347.0 492.0 642.0 835.0 530.0 646.0 655.0 604.0 748.0 684.0 600.0 453.0 527.0 585.0 1283.0 837.0 520.0 857.0 527.0 1265.0 549.0 918.0 720.0 504.0 660.0 774.0 437.0 796.0 638.0 1004.0 1099.0 1121.0 1148.0 1174.0 1193.0 1212.0 280.0
532.0 1286.0 538.0 829.0 248.0 225.0 261.0 274.0 297.0 187.0 324.0 234.0 210.0 467.0 294.0 207.0 703.0 339.0 212.0 212.0 391.0 920.0 523.0 459.0 633.0 600.0 538.0 549.0 498.0 452.0 556.0 409.0 565.0 763.0 1704.0 565.0 448.0 355.0 546.0 558.0 540.0 410.0 514.0 382.0 751.0 680.0 885.0 754.0 703.0 519.0 628.0 647.0 746.0 837.0 940.0 623.0 1152.0 711.0 962.0 435.0 921.0 910.0 580.0 1145.0 760.0 889.0 631.0 801.0 1034.0 1137.0 801.0 1174.0 1188.0 1279.0 498.0 509.0 1013.0
477.0 451.0 586.0 692.0 437.0 298.0 249.0 349.0 211.0 341.0 261.0 510.0 289.0 400.0 311.0 494.0 955.0 207.0 419.0 338.0 357.0 607.0 704.0 421.0 517.0 864.0 557.0 500.0 524.0 599.0 663.0 426.0 405.0 506.0 385.0 587.0 437.0 596.0 511.0 711.0 453.0 552.0 471.0 346.0 989.0 672.0 691.0 1354.0 559.0 659.0 788.0 1347.0 1031.0 535.0 904.0 518.0 434.0 722.0 547.0 757.0 553.0 1122.0 725.0 804.0 621.0 381.0 635.0 653.0 530.0 910.0 1060.0 427.0 379.0 402.0 659.0 613.0 626.0
378.0 810.0 367.0 223.0 756.0 412.0 383.0 317.0 246.0 294.0 246.0 172.0 307.0 170.0 1322.0 556.0 501.0 244.0 332.0 371.0 284.0 671.0 440.0 574.0 630.0 364.0 429.0 405.0 542.0 1797.0 345.0 429.0 359.0 393.0 581.0 413.0 482.0 435.0 815.0 517.0 709.0 474.0 386.0 872.0 985.0 1431.0 417.0 719.0 795.0 1085.0 623.0 773.0 801.0 691.0 1054.0 649.0 927.0 607.0 557.0 1310.0 688.0 645.0 1201.0 653.0 644.0 943.0 556.0 842.0 523.0 466.0 666.0 488.0 502.0 443.0 685.0 527.0 512.0
