KEPLER/4.2/binaries/lib/outreach-2.3.0/workflows/data/garp/NA_ASC/h_topoind.asc
nrows  200
ncols  400
xllcorner  -179.99962860149
yllcorner  6.7208489478326
cellsize  0.4
NODATA_value  -9999
[rows 34 to 67 of 200, columns 154 to 230 of 400]
364.0 621.0 414.0 585.0 -9999 -9999 -9999 571.0 563.0 442.0 362.0 719.0 -9999 -9999 -9999 -9999 -9999 -9999 -9999 -9999 -9999 -9999 -9999 -9999 -9999 -9999 614.0 360.0 734.0 594.0 691.0 814.0 607.0 661.0 661.0 -9999 -9999 -9999 -9999 -9999 -9999 -9999 -9999 -9999 -9999 864.0 824.0 618.0 680.0 560.0 656.0 -9999 -9999 -9999 -9999 -9999 -9999 468.0 661.0 416.0 402.0 720.0 375.0 579.0 408.0 618.0 591.0 892.0 -9999 -9999 -9999 -9999 -9999 -9999 352.0 542.0 562.0
469.0 -9999 525.0 864.0 1276.0 913.0 518.0 578.0 557.0 464.0 429.0 -9999 885.0 549.0 807.0 589.0 423.0 508.0 -9999 -9999 -9999 376.0 580.0 -9999 -9999 -9999 793.0 553.0 557.0 699.0 1180.0 596.0 699.0 -9999 -9999 -9999 -9999 -9999 -9999 -9999 958.0 468.0 578.0 -9999 -9999 -9999 870.0 649.0 934.0 769.0 666.0 379.0 743.0 1612.0 273.0 -9999 -9999 883.0 415.0 974.0 354.0 510.0 614.0 -9999 404.0 477.0 -9999 -9999 -9999 -9999 -9999 -9999 -9999 468.0 407.0 446.0 562.0
-9999 994.0 534.0 691.0 541.0 447.0 368.0 1291.0 265.0 614.0 635.0 463.0 779.0 635.0 559.0 654.0 431.0 258.0 557.0 476.0 373.0 1135.0 383.0 344.0 414.0 -9999 -9999 653.0 625.0 352.0 869.0 668.0 585.0 913.0 -9999 -9999 -9999 -9999 -9999 -9999 -9999 -9999 -9999 -9999 1147.0 635.0 684.0 803.0 740.0 586.0 599.0 648.0 438.0 739.0 397.0 -9999 -9999 -9999 350.0 626.0 920.0 446.0 -9999 -9999 -9999 -9999 -9999 -9999 -9999 -9999 -9999 -9999 341.0 446.0 624.0 815.0 462.0
476.0 692.0 850.0 476.0 539.0 586.0 714.0 594.0 990.0 656.0 432.0 245.0 281.0 546.0 372.0 544.0 829.0 424.0 602.0 671.0 712.0 498.0 677.0 562.0 749.0 513.0 -9999 -9999 1348.0 654.0 546.0 714.0 703.0 699.0 -9999 -9999 -9999 -9999 -9999 -9999 -9999 -9999 -9999 -9999 -9999 -9999 749.0 725.0 708.0 618.0 617.0 367.0 579.0 668.0 954.0 -9999 -9999 -9999 449.0 415.0 -9999 -9999 -9999 -9999 -9999 -9999 -9999 -9999 -9999 -9999 -9999 671.0 511.0 422.0 402.0 425.0 691.0
-9999 579.0 -9999 317.0 353.0 -9999 -9999 949.0 1157.0 329.0 435.0 434.0 859.0 378.0 412.0 369.0 502.0 735.0 439.0 1202.0 506.0 390.0 613.0 904.0 875.0 542.0 678.0 1509.0 1029.0 1165.0 1343.0 1025.0 784.0 643.0 797.0 691.0 -9999 -9999 -9999 -9999 -9999 -9999 -9999 -9999 -9999 -9999 -9999 -9999 670.0 829.0 754.0 -9999 -9999 -9999 -9999 -9999 -9999 -9999 373.0 309.0 864.0 534.0 721.0 -9999 -9999 -9999 -9999 -9999 -9999 -9999 -9999 537.0 714.0 439.0 953.0 392.0 408.0
-9999 -9999 -9999 523.0 1024.0 359.0 660.0 843.0 419.0 870.0 402.0 419.0 465.0 853.0 531.0 618.0 365.0 1030.0 795.0 1000.0 641.0 927.0 700.0 688.0 838.0 1086.0 503.0 605.0 621.0 573.0 1154.0 1451.0 540.0 866.0 839.0 -9999 -9999 -9999 -9999 -9999 -9999 -9999 -9999 -9999 -9999 -9999 -9999 -9999 -9999 -9999 -9999 -9999 -9999 -9999 -9999 392.0 524.0 1011.0 438.0 522.0 531.0 594.0 446.0 776.0 -9999 -9999 -9999 -9999 -9999 -9999 -9999 -9999 -9999 -9999 -9999 -9999 -9999
-9999 -9999 365.0 532.0 616.0 318.0 310.0 760.0 448.0 822.0 -9999 -9999 443.0 667.0 517.0 896.0 419.0 508.0 889.0 620.0 559.0 714.0 510.0 578.0 447.0 513.0 725.0 1148.0 573.0 592.0 634.0 551.0 879.0 476.0 606.0 611.0 469.0 -9999 -9999 -9999 -9999 -9999 -9999 -9999 -9999 -9999 -9999 -9999 -9999 -9999 -9999 -9999 -9999 -9999 -9999 -9999 -9999 657.0 407.0 441.0 467.0 346.0 705.0 500.0 368.0 -9999 -9999 -9999 -9999 -9999 -9999 -9999 -9999 -9999 1329.0 546.0 509.0
-9999 -9999 -9999 -9999 -9999 -9999 -9999 -9999 -9999 361.0 538.0 -9999 -9999 -9999 -9999 -9999 -9999 626.0 1455.0 520.0 536.0 623.0 618.0 443.0 986.0 792.0 600.0 932.0 1181.0 527.0 789.0 389.0 942.0 431.0 688.0 1086.0 1078.0 1013.0 738.0 715.0 602.0 702.0 -9999 -9999 -9999 -9999 -9999 -9999 -9999 -9999 -9999 -9999 -9999 -9999 -9999 504.0 415.0 470.0 734.0 436.0 471.0 810.0 801.0 432.0 523.0 343.0 682.0 -9999 -9999 -9999 -9999 -9999 -9999 -9999 -9999 -9999 578.0
-9999 -9999 -9999 468.0 532.0 501.0 482.0 553.0 684.0 462.0 492.0 704.0 994.0 586.0 784.0 545.0 616.0 582.0 498.0 621.0 529.0 521.0 444.0 581.0 547.0 868.0 643.0 861.0 477.0 607.0 655.0 995.0 507.0 486.0 564.0 729.0 810.0 501.0 552.0 589.0 601.0 564.0 691.0 760.0 -9999 -9999 -9999 -9999 -9999 -9999 -9999 439.0 -9999 -9999 -9999 -9999 654.0 575.0 474.0 707.0 771.0 380.0 471.0 624.0 377.0 426.0 -9999 -9999 -9999 -9999 -9999 -9999 -9999 -9999 -9999 -9999 -9999
-9999 -9999 -9999 -9999 -9999 545.0 534.0 557.0 797.0 447.0 501.0 444.0 507.0 494.0 438.0 535.0 1131.0 550.0 585.0 992.0 896.0 905.0 608.0 656.0 564.0 540.0 676.0 581.0 436.0 613.0 434.0 1074.0 547.0 872.0 916.0 989.0 423.0 663.0 610.0 -9999 685.0 -9999 -9999 528.0 -9999 -9999 -9999 -9999 -9999 -9999 599.0 528.0 1357.0 518.0 559.0 661.0 -9999 532.0 -9999 -9999 -9999 518.0 -9999 907.0 841.0 465.0 445.0 809.0 356.0 361.0 -9999 -9999 -9999 -9999 -9999 -9999 -9999
-9999 -9999 -9999 -9999 -9999 -9999 -9999 -9999 -9999 -9999 -9999 -9999 693.0 1258.0 742.0 1080.0 752.0 488.0 901.0 870.0 541.0 714.0 982.0 604.0 626.0 795.0 521.0 527.0 527.0 -9999 -9999 382.0 330.0 505.0 438.0 1098.0 852.0 571.0 -9999 525.0 520.0 610.0 650.0 -9999 -9999 -9999 -9999 -9999 -9999 538.0 847.0 613.0 661.0 690.0 953.0 592.0 830.0 -9999 -9999 -9999 -9999 453.0 573.0 974.0 414.0 931.0 613.0 435.0 399.0 450.0 -9999 -9999 -9999 749.0 -9999 -9999 -9999
504.0 1168.0 507.0 521.0 480.0 818.0 828.0 454.0 599.0 598.0 -9999 -9999 -9999 770.0 797.0 1003.0 691.0 736.0 439.0 345.0 450.0 536.0 652.0 -9999 -9999 -9999 -9999 -9999 661.0 562.0 470.0 636.0 496.0 -9999 -9999 -9999 -9999 -9999 -9999 -9999 -9999 634.0 -9999 -9999 -9999 -9999 -9999 -9999 -9999 -9999 -9999 -9999 659.0 788.0 970.0 613.0 777.0 -9999 -9999 -9999 -9999 -9999 538.0 761.0 955.0 472.0 480.0 521.0 458.0 658.0 -9999 698.0 855.0 531.0 443.0 362.0 554.0
377.0 553.0 1309.0 504.0 1052.0 754.0 518.0 580.0 969.0 468.0 538.0 -9999 -9999 -9999 -9999 -9999 -9999 -9999 -9999 -9999 -9999 -9999 -9999 -9999 583.0 -9999 718.0 -9999 -9999 -9999 445.0 703.0 583.0 554.0 -9999 -9999 -9999 -9999 -9999 -9999 -9999 -9999 -9999 -9999 -9999 -9999 -9999 -9999 -9999 -9999 736.0 601.0 668.0 484.0 -9999 -9999 -9999 -9999 -9999 -9999 -9999 864.0 625.0 560.0 958.0 494.0 818.0 414.0 443.0 365.0 944.0 458.0 603.0 538.0 669.0 -9999 538.0
440.0 911.0 567.0 418.0 366.0 705.0 317.0 513.0 -9999 -9999 -9999 -9999 -9999 -9999 -9999 -9999 -9999 -9999 -9999 -9999 547.0 760.0 -9999 -9999 -9999 -9999 -9999 433.0 340.0 541.0 559.0 567.0 674.0 526.0 604.0 684.0 1100.0 443.0 597.0 -9999 -9999 -9999 864.0 -9999 -9999 -9999 -9999 -9999 -9999 -9999 420.0 -9999 -9999 530.0 1243.0 456.0 -9999 -9999 760.0 834.0 663.0 452.0 409.0 1005.0 701.0 454.0 1100.0 490.0 628.0 457.0 438.0 613.0 773.0 411.0 410.0 344.0 -9999
603.0 467.0 685.0 705.0 359.0 429.0 516.0 444.0 491.0 536.0 467.0 600.0 733.0 382.0 434.0 607.0 738.0 484.0 451.0 718.0 537.0 592.0 351.0 634.0 -9999 409.0 -9999 359.0 451.0 632.0 526.0 546.0 606.0 561.0 784.0 1250.0 523.0 536.0 524.0 469.0 720.0 515.0 1083.0 795.0 610.0 476.0 1099.0 543.0 550.0 664.0 469.0 611.0 559.0 515.0 1096.0 731.0 -9999 -9999 380.0 722.0 423.0 456.0 1121.0 829.0 690.0 792.0 577.0 405.0 768.0 319.0 770.0 349.0 333.0 342.0 716.0 506.0 441.0
409.0 636.0 427.0 478.0 320.0 668.0 428.0 360.0 278.0 983.0 434.0 685.0 673.0 375.0 357.0 1238.0 644.0 816.0 390.0 630.0 428.0 600.0 328.0 382.0 420.0 376.0 352.0 457.0 492.0 952.0 843.0 1021.0 566.0 599.0 471.0 568.0 559.0 514.0 502.0 497.0 653.0 853.0 618.0 667.0 574.0 678.0 626.0 634.0 850.0 529.0 834.0 533.0 621.0 576.0 549.0 955.0 558.0 530.0 496.0 364.0 484.0 811.0 517.0 611.0 398.0 823.0 479.0 536.0 499.0 654.0 589.0 502.0 634.0 628.0 450.0 400.0 419.0
1054.0 566.0 1280.0 501.0 427.0 675.0 575.0 478.0 555.0 388.0 556.0 607.0 791.0 445.0 462.0 1131.0 600.0 480.0 768.0 510.0 450.0 547.0 1052.0 1025.0 466.0 784.0 308.0 386.0 522.0 408.0 891.0 642.0 552.0 547.0 626.0 926.0 663.0 639.0 1089.0 754.0 518.0 874.0 677.0 933.0 793.0 807.0 564.0 864.0 690.0 787.0 463.0 487.0 557.0 620.0 618.0 732.0 460.0 713.0 927.0 665.0 801.0 446.0 1177.0 928.0 527.0 427.0 514.0 508.0 962.0 503.0 380.0 638.0 461.0 474.0 431.0 351.0 752.0
1062.0 955.0 684.0 725.0 532.0 670.0 421.0 655.0 623.0 542.0 829.0 476.0 574.0 537.0 542.0 531.0 675.0 581.0 734.0 696.0 744.0 534.0 537.0 497.0 816.0 450.0 427.0 381.0 428.0 532.0 691.0 1094.0 623.0 868.0 647.0 650.0 821.0 1255.0 800.0 691.0 801.0 637.0 909.0 749.0 720.0 418.0 852.0 962.0 603.0 691.0 1032.0 691.0 536.0 717.0 450.0 630.0 323.0 397.0 625.0 512.0 1024.0 669.0 613.0 370.0 614.0 523.0 514.0 717.0 476.0 1017.0 803.0 599.0 577.0 1103.0 1207.0 674.0 423.0
1000.0 760.0 1257.0 829.0 664.0 649.0 606.0 560.0 691.0 1296.0 684.0 566.0 581.0 761.0 707.0 725.0 492.0 501.0 828.0 455.0 602.0 719.0 489.0 547.0 470.0 677.0 492.0 533.0 621.0 412.0 667.0 608.0 549.0 1299.0 898.0 871.0 1203.0 667.0 674.0 713.0 1542.0 1518.0 835.0 691.0 801.0 1915.0 760.0 1361.0 749.0 698.0 900.0 761.0 717.0 634.0 431.0 590.0 1141.0 546.0 393.0 519.0 533.0 509.0 745.0 691.0 634.0 1008.0 640.0 358.0 931.0 353.0 -9999 572.0 -9999 581.0 638.0 1056.0 1138.0
914.0 749.0 784.0 864.0 900.0 882.0 606.0 720.0 518.0 1116.0 751.0 760.0 468.0 628.0 1052.0 1009.0 685.0 649.0 610.0 791.0 744.0 563.0 640.0 711.0 658.0 648.0 621.0 913.0 758.0 1147.0 754.0 774.0 371.0 691.0 730.0 611.0 807.0 766.0 422.0 631.0 659.0 801.0 974.0 621.0 689.0 801.0 829.0 570.0 668.0 835.0 656.0 931.0 738.0 562.0 1090.0 880.0 509.0 826.0 1037.0 702.0 611.0 391.0 383.0 557.0 666.0 754.0 1164.0 498.0 864.0 781.0 929.0 444.0 475.0 -9999 -9999 -9999 983.0
1225.0 722.0 841.0 736.0 460.0 1287.0 721.0 758.0 525.0 853.0 829.0 612.0 980.0 566.0 849.0 1093.0 674.0 630.0 853.0 617.0 717.0 554.0 583.0 482.0 837.0 895.0 619.0 771.0 427.0 891.0 549.0 402.0 512.0 534.0 623.0 799.0 725.0 1218.0 691.0 749.0 515.0 813.0 1198.0 818.0 754.0 1023.0 621.0 784.0 884.0 692.0 784.0 978.0 483.0 972.0 760.0 470.0 368.0 1104.0 554.0 703.0 1234.0 559.0 890.0 670.0 470.0 423.0 810.0 501.0 514.0 1151.0 403.0 508.0 526.0 532.0 608.0 499.0 352.0
542.0 516.0 947.0 720.0 1037.0 1022.0 846.0 784.0 599.0 677.0 731.0 580.0 775.0 725.0 586.0 852.0 496.0 553.0 508.0 763.0 680.0 635.0 1027.0 754.0 760.0 450.0 652.0 626.0 532.0 569.0 690.0 600.0 841.0 864.0 590.0 581.0 722.0 579.0 655.0 1138.0 669.0 893.0 627.0 677.0 525.0 403.0 738.0 727.0 888.0 549.0 801.0 638.0 1057.0 801.0 420.0 527.0 410.0 392.0 747.0 454.0 527.0 508.0 1029.0 760.0 824.0 633.0 824.0 619.0 703.0 678.0 511.0 640.0 1090.0 388.0 671.0 1311.0 744.0
514.0 656.0 536.0 910.0 892.0 443.0 829.0 760.0 631.0 428.0 711.0 714.0 523.0 546.0 1044.0 910.0 611.0 749.0 1160.0 633.0 587.0 643.0 445.0 798.0 788.0 467.0 828.0 602.0 867.0 875.0 419.0 592.0 519.0 925.0 872.0 579.0 698.0 916.0 1009.0 931.0 661.0 1327.0 385.0 599.0 626.0 714.0 626.0 694.0 655.0 701.0 829.0 853.0 920.0 763.0 609.0 1930.0 974.0 667.0 659.0 692.0 806.0 631.0 753.0 739.0 579.0 685.0 725.0 650.0 691.0 693.0 628.0 677.0 773.0 546.0 633.0 606.0 -9999
1007.0 611.0 503.0 990.0 580.0 805.0 425.0 970.0 644.0 1364.0 666.0 699.0 824.0 824.0 769.0 628.0 899.0 910.0 415.0 510.0 429.0 1263.0 610.0 1075.0 422.0 610.0 1084.0 691.0 801.0 829.0 931.0 901.0 537.0 503.0 707.0 349.0 479.0 1217.0 586.0 684.0 749.0 451.0 735.0 477.0 795.0 1121.0 754.0 586.0 554.0 642.0 761.0 613.0 1078.0 760.0 446.0 555.0 1141.0 870.0 650.0 854.0 681.0 730.0 -9999 591.0 -9999 644.0 687.0 651.0 619.0 667.0 1186.0 691.0 -9999 -9999 -9999 -9999 -9999
835.0 1349.0 756.0 526.0 688.0 1429.0 632.0 550.0 756.0 1362.0 864.0 810.0 604.0 538.0 456.0 364.0 580.0 505.0 336.0 330.0 458.0 407.0 426.0 973.0 905.0 962.0 703.0 483.0 760.0 829.0 938.0 507.0 992.0 749.0 813.0 872.0 404.0 907.0 629.0 742.0 903.0 928.0 370.0 1155.0 784.0 749.0 509.0 674.0 650.0 737.0 638.0 891.0 1253.0 1069.0 555.0 452.0 519.0 480.0 532.0 910.0 570.0 711.0 546.0 899.0 1266.0 1529.0 657.0 565.0 1140.0 -9999 -9999 -9999 -9999 -9999 -9999 -9999 -9999
829.0 869.0 771.0 621.0 696.0 981.0 666.0 1502.0 656.0 674.0 486.0 754.0 701.0 853.0 656.0 602.0 417.0 323.0 323.0 722.0 373.0 463.0 1220.0 757.0 740.0 557.0 899.0 647.0 809.0 1188.0 801.0 810.0 1004.0 661.0 899.0 701.0 1238.0 650.0 558.0 1019.0 1147.0 945.0 1681.0 1009.0 557.0 497.0 720.0 569.0 703.0 715.0 684.0 921.0 439.0 611.0 566.0 826.0 671.0 682.0 524.0 680.0 853.0 673.0 874.0 534.0 1169.0 801.0 827.0 612.0 708.0 696.0 -9999 -9999 -9999 -9999 -9999 -9999 -9999
573.0 801.0 654.0 754.0 471.0 655.0 1789.0 760.0 945.0 914.0 649.0 941.0 513.0 1335.0 801.0 685.0 806.0 968.0 652.0 468.0 575.0 310.0 635.0 1088.0 957.0 1036.0 789.0 714.0 643.0 852.0 886.0 544.0 477.0 720.0 1419.0 650.0 629.0 734.0 661.0 931.0 609.0 1009.0 1031.0 714.0 731.0 542.0 1273.0 682.0 956.0 721.0 486.0 1207.0 522.0 745.0 586.0 604.0 1003.0 624.0 661.0 559.0 571.0 592.0 667.0 1152.0 691.0 1120.0 -9999 -9999 691.0 -9999 -9999 -9999 -9999 -9999 -9999 -9999 -9999
471.0 812.0 680.0 563.0 680.0 779.0 688.0 829.0 1078.0 1183.0 962.0 557.0 817.0 684.0 725.0 713.0 990.0 852.0 505.0 1043.0 968.0 511.0 760.0 722.0 461.0 476.0 705.0 1111.0 824.0 609.0 616.0 680.0 997.0 786.0 736.0 824.0 1004.0 1056.0 609.0 622.0 870.0 697.0 801.0 1556.0 546.0 784.0 725.0 604.0 734.0 693.0 1137.0 824.0 978.0 853.0 1059.0 659.0 799.0 885.0 691.0 691.0 722.0 645.0 748.0 870.0 -9999 -9999 -9999 -9999 -9999 -9999 -9999 -9999 -9999 -9999 -9999 -9999 -9999
568.0 739.0 772.0 594.0 1101.0 568.0 668.0 983.0 980.0 644.0 1203.0 1040.0 968.0 1020.0 852.0 703.0 519.0 617.0 691.0 488.0 722.0 915.0 963.0 1239.0 386.0 708.0 710.0 1204.0 677.0 864.0 1166.0 566.0 775.0 671.0 565.0 937.0 1117.0 736.0 1093.0 1072.0 552.0 688.0 573.0 691.0 714.0 810.0 661.0 691.0 569.0 1147.0 677.0 703.0 1536.0 1091.0 798.0 569.0 852.0 760.0 784.0 811.0 857.0 498.0 -9999 760.0 -9999 -9999 -9999 -9999 -9999 -9999 -9999 -9999 -9999 -9999 -9999 -9999 -9999
613.0 1372.0 772.0 696.0 922.0 869.0 774.0 1080.0 1176.0 1158.0 1148.0 1105.0 1480.0 1266.0 1107.0 759.0 621.0 574.0 760.0 1139.0 787.0 684.0 795.0 836.0 753.0 565.0 983.0 498.0 691.0 688.0 587.0 669.0 974.0 1031.0 824.0 754.0 645.0 1283.0 883.0 939.0 989.0 722.0 829.0 801.0 442.0 655.0 997.0 962.0 832.0 621.0 685.0 629.0 739.0 696.0 1156.0 784.0 688.0 768.0 659.0 876.0 701.0 691.0 -9999 -9999 -9999 -9999 -9999 -9999 -9999 -9999 -9999 -9999 -9999 -9999 -9999 -9999 -9999
626.0 568.0 765.0 749.0 1916.0 1204.0 1174.0 1154.0 1137.0 1092.0 1111.0 985.0 784.0 2100.0 822.0 656.0 533.0 604.0 680.0 725.0 457.0 1345.0 736.0 972.0 631.0 978.0 1034.0 626.0 718.0 453.0 655.0 886.0 1075.0 600.0 829.0 1017.0 613.0 1290.0 650.0 760.0 1242.0 650.0 931.0 691.0 752.0 893.0 576.0 532.0 800.0 1418.0 861.0 703.0 578.0 523.0 660.0 778.0 566.0 537.0 827.0 715.0 921.0 -9999 -9999 -9999 -9999 -9999 -9999 -9999 -9999 -9999 -9999 -9999 -9999 -9999 -9999 -9999 -9999
701.0 531.0 1441.0 814.0 672.0 695.0 703.0 640.0 555.0 449.0 698.0 1049.0 613.0 965.0 760.0 861.0 985.0 934.0 847.0 864.0 474.0 417.0 1058.0 631.0 446.0 843.0 661.0 550.0 554.0 801.0 553.0 428.0 614.0 817.0 609.0 1173.0 829.0 974.0 1387.0 684.0 738.0 863.0 380.0 607.0 930.0 717.0 691.0 618.0 554.0 884.0 405.0 752.0 659.0 870.0 728.0 358.0 639.0 711.0 668.0 854.0 -9999 -9999 -9999 -9999 -9999 -9999 -9999 -9999 -9999 -9999 -9999 -9999 -9999 -9999 -9999 -9999 -9999
611.0 462.0 566.0 476.0 470.0 629.0 784.0 933.0 980.0 1031.0 728.0 768.0 771.0 711.0 704.0 659.0 1416.0 666.0 620.0 853.0 645.0 578.0 604.0 736.0 516.0 661.0 600.0 933.0 772.0 738.0 749.0 760.0 858.0 363.0 514.0 442.0 463.0 615.0 615.0 760.0 974.0 798.0 454.0 672.0 864.0 592.0 633.0 1052.0 672.0 785.0 516.0 866.0 853.0 725.0 914.0 684.0 634.0 464.0 618.0 779.0 -9999 -9999 -9999 -9999 -9999 -9999 -9999 -9999 -9999 -9999 -9999 -9999 -9999 -9999 -9999 -9999 -9999
368.0 1066.0 864.0 462.0 566.0 598.0 779.0 1165.0 947.0 1265.0 1018.0 1170.0 1294.0 624.0 701.0 953.0 690.0 896.0 752.0 1143.0 852.0 675.0 354.0 910.0 775.0 714.0 476.0 713.0 680.0 1164.0 540.0 569.0 714.0 596.0 596.0 870.0 384.0 586.0 331.0 1087.0 438.0 580.0 603.0 829.0 829.0 760.0 852.0 747.0 457.0 628.0 701.0 853.0 602.0 649.0 805.0 918.0 801.0 696.0 915.0 -9999 -9999 -9999 -9999 -9999 -9999 -9999 -9999 -9999 -9999 -9999 -9999 -9999 -9999 -9999 -9999 -9999 -9999
