KEPLER/4.2/binaries/lib/outreach-2.3.0/workflows/data/garp/NA_ASC/h_topoind.asc
nrows  200
ncols  400
xllcorner  -179.99962860149
yllcorner  6.7208489478326
cellsize  0.4
NODATA_value  -9999
[rows 34 to 67 of 200, columns 77 to 153 of 400]
-9999 -9999 -9999 -9999 -9999 -9999 -9999 -9999 -9999 -9999 -9999 -9999 -9999 -9999 -9999 -9999 -9999 -9999 -9999 -9999 -9999 -9999 -9999 -9999 -9999 -9999 -9999 -9999 -9999 -9999 -9999 -9999 -9999 -9999 -9999 -9999 -9999 -9999 -9999 -9999 -9999 -9999 -9999 -9999 -9999 -9999 -9999 -9999 -9999 -9999 -9999 -9999 -9999 -9999 -9999 -9999 -9999 -9999 -9999 -9999 -9999 -9999 496.0 670.0 651.0 674.0 670.0 707.0 644.0 551.0 602.0 674.0 362.0 672.0 1342.0 454.0 948.0
-9999 -9999 -9999 -9999 -9999 -9999 -9999 -9999 -9999 -9999 -9999 -9999 -9999 -9999 -9999 -9999 -9999 -9999 -9999 -9999 -9999 -9999 -9999 -9999 -9999 -9999 -9999 -9999 -9999 -9999 -9999 -9999 -9999 -9999 -9999 -9999 -9999 -9999 -9999 -9999 -9999 -9999 -9999 -9999 -9999 -9999 -9999 -9999 -9999 -9999 -9999 -9999 -9999 -9999 -9999 -9999 -9999 -9999 -9999 -9999 -9999 587.0 402.0 932.0 628.0 550.0 722.0 305.0 324.0 542.0 921.0 691.0 555.0 424.0 442.0 407.0 666.0
-9999 -9999 -9999 -9999 -9999 -9999 -9999 -9999 -9999 -9999 -9999 -9999 -9999 -9999 -9999 -9999 -9999 -9999 -9999 -9999 -9999 -9999 -9999 -9999 -9999 -9999 -9999 -9999 -9999 -9999 -9999 -9999 -9999 -9999 -9999 -9999 -9999 -9999 -9999 -9999 -9999 -9999 -9999 -9999 -9999 -9999 -9999 -9999 -9999 -9999 -9999 -9999 -9999 -9999 -9999 -9999 -9999 -9999 -9999 -9999 777.0 524.0 327.0 1163.0 540.0 324.0 805.0 852.0 502.0 533.0 885.0 571.0 736.0 440.0 -9999 -9999 -9999
-9999 -9999 -9999 -9999 -9999 -9999 -9999 -9999 -9999 -9999 -9999 -9999 -9999 -9999 -9999 -9999 -9999 -9999 -9999 -9999 -9999 -9999 -9999 -9999 -9999 -9999 -9999 -9999 -9999 -9999 -9999 -9999 -9999 -9999 -9999 -9999 -9999 -9999 -9999 -9999 -9999 -9999 -9999 -9999 -9999 -9999 -9999 -9999 -9999 -9999 -9999 -9999 -9999 -9999 -9999 -9999 -9999 -9999 -9999 -9999 -9999 754.0 323.0 685.0 411.0 447.0 613.0 1013.0 339.0 823.0 1089.0 554.0 460.0 -9999 -9999 -9999 330.0
-9999 -9999 -9999 -9999 -9999 -9999 -9999 -9999 -9999 -9999 -9999 -9999 -9999 -9999 -9999 -9999 -9999 -9999 -9999 -9999 -9999 -9999 -9999 -9999 -9999 -9999 -9999 -9999 -9999 -9999 -9999 -9999 -9999 -9999 -9999 -9999 -9999 -9999 -9999 -9999 -9999 -9999 -9999 -9999 -9999 -9999 -9999 -9999 -9999 -9999 -9999 -9999 -9999 -9999 -9999 -9999 -9999 -9999 -9999 -9999 -9999 -9999 -9999 -9999 313.0 329.0 313.0 409.0 408.0 458.0 551.0 467.0 -9999 -9999 -9999 -9999 -9999
-9999 -9999 -9999 -9999 -9999 -9999 -9999 -9999 -9999 -9999 -9999 -9999 -9999 -9999 -9999 -9999 -9999 -9999 -9999 -9999 -9999 -9999 -9999 -9999 -9999 -9999 -9999 -9999 -9999 -9999 -9999 -9999 -9999 -9999 -9999 -9999 -9999 -9999 -9999 -9999 -9999 -9999 -9999 -9999 -9999 -9999 -9999 -9999 -9999 -9999 -9999 -9999 -9999 -9999 -9999 -9999 -9999 -9999 -9999 -9999 -9999 -9999 -9999 -9999 -9999 435.0 298.0 -9999 -9999 -9999 -9999 -9999 -9999 -9999 -9999 -9999 -9999
-9999 -9999 -9999 -9999 -9999 -9999 -9999 -9999 -9999 -9999 -9999 -9999 -9999 -9999 -9999 -9999 -9999 -9999 -9999 -9999 -9999 -9999 -9999 -9999 -9999 -9999 -9999 -9999 -9999 -9999 -9999 -9999 -9999 -9999 -9999 -9999 -9999 -9999 -9999 -9999 -9999 -9999 -9999 -9999 -9999 -9999 -9999 -9999 -9999 -9999 -9999 -9999 -9999 -9999 -9999 -9999 -9999 -9999 -9999 -9999 -9999 -9999 -9999 -9999 -9999 -9999 -9999 -9999 -9999 -9999 -9999 -9999 -9999 -9999 -9999 -9999 -9999
824.0 853.0 581.0 650.0 -9999 -9999 -9999 -9999 -9999 -9999 -9999 -9999 -9999 -9999 -9999 -9999 -9999 -9999 -9999 -9999 -9999 -9999 -9999 -9999 -9999 -9999 -9999 -9999 -9999 -9999 -9999 -9999 -9999 -9999 -9999 -9999 -9999 -9999 -9999 -9999 -9999 -9999 -9999 -9999 -9999 -9999 -9999 -9999 -9999 -9999 -9999 -9999 -9999 480.0 428.0 -9999 -9999 -9999 -9999 -9999 -9999 -9999 -9999 -9999 -9999 -9999 -9999 -9999 -9999 -9999 -9999 -9999 -9999 -9999 -9999 -9999 -9999
752.0 1470.0 448.0 664.0 678.0 707.0 562.0 520.0 406.0 573.0 469.0 557.0 442.0 525.0 867.0 685.0 670.0 599.0 -9999 -9999 -9999 -9999 -9999 -9999 -9999 -9999 -9999 -9999 -9999 -9999 -9999 -9999 -9999 -9999 -9999 -9999 -9999 -9999 -9999 -9999 -9999 -9999 -9999 -9999 -9999 725.0 870.0 899.0 -9999 -9999 -9999 -9999 440.0 526.0 971.0 492.0 -9999 -9999 -9999 -9999 -9999 483.0 466.0 -9999 -9999 -9999 -9999 -9999 -9999 -9999 -9999 -9999 -9999 -9999 -9999 -9999 -9999
589.0 488.0 1442.0 412.0 390.0 430.0 358.0 396.0 380.0 190.0 777.0 324.0 196.0 429.0 269.0 207.0 393.0 233.0 331.0 338.0 795.0 552.0 278.0 284.0 911.0 591.0 -9999 -9999 -9999 -9999 -9999 -9999 -9999 -9999 -9999 933.0 -9999 -9999 589.0 -9999 -9999 915.0 1012.0 829.0 801.0 471.0 -9999 518.0 727.0 1019.0 981.0 1233.0 500.0 510.0 586.0 386.0 395.0 467.0 -9999 760.0 858.0 613.0 529.0 -9999 -9999 419.0 342.0 493.0 395.0 745.0 399.0 578.0 -9999 -9999 -9999 -9999 -9999
476.0 424.0 294.0 320.0 240.0 166.0 301.0 241.0 200.0 777.0 330.0 587.0 429.0 122.0 574.0 256.0 372.0 222.0 243.0 445.0 464.0 213.0 221.0 226.0 282.0 311.0 555.0 480.0 -9999 -9999 -9999 -9999 -9999 691.0 829.0 1009.0 472.0 1107.0 555.0 802.0 487.0 1164.0 1382.0 575.0 481.0 623.0 703.0 613.0 611.0 524.0 594.0 459.0 402.0 983.0 616.0 557.0 385.0 587.0 770.0 423.0 494.0 727.0 499.0 491.0 562.0 1340.0 621.0 629.0 932.0 434.0 393.0 414.0 306.0 474.0 615.0 796.0 1112.0
389.0 528.0 401.0 200.0 339.0 630.0 233.0 196.0 316.0 173.0 183.0 218.0 196.0 130.0 402.0 373.0 576.0 890.0 347.0 290.0 481.0 329.0 230.0 356.0 235.0 338.0 246.0 243.0 349.0 309.0 346.0 473.0 375.0 885.0 691.0 829.0 1013.0 962.0 382.0 579.0 424.0 801.0 326.0 1027.0 514.0 772.0 490.0 977.0 504.0 962.0 644.0 508.0 1702.0 600.0 430.0 778.0 465.0 447.0 586.0 1183.0 1019.0 728.0 525.0 506.0 352.0 644.0 899.0 757.0 508.0 470.0 357.0 768.0 327.0 482.0 430.0 531.0 655.0
402.0 444.0 388.0 127.0 231.0 142.0 381.0 490.0 403.0 350.0 339.0 617.0 236.0 340.0 1237.0 391.0 262.0 283.0 322.0 306.0 522.0 389.0 962.0 1000.0 870.0 525.0 831.0 529.0 367.0 400.0 345.0 786.0 277.0 353.0 427.0 2123.0 1099.0 1092.0 691.0 371.0 474.0 532.0 499.0 980.0 551.0 518.0 795.0 507.0 1041.0 676.0 692.0 852.0 637.0 613.0 518.0 529.0 566.0 883.0 537.0 472.0 420.0 668.0 330.0 694.0 424.0 378.0 843.0 600.0 454.0 700.0 472.0 467.0 448.0 573.0 489.0 370.0 495.0
494.0 196.0 202.0 268.0 307.0 200.0 455.0 1226.0 312.0 331.0 491.0 374.0 518.0 409.0 282.0 427.0 268.0 379.0 834.0 302.0 236.0 375.0 246.0 1088.0 760.0 1024.0 933.0 716.0 1013.0 307.0 192.0 298.0 509.0 268.0 203.0 1060.0 1046.0 1034.0 1094.0 734.0 712.0 573.0 949.0 464.0 452.0 749.0 1197.0 629.0 417.0 1324.0 470.0 509.0 628.0 754.0 806.0 437.0 519.0 519.0 701.0 624.0 666.0 1190.0 501.0 489.0 632.0 562.0 941.0 742.0 513.0 503.0 853.0 438.0 690.0 429.0 447.0 444.0 589.0
105.0 189.0 246.0 353.0 269.0 273.0 569.0 666.0 346.0 281.0 324.0 329.0 368.0 314.0 353.0 359.0 580.0 545.0 488.0 524.0 274.0 471.0 553.0 980.0 952.0 899.0 339.0 323.0 405.0 399.0 380.0 634.0 330.0 957.0 368.0 445.0 663.0 683.0 973.0 763.0 801.0 664.0 573.0 423.0 691.0 680.0 1038.0 387.0 522.0 354.0 439.0 375.0 464.0 428.0 413.0 391.0 524.0 947.0 583.0 968.0 750.0 1037.0 921.0 483.0 805.0 674.0 784.0 910.0 623.0 698.0 433.0 691.0 671.0 1282.0 507.0 674.0 605.0
340.0 264.0 361.0 442.0 578.0 212.0 298.0 303.0 593.0 520.0 818.0 1000.0 847.0 663.0 502.0 361.0 1027.0 299.0 1648.0 346.0 315.0 373.0 404.0 283.0 1154.0 223.0 296.0 870.0 737.0 446.0 885.0 376.0 301.0 335.0 409.0 565.0 751.0 731.0 1136.0 1610.0 564.0 826.0 544.0 411.0 381.0 481.0 677.0 410.0 773.0 884.0 527.0 596.0 835.0 357.0 579.0 420.0 515.0 1025.0 1004.0 1062.0 414.0 571.0 1032.0 583.0 595.0 989.0 736.0 686.0 829.0 510.0 506.0 563.0 635.0 536.0 519.0 1103.0 662.0
1194.0 281.0 595.0 350.0 495.0 376.0 1142.0 1113.0 1162.0 1341.0 1103.0 1078.0 1203.0 703.0 702.0 398.0 362.0 364.0 762.0 265.0 221.0 525.0 200.0 784.0 688.0 297.0 834.0 399.0 352.0 543.0 328.0 425.0 328.0 550.0 379.0 461.0 459.0 795.0 876.0 819.0 1776.0 730.0 500.0 559.0 749.0 600.0 453.0 483.0 458.0 451.0 582.0 478.0 553.0 547.0 530.0 508.0 864.0 534.0 593.0 783.0 722.0 864.0 827.0 801.0 606.0 735.0 325.0 972.0 370.0 870.0 1040.0 1020.0 1031.0 1080.0 462.0 645.0 749.0
1020.0 1028.0 1082.0 1103.0 1225.0 1179.0 1179.0 1170.0 1164.0 1206.0 1175.0 1076.0 985.0 868.0 738.0 1386.0 376.0 1000.0 1372.0 660.0 390.0 456.0 765.0 310.0 376.0 661.0 246.0 944.0 412.0 826.0 590.0 789.0 401.0 220.0 300.0 388.0 637.0 352.0 274.0 398.0 465.0 418.0 551.0 653.0 903.0 672.0 604.0 722.0 813.0 618.0 821.0 605.0 469.0 661.0 669.0 575.0 573.0 642.0 577.0 595.0 590.0 1043.0 400.0 1108.0 1074.0 1100.0 1464.0 921.0 1055.0 1071.0 1088.0 1156.0 1009.0 968.0 985.0 990.0 1097.0
304.0 383.0 408.0 783.0 274.0 335.0 234.0 1360.0 273.0 555.0 486.0 356.0 500.0 555.0 451.0 388.0 343.0 398.0 378.0 535.0 256.0 438.0 374.0 786.0 419.0 234.0 315.0 411.0 474.0 549.0 361.0 567.0 494.0 538.0 364.0 1559.0 307.0 292.0 322.0 339.0 319.0 305.0 697.0 492.0 393.0 887.0 510.0 510.0 703.0 795.0 563.0 655.0 666.0 654.0 365.0 590.0 933.0 444.0 794.0 495.0 745.0 1366.0 551.0 667.0 736.0 604.0 629.0 414.0 1121.0 1212.0 1202.0 1205.0 1494.0 1144.0 1257.0 1090.0 1024.0
240.0 382.0 999.0 282.0 397.0 347.0 242.0 181.0 201.0 250.0 258.0 518.0 484.0 528.0 265.0 331.0 386.0 255.0 224.0 378.0 286.0 196.0 353.0 244.0 252.0 334.0 444.0 315.0 304.0 228.0 178.0 378.0 524.0 424.0 240.0 553.0 566.0 306.0 330.0 225.0 517.0 224.0 309.0 413.0 658.0 330.0 425.0 431.0 379.0 459.0 426.0 469.0 249.0 565.0 541.0 559.0 542.0 277.0 392.0 315.0 627.0 604.0 764.0 962.0 592.0 635.0 921.0 1227.0 1161.0 1105.0 331.0 654.0 383.0 1416.0 427.0 886.0 1140.0
623.0 346.0 556.0 299.0 237.0 340.0 197.0 234.0 208.0 231.0 239.0 314.0 212.0 215.0 411.0 224.0 308.0 891.0 350.0 334.0 863.0 406.0 253.0 449.0 454.0 360.0 211.0 839.0 250.0 250.0 310.0 280.0 388.0 217.0 1109.0 328.0 499.0 158.0 754.0 370.0 242.0 305.0 168.0 287.0 223.0 200.0 323.0 762.0 305.0 384.0 546.0 181.0 187.0 1062.0 769.0 754.0 718.0 844.0 480.0 442.0 577.0 408.0 1094.0 501.0 594.0 1184.0 1108.0 1090.0 1013.0 639.0 442.0 1040.0 1065.0 632.0 455.0 538.0 1028.0
1172.0 383.0 305.0 1000.0 685.0 1198.0 345.0 561.0 351.0 621.0 195.0 766.0 327.0 357.0 219.0 528.0 254.0 353.0 268.0 248.0 331.0 190.0 741.0 478.0 241.0 259.0 318.0 398.0 261.0 966.0 200.0 562.0 276.0 130.0 252.0 342.0 269.0 306.0 208.0 103.0 237.0 272.0 1125.0 177.0 233.0 180.0 165.0 126.0 202.0 221.0 252.0 1023.0 163.0 912.0 1109.0 255.0 361.0 456.0 318.0 642.0 582.0 1252.0 1015.0 619.0 524.0 848.0 725.0 587.0 1072.0 1215.0 735.0 752.0 1185.0 422.0 549.0 512.0 462.0
546.0 1115.0 495.0 742.0 735.0 443.0 470.0 511.0 552.0 672.0 196.0 222.0 290.0 262.0 580.0 245.0 341.0 213.0 265.0 470.0 225.0 319.0 463.0 197.0 244.0 289.0 258.0 109.0 255.0 439.0 319.0 318.0 184.0 248.0 245.0 448.0 195.0 933.0 1097.0 242.0 198.0 295.0 242.0 577.0 425.0 338.0 251.0 336.0 249.0 619.0 110.0 227.0 349.0 267.0 267.0 282.0 168.0 353.0 405.0 663.0 327.0 701.0 321.0 311.0 611.0 654.0 624.0 598.0 599.0 711.0 772.0 731.0 655.0 480.0 754.0 725.0 1031.0
428.0 848.0 743.0 169.0 134.0 262.0 213.0 635.0 476.0 568.0 539.0 487.0 742.0 385.0 174.0 758.0 618.0 412.0 556.0 468.0 246.0 579.0 322.0 399.0 257.0 529.0 306.0 377.0 661.0 204.0 472.0 342.0 311.0 329.0 427.0 221.0 430.0 399.0 552.0 558.0 578.0 293.0 198.0 201.0 473.0 131.0 961.0 181.0 337.0 145.0 422.0 398.0 718.0 219.0 269.0 277.0 326.0 337.0 605.0 245.0 235.0 298.0 490.0 448.0 224.0 893.0 457.0 649.0 672.0 870.0 852.0 615.0 1231.0 885.0 618.0 493.0 396.0
349.0 189.0 491.0 125.0 640.0 225.0 244.0 625.0 121.0 277.0 108.0 114.0 275.0 273.0 221.0 531.0 448.0 420.0 549.0 247.0 241.0 473.0 344.0 304.0 704.0 642.0 408.0 474.0 502.0 404.0 320.0 835.0 214.0 259.0 269.0 252.0 985.0 317.0 511.0 174.0 1001.0 198.0 251.0 333.0 166.0 181.0 156.0 213.0 574.0 992.0 564.0 797.0 614.0 376.0 107.0 234.0 858.0 270.0 478.0 267.0 640.0 375.0 451.0 373.0 486.0 644.0 626.0 396.0 869.0 906.0 477.0 1078.0 679.0 634.0 503.0 1109.0 500.0
417.0 458.0 256.0 238.0 845.0 285.0 885.0 336.0 1053.0 504.0 723.0 315.0 299.0 351.0 141.0 628.0 852.0 852.0 447.0 418.0 715.0 195.0 315.0 380.0 229.0 574.0 397.0 457.0 708.0 317.0 375.0 353.0 476.0 312.0 317.0 273.0 284.0 434.0 223.0 218.0 227.0 374.0 228.0 340.0 237.0 417.0 301.0 534.0 227.0 371.0 350.0 265.0 167.0 812.0 201.0 305.0 577.0 1120.0 312.0 340.0 264.0 285.0 331.0 262.0 578.0 360.0 517.0 412.0 800.0 703.0 413.0 586.0 518.0 565.0 787.0 563.0 1000.0
550.0 225.0 438.0 375.0 288.0 1250.0 348.0 362.0 460.0 440.0 471.0 485.0 373.0 552.0 235.0 372.0 391.0 872.0 377.0 291.0 556.0 273.0 418.0 783.0 207.0 378.0 285.0 516.0 486.0 561.0 845.0 1083.0 540.0 392.0 622.0 830.0 253.0 773.0 293.0 225.0 460.0 235.0 357.0 382.0 389.0 306.0 188.0 372.0 465.0 269.0 348.0 209.0 538.0 220.0 649.0 243.0 216.0 333.0 371.0 205.0 331.0 364.0 338.0 231.0 403.0 1020.0 354.0 329.0 754.0 781.0 932.0 728.0 1496.0 607.0 476.0 961.0 731.0
176.0 117.0 834.0 525.0 562.0 621.0 558.0 647.0 618.0 513.0 558.0 375.0 683.0 229.0 382.0 120.0 103.0 304.0 576.0 164.0 829.0 893.0 1113.0 364.0 1476.0 539.0 339.0 504.0 467.0 484.0 177.0 392.0 288.0 381.0 322.0 275.0 738.0 280.0 255.0 298.0 277.0 487.0 269.0 528.0 931.0 628.0 344.0 178.0 605.0 335.0 197.0 203.0 201.0 209.0 157.0 466.0 175.0 265.0 227.0 920.0 407.0 254.0 214.0 902.0 562.0 375.0 589.0 611.0 754.0 873.0 805.0 856.0 495.0 534.0 816.0 929.0 348.0
411.0 482.0 472.0 357.0 262.0 299.0 263.0 969.0 336.0 290.0 768.0 469.0 390.0 306.0 478.0 881.0 217.0 499.0 224.0 241.0 412.0 279.0 700.0 479.0 310.0 955.0 359.0 537.0 331.0 328.0 1041.0 250.0 339.0 316.0 280.0 377.0 427.0 321.0 181.0 411.0 332.0 513.0 483.0 917.0 210.0 466.0 472.0 483.0 380.0 138.0 178.0 163.0 242.0 259.0 343.0 105.0 1196.0 379.0 331.0 326.0 948.0 683.0 926.0 379.0 425.0 637.0 551.0 332.0 350.0 604.0 627.0 654.0 496.0 1116.0 772.0 866.0 629.0
239.0 1066.0 95.0 105.0 145.0 178.0 219.0 143.0 290.0 277.0 373.0 233.0 270.0 1239.0 185.0 305.0 321.0 53.0 224.0 149.0 342.0 168.0 201.0 517.0 201.0 300.0 264.0 650.0 290.0 369.0 314.0 453.0 396.0 313.0 725.0 236.0 293.0 639.0 176.0 174.0 618.0 216.0 285.0 239.0 293.0 236.0 421.0 326.0 302.0 301.0 251.0 213.0 180.0 159.0 260.0 606.0 269.0 476.0 1282.0 451.0 297.0 413.0 445.0 515.0 453.0 561.0 589.0 718.0 693.0 722.0 857.0 1069.0 453.0 621.0 1061.0 732.0 554.0
158.0 289.0 88.0 -9999 -9999 280.0 137.0 327.0 179.0 617.0 402.0 144.0 326.0 187.0 131.0 163.0 1073.0 266.0 1294.0 104.0 329.0 342.0 126.0 397.0 220.0 305.0 298.0 1013.0 380.0 437.0 390.0 286.0 272.0 318.0 384.0 1034.0 186.0 446.0 390.0 330.0 228.0 234.0 441.0 562.0 368.0 253.0 283.0 427.0 266.0 493.0 583.0 270.0 164.0 596.0 314.0 356.0 507.0 361.0 758.0 467.0 289.0 540.0 377.0 1072.0 599.0 674.0 708.0 1305.0 490.0 444.0 435.0 707.0 469.0 476.0 665.0 639.0 789.0
373.0 113.0 183.0 218.0 -9999 -9999 -9999 -9999 338.0 131.0 414.0 411.0 1067.0 199.0 90.0 205.0 635.0 350.0 529.0 408.0 379.0 174.0 177.0 283.0 317.0 376.0 116.0 378.0 1256.0 191.0 812.0 229.0 146.0 140.0 181.0 380.0 257.0 1069.0 546.0 331.0 233.0 529.0 313.0 260.0 243.0 344.0 265.0 892.0 456.0 426.0 1235.0 237.0 502.0 758.0 333.0 649.0 351.0 703.0 353.0 358.0 311.0 748.0 339.0 229.0 1798.0 634.0 784.0 728.0 992.0 508.0 939.0 543.0 427.0 471.0 515.0 1412.0 674.0
276.0 364.0 298.0 -9999 -9999 275.0 -9999 -9999 -9999 -9999 -9999 -9999 582.0 468.0 1178.0 424.0 669.0 135.0 303.0 382.0 329.0 150.0 188.0 303.0 173.0 450.0 171.0 181.0 408.0 130.0 166.0 509.0 322.0 416.0 603.0 362.0 327.0 291.0 418.0 316.0 212.0 293.0 245.0 316.0 324.0 218.0 497.0 345.0 536.0 735.0 1214.0 682.0 565.0 221.0 398.0 530.0 738.0 413.0 402.0 922.0 296.0 539.0 264.0 246.0 317.0 1357.0 938.0 1283.0 605.0 830.0 550.0 1084.0 823.0 604.0 498.0 719.0 747.0
-9999 -9999 -9999 -9999 365.0 -9999 -9999 -9999 -9999 -9999 -9999 -9999 -9999 -9999 -9999 -9999 -9999 -9999 -9999 -9999 661.0 455.0 699.0 459.0 352.0 404.0 510.0 203.0 125.0 123.0 514.0 467.0 263.0 264.0 367.0 299.0 568.0 501.0 530.0 202.0 247.0 321.0 487.0 373.0 240.0 209.0 848.0 318.0 406.0 661.0 412.0 714.0 684.0 449.0 373.0 385.0 292.0 357.0 527.0 283.0 663.0 614.0 859.0 462.0 554.0 754.0 547.0 963.0 962.0 628.0 644.0 539.0 628.0 870.0 817.0 598.0 680.0
