KEPLER/4.2/binaries/lib/outreach-2.3.0/workflows/data/garp/NA_ASC/h_topoind.asc
nrows  200
ncols  400
xllcorner  -179.99962860149
yllcorner  6.7208489478326
cellsize  0.4
NODATA_value  -9999
[rows 68 to 101 of 200, columns 231 to 307 of 400]
-9999 -9999 -9999 -9999 -9999 -9999 -9999 -9999 -9999 -9999 -9999 -9999 -9999 -9999 -9999 -9999 -9999 -9999 -9999 -9999 -9999 -9999 -9999 -9999 -9999 1152.0 470.0 760.0 1218.0 504.0 854.0 461.0 752.0 974.0 527.0 725.0 784.0 628.0 586.0 701.0 852.0 844.0 1075.0 823.0 841.0 -9999 -9999 -9999 -9999 -9999 -9999 -9999 -9999 -9999 -9999 -9999 273.0 456.0 225.0 215.0 -9999 -9999 -9999 -9999 -9999 -9999 -9999 -9999 -9999 -9999 -9999 -9999 -9999 -9999 -9999 -9999 -9999
-9999 -9999 -9999 -9999 -9999 -9999 -9999 -9999 -9999 -9999 -9999 -9999 -9999 -9999 -9999 -9999 -9999 -9999 -9999 -9999 -9999 -9999 -9999 -9999 501.0 807.0 685.0 873.0 784.0 707.0 1155.0 513.0 749.0 1163.0 864.0 752.0 691.0 787.0 610.0 760.0 678.0 734.0 561.0 859.0 525.0 1026.0 -9999 -9999 -9999 -9999 -9999 -9999 -9999 -9999 -9999 -9999 343.0 269.0 319.0 438.0 -9999 -9999 -9999 -9999 -9999 -9999 -9999 -9999 -9999 -9999 -9999 -9999 -9999 -9999 -9999 -9999 -9999
-9999 -9999 -9999 -9999 -9999 -9999 -9999 -9999 -9999 -9999 -9999 -9999 -9999 -9999 -9999 -9999 -9999 -9999 -9999 -9999 -9999 -9999 -9999 760.0 613.0 628.0 609.0 599.0 974.0 801.0 1139.0 684.0 749.0 650.0 624.0 654.0 770.0 754.0 800.0 855.0 1095.0 639.0 1250.0 521.0 1321.0 443.0 1063.0 498.0 1094.0 -9999 -9999 -9999 -9999 361.0 -9999 341.0 301.0 203.0 310.0 264.0 159.0 128.0 -9999 -9999 -9999 -9999 -9999 -9999 -9999 -9999 -9999 -9999 -9999 -9999 -9999 -9999 -9999
-9999 -9999 -9999 -9999 -9999 -9999 -9999 -9999 -9999 -9999 -9999 -9999 -9999 -9999 -9999 -9999 -9999 -9999 -9999 -9999 -9999 -9999 -9999 -9999 -9999 1310.0 562.0 666.0 760.0 722.0 864.0 1324.0 754.0 870.0 861.0 555.0 840.0 580.0 742.0 407.0 456.0 544.0 1053.0 710.0 517.0 415.0 593.0 760.0 495.0 939.0 -9999 438.0 467.0 377.0 413.0 498.0 402.0 380.0 326.0 826.0 137.0 445.0 811.0 -9999 -9999 -9999 -9999 -9999 -9999 -9999 -9999 -9999 -9999 -9999 -9999 -9999 -9999
-9999 -9999 -9999 -9999 -9999 -9999 -9999 -9999 -9999 -9999 -9999 -9999 -9999 -9999 -9999 -9999 -9999 -9999 -9999 -9999 -9999 -9999 -9999 -9999 -9999 -9999 -9999 940.0 659.0 760.0 370.0 659.0 600.0 713.0 1013.0 752.0 1015.0 649.0 749.0 468.0 784.0 829.0 375.0 749.0 435.0 793.0 865.0 630.0 411.0 1177.0 356.0 485.0 498.0 829.0 748.0 327.0 719.0 569.0 463.0 286.0 230.0 669.0 198.0 448.0 286.0 -9999 -9999 -9999 -9999 -9999 -9999 -9999 -9999 -9999 -9999 -9999 -9999
-9999 -9999 -9999 -9999 -9999 -9999 -9999 -9999 -9999 -9999 -9999 -9999 -9999 -9999 -9999 -9999 -9999 -9999 -9999 -9999 -9999 -9999 -9999 -9999 -9999 -9999 -9999 385.0 628.0 868.0 940.0 566.0 758.0 1297.0 453.0 588.0 548.0 656.0 760.0 754.0 782.0 454.0 319.0 570.0 546.0 492.0 531.0 670.0 450.0 554.0 725.0 823.0 504.0 398.0 652.0 933.0 677.0 483.0 638.0 743.0 455.0 756.0 254.0 265.0 471.0 439.0 -9999 -9999 -9999 -9999 -9999 -9999 -9999 -9999 -9999 -9999 -9999
-9999 -9999 -9999 -9999 -9999 -9999 -9999 -9999 -9999 -9999 -9999 -9999 -9999 -9999 -9999 -9999 -9999 -9999 -9999 -9999 -9999 -9999 -9999 -9999 -9999 -9999 -9999 -9999 494.0 369.0 885.0 535.0 530.0 529.0 684.0 601.0 438.0 674.0 801.0 514.0 886.0 964.0 574.0 387.0 571.0 444.0 823.0 834.0 829.0 516.0 795.0 402.0 459.0 582.0 738.0 714.0 531.0 728.0 956.0 389.0 309.0 340.0 372.0 416.0 395.0 425.0 -9999 -9999 -9999 -9999 -9999 -9999 -9999 -9999 -9999 -9999 -9999
-9999 -9999 -9999 -9999 -9999 -9999 -9999 -9999 -9999 -9999 -9999 -9999 -9999 -9999 -9999 -9999 -9999 -9999 -9999 -9999 -9999 -9999 691.0 -9999 -9999 -9999 -9999 -9999 614.0 712.0 605.0 436.0 514.0 494.0 440.0 688.0 512.0 600.0 592.0 621.0 501.0 608.0 824.0 562.0 755.0 643.0 682.0 464.0 311.0 801.0 829.0 760.0 618.0 662.0 731.0 534.0 853.0 342.0 446.0 370.0 383.0 337.0 523.0 418.0 -9999 -9999 -9999 -9999 -9999 -9999 -9999 -9999 -9999 -9999 -9999 -9999 -9999
-9999 -9999 -9999 -9999 -9999 -9999 -9999 -9999 -9999 -9999 -9999 -9999 -9999 -9999 -9999 -9999 -9999 -9999 -9999 760.0 -9999 521.0 760.0 -9999 -9999 -9999 -9999 -9999 580.0 290.0 469.0 637.0 1037.0 899.0 675.0 829.0 573.0 508.0 726.0 537.0 642.0 580.0 690.0 680.0 886.0 594.0 644.0 665.0 699.0 626.0 703.0 1482.0 822.0 588.0 560.0 522.0 765.0 1133.0 576.0 795.0 600.0 679.0 424.0 307.0 452.0 415.0 -9999 -9999 -9999 -9999 -9999 -9999 -9999 -9999 -9999 -9999 -9999
1475.0 870.0 691.0 -9999 -9999 -9999 -9999 -9999 -9999 -9999 -9999 -9999 -9999 -9999 -9999 -9999 -9999 -9999 -9999 -9999 674.0 -9999 -9999 -9999 -9999 -9999 -9999 703.0 1003.0 728.0 859.0 504.0 596.0 953.0 760.0 633.0 571.0 794.0 603.0 703.0 682.0 1474.0 710.0 556.0 638.0 1007.0 667.0 417.0 277.0 1401.0 404.0 986.0 1094.0 814.0 918.0 541.0 442.0 591.0 722.0 573.0 468.0 757.0 376.0 323.0 520.0 594.0 -9999 -9999 -9999 -9999 -9999 -9999 -9999 -9999 -9999 -9999 -9999
1345.0 668.0 773.0 640.0 1395.0 801.0 -9999 -9999 -9999 -9999 -9999 -9999 -9999 -9999 -9999 -9999 -9999 -9999 -9999 -9999 -9999 -9999 -9999 -9999 -9999 -9999 555.0 591.0 302.0 446.0 645.0 502.0 1016.0 395.0 962.0 1583.0 795.0 463.0 444.0 720.0 1034.0 659.0 532.0 898.0 659.0 1578.0 612.0 514.0 1343.0 315.0 668.0 522.0 709.0 553.0 542.0 925.0 468.0 464.0 691.0 754.0 761.0 485.0 709.0 341.0 405.0 496.0 462.0 425.0 -9999 691.0 -9999 -9999 -9999 -9999 -9999 -9999 -9999
1282.0 638.0 795.0 599.0 666.0 701.0 655.0 584.0 969.0 714.0 1373.0 610.0 278.0 -9999 -9999 -9999 -9999 -9999 -9999 -9999 -9999 -9999 -9999 -9999 530.0 922.0 943.0 699.0 526.0 608.0 909.0 1432.0 893.0 1148.0 581.0 631.0 829.0 784.0 691.0 1009.0 1431.0 715.0 728.0 491.0 864.0 334.0 473.0 774.0 456.0 674.0 810.0 585.0 534.0 450.0 1329.0 698.0 519.0 944.0 710.0 624.0 478.0 384.0 203.0 341.0 483.0 335.0 336.0 1084.0 477.0 714.0 340.0 413.0 -9999 -9999 -9999 -9999 -9999
1102.0 635.0 590.0 861.0 1152.0 749.0 707.0 677.0 898.0 627.0 772.0 1208.0 688.0 781.0 -9999 -9999 -9999 -9999 -9999 -9999 760.0 1059.0 674.0 386.0 450.0 618.0 598.0 541.0 591.0 847.0 579.0 806.0 529.0 754.0 563.0 763.0 594.0 1410.0 382.0 1031.0 615.0 995.0 749.0 642.0 955.0 1174.0 593.0 642.0 416.0 540.0 436.0 784.0 682.0 852.0 557.0 953.0 375.0 1025.0 829.0 576.0 460.0 340.0 401.0 282.0 314.0 605.0 613.0 343.0 1465.0 355.0 519.0 679.0 357.0 291.0 287.0 -9999 -9999
654.0 703.0 829.0 639.0 685.0 749.0 1009.0 666.0 639.0 832.0 666.0 1128.0 649.0 -9999 -9999 -9999 -9999 -9999 -9999 -9999 -9999 691.0 925.0 490.0 621.0 609.0 586.0 618.0 588.0 970.0 768.0 677.0 568.0 289.0 724.0 691.0 676.0 441.0 657.0 773.0 481.0 776.0 828.0 537.0 921.0 915.0 614.0 611.0 838.0 1014.0 885.0 760.0 829.0 939.0 444.0 405.0 772.0 852.0 1148.0 829.0 921.0 448.0 777.0 909.0 1294.0 566.0 574.0 937.0 1207.0 870.0 786.0 519.0 663.0 829.0 -9999 -9999 -9999
1312.0 859.0 829.0 725.0 722.0 902.0 941.0 683.0 690.0 945.0 844.0 896.0 650.0 1324.0 -9999 -9999 -9999 -9999 -9999 -9999 -9999 -9999 701.0 718.0 500.0 842.0 425.0 577.0 851.0 784.0 547.0 469.0 448.0 696.0 339.0 688.0 947.0 679.0 837.0 561.0 461.0 542.0 691.0 749.0 826.0 910.0 404.0 596.0 724.0 691.0 438.0 680.0 577.0 685.0 748.0 427.0 1118.0 691.0 668.0 1277.0 1101.0 772.0 655.0 618.0 352.0 1007.0 831.0 728.0 408.0 385.0 415.0 -9999 1012.0 329.0 579.0 299.0 -9999
1145.0 824.0 824.0 801.0 711.0 720.0 760.0 887.0 621.0 681.0 631.0 1733.0 680.0 915.0 -9999 -9999 -9999 -9999 -9999 -9999 -9999 -9999 653.0 715.0 650.0 1084.0 902.0 736.0 586.0 784.0 534.0 1162.0 792.0 544.0 609.0 854.0 493.0 570.0 1019.0 577.0 441.0 561.0 503.0 652.0 890.0 498.0 478.0 658.0 760.0 613.0 849.0 922.0 736.0 1475.0 468.0 456.0 829.0 1508.0 434.0 488.0 722.0 848.0 613.0 445.0 555.0 490.0 319.0 452.0 403.0 -9999 395.0 497.0 720.0 1087.0 1075.0 255.0 366.0
748.0 685.0 749.0 691.0 1549.0 1689.0 673.0 722.0 565.0 1284.0 765.0 923.0 653.0 691.0 910.0 801.0 691.0 -9999 -9999 -9999 -9999 -9999 935.0 605.0 621.0 656.0 653.0 1025.0 530.0 577.0 864.0 656.0 927.0 853.0 644.0 547.0 932.0 853.0 442.0 619.0 364.0 530.0 821.0 691.0 1086.0 657.0 738.0 545.0 853.0 536.0 931.0 544.0 517.0 613.0 339.0 470.0 428.0 480.0 626.0 677.0 520.0 1308.0 510.0 371.0 725.0 375.0 1640.0 696.0 596.0 1212.0 566.0 452.0 484.0 696.0 462.0 1344.0 354.0
1277.0 842.0 685.0 1260.0 1164.0 1287.0 715.0 942.0 642.0 948.0 639.0 784.0 803.0 795.0 1132.0 -9999 -9999 -9999 -9999 -9999 -9999 -9999 691.0 724.0 982.0 661.0 809.0 584.0 511.0 472.0 691.0 938.0 705.0 520.0 582.0 1084.0 1108.0 673.0 573.0 851.0 731.0 718.0 510.0 709.0 1117.0 760.0 690.0 591.0 825.0 429.0 438.0 471.0 615.0 1003.0 494.0 388.0 1034.0 1275.0 1186.0 920.0 978.0 519.0 624.0 708.0 615.0 922.0 742.0 788.0 703.0 743.0 463.0 705.0 1038.0 544.0 500.0 571.0 347.0
1024.0 1011.0 703.0 1155.0 899.0 893.0 645.0 775.0 864.0 948.0 593.0 1111.0 661.0 795.0 886.0 864.0 -9999 -9999 -9999 -9999 -9999 -9999 -9999 718.0 585.0 550.0 636.0 712.0 1606.0 790.0 420.0 524.0 1298.0 478.0 678.0 871.0 590.0 344.0 477.0 454.0 847.0 1113.0 484.0 535.0 760.0 390.0 643.0 659.0 1000.0 525.0 583.0 990.0 480.0 1003.0 801.0 859.0 634.0 1261.0 571.0 508.0 829.0 568.0 537.0 573.0 973.0 665.0 584.0 667.0 752.0 722.0 834.0 754.0 566.0 690.0 610.0 680.0 933.0
740.0 935.0 629.0 701.0 955.0 897.0 1353.0 668.0 1185.0 989.0 722.0 859.0 834.0 703.0 838.0 846.0 793.0 -9999 -9999 -9999 -9999 -9999 764.0 609.0 433.0 801.0 1134.0 645.0 432.0 754.0 899.0 760.0 417.0 529.0 581.0 599.0 500.0 499.0 615.0 801.0 828.0 500.0 498.0 533.0 742.0 481.0 308.0 414.0 633.0 395.0 512.0 617.0 607.0 1253.0 468.0 504.0 939.0 899.0 1225.0 447.0 488.0 837.0 543.0 474.0 1093.0 574.0 557.0 827.0 772.0 564.0 765.0 1338.0 389.0 561.0 419.0 447.0 749.0
537.0 675.0 761.0 904.0 784.0 691.0 692.0 852.0 703.0 722.0 852.0 784.0 685.0 864.0 818.0 1173.0 701.0 666.0 -9999 -9999 -9999 498.0 893.0 663.0 583.0 631.0 642.0 676.0 482.0 391.0 864.0 470.0 616.0 513.0 580.0 750.0 527.0 1224.0 805.0 688.0 749.0 980.0 626.0 457.0 391.0 487.0 955.0 273.0 947.0 408.0 305.0 891.0 489.0 409.0 446.0 452.0 801.0 264.0 493.0 462.0 561.0 1025.0 376.0 322.0 443.0 338.0 1043.0 789.0 607.0 495.0 498.0 490.0 348.0 413.0 610.0 571.0 805.0
599.0 828.0 748.0 879.0 650.0 784.0 870.0 985.0 1097.0 680.0 1334.0 725.0 758.0 674.0 701.0 760.0 696.0 698.0 781.0 932.0 725.0 687.0 1242.0 529.0 1010.0 759.0 466.0 1361.0 829.0 439.0 680.0 878.0 411.0 853.0 644.0 885.0 594.0 532.0 470.0 992.0 485.0 503.0 356.0 260.0 337.0 368.0 450.0 795.0 303.0 394.0 339.0 733.0 534.0 295.0 391.0 462.0 341.0 293.0 421.0 579.0 587.0 1249.0 295.0 436.0 391.0 449.0 398.0 631.0 645.0 487.0 521.0 373.0 754.0 -9999 -9999 -9999 -9999
655.0 484.0 613.0 738.0 860.0 1260.0 1277.0 593.0 659.0 829.0 1262.0 824.0 1080.0 1099.0 666.0 765.0 583.0 719.0 864.0 640.0 578.0 952.0 696.0 530.0 864.0 795.0 1130.0 597.0 782.0 344.0 920.0 478.0 397.0 519.0 1037.0 853.0 403.0 711.0 318.0 398.0 593.0 367.0 910.0 631.0 601.0 714.0 379.0 571.0 456.0 550.0 431.0 587.0 1191.0 329.0 973.0 826.0 325.0 370.0 598.0 483.0 580.0 259.0 470.0 499.0 915.0 511.0 1260.0 399.0 725.0 594.0 829.0 -9999 -9999 -9999 -9999 -9999 493.0
736.0 801.0 691.0 725.0 699.0 620.0 701.0 943.0 703.0 696.0 748.0 978.0 1118.0 869.0 1153.0 691.0 655.0 886.0 393.0 483.0 690.0 1012.0 476.0 655.0 576.0 404.0 558.0 599.0 894.0 755.0 957.0 684.0 722.0 414.0 829.0 685.0 621.0 1003.0 492.0 272.0 646.0 544.0 1150.0 367.0 459.0 846.0 578.0 412.0 859.0 430.0 229.0 426.0 320.0 411.0 -9999 -9999 -9999 -9999 -9999 -9999 1350.0 -9999 -9999 -9999 642.0 655.0 701.0 899.0 680.0 870.0 -9999 -9999 -9999 -9999 -9999 1006.0 319.0
986.0 587.0 754.0 749.0 437.0 599.0 565.0 530.0 560.0 589.0 653.0 700.0 615.0 668.0 843.0 404.0 605.0 510.0 1053.0 608.0 642.0 680.0 661.0 799.0 779.0 1013.0 403.0 568.0 761.0 1121.0 496.0 364.0 856.0 367.0 510.0 424.0 469.0 569.0 291.0 1245.0 290.0 484.0 858.0 781.0 613.0 585.0 400.0 468.0 1422.0 779.0 806.0 963.0 -9999 -9999 -9999 -9999 -9999 -9999 498.0 1017.0 -9999 -9999 -9999 -9999 -9999 -9999 -9999 -9999 -9999 -9999 -9999 -9999 -9999 -9999 -9999 375.0 713.0
479.0 621.0 455.0 684.0 775.0 1173.0 525.0 489.0 586.0 980.0 637.0 624.0 677.0 691.0 731.0 691.0 559.0 727.0 697.0 549.0 1431.0 992.0 725.0 420.0 616.0 1109.0 579.0 550.0 642.0 1654.0 674.0 829.0 1123.0 529.0 633.0 1016.0 931.0 1326.0 519.0 1559.0 560.0 491.0 703.0 529.0 301.0 678.0 653.0 315.0 436.0 647.0 518.0 -9999 -9999 -9999 -9999 -9999 -9999 -9999 -9999 -9999 852.0 483.0 667.0 631.0 -9999 -9999 -9999 -9999 -9999 -9999 -9999 -9999 -9999 -9999 292.0 343.0 931.0
358.0 978.0 492.0 528.0 443.0 505.0 509.0 594.0 587.0 671.0 1068.0 598.0 564.0 1333.0 775.0 822.0 1278.0 251.0 874.0 592.0 811.0 639.0 931.0 618.0 511.0 564.0 489.0 503.0 555.0 482.0 725.0 544.0 519.0 419.0 1005.0 606.0 513.0 1255.0 1099.0 615.0 617.0 549.0 429.0 348.0 768.0 540.0 595.0 828.0 691.0 -9999 -9999 -9999 384.0 580.0 204.0 793.0 913.0 298.0 -9999 -9999 -9999 -9999 -9999 -9999 -9999 -9999 -9999 -9999 -9999 -9999 -9999 -9999 -9999 -9999 750.0 301.0 446.0
1092.0 1194.0 980.0 457.0 749.0 593.0 469.0 427.0 691.0 972.0 549.0 491.0 442.0 580.0 870.0 527.0 803.0 925.0 589.0 1202.0 1400.0 783.0 501.0 650.0 642.0 591.0 668.0 677.0 481.0 829.0 1081.0 691.0 754.0 457.0 590.0 864.0 377.0 581.0 754.0 1404.0 935.0 510.0 602.0 513.0 353.0 579.0 414.0 -9999 -9999 537.0 304.0 334.0 503.0 456.0 839.0 500.0 456.0 599.0 684.0 -9999 -9999 -9999 -9999 -9999 -9999 -9999 -9999 -9999 -9999 -9999 -9999 -9999 -9999 435.0 180.0 331.0 633.0
1131.0 1711.0 1181.0 1055.0 313.0 547.0 520.0 807.0 769.0 442.0 525.0 673.0 464.0 448.0 586.0 615.0 541.0 727.0 590.0 886.0 459.0 493.0 527.0 688.0 888.0 888.0 731.0 1168.0 538.0 500.0 678.0 1049.0 690.0 603.0 554.0 710.0 488.0 497.0 600.0 1093.0 524.0 328.0 497.0 374.0 1039.0 417.0 -9999 415.0 424.0 553.0 416.0 861.0 640.0 317.0 301.0 317.0 935.0 807.0 -9999 -9999 -9999 -9999 -9999 -9999 -9999 -9999 -9999 -9999 -9999 -9999 -9999 -9999 791.0 789.0 582.0 820.0 765.0
1146.0 1163.0 1183.0 1205.0 955.0 921.0 955.0 781.0 389.0 407.0 564.0 812.0 674.0 584.0 456.0 419.0 1274.0 642.0 468.0 896.0 983.0 473.0 414.0 462.0 595.0 1011.0 381.0 405.0 368.0 506.0 453.0 576.0 393.0 417.0 286.0 302.0 352.0 624.0 415.0 365.0 368.0 455.0 972.0 248.0 243.0 -9999 526.0 409.0 332.0 575.0 536.0 296.0 518.0 600.0 407.0 -9999 -9999 -9999 -9999 -9999 -9999 -9999 -9999 -9999 -9999 -9999 -9999 -9999 -9999 -9999 -9999 327.0 1054.0 564.0 356.0 932.0 483.0
1228.0 1237.0 1254.0 1255.0 1272.0 829.0 1097.0 540.0 394.0 577.0 599.0 577.0 482.0 703.0 947.0 763.0 472.0 367.0 498.0 599.0 1188.0 505.0 587.0 599.0 561.0 734.0 378.0 1065.0 342.0 696.0 684.0 463.0 380.0 481.0 352.0 710.0 529.0 382.0 1199.0 346.0 701.0 747.0 413.0 285.0 562.0 329.0 448.0 559.0 970.0 418.0 622.0 886.0 347.0 670.0 552.0 663.0 565.0 -9999 -9999 -9999 -9999 -9999 -9999 -9999 -9999 -9999 -9999 -9999 -9999 -9999 -9999 -9999 -9999 -9999 -9999 -9999 -9999
1092.0 1136.0 1244.0 1180.0 1198.0 1213.0 1883.0 411.0 297.0 463.0 429.0 509.0 522.0 524.0 504.0 496.0 653.0 436.0 920.0 439.0 432.0 455.0 359.0 603.0 407.0 605.0 376.0 783.0 358.0 382.0 416.0 644.0 615.0 411.0 434.0 433.0 934.0 325.0 443.0 441.0 356.0 888.0 -9999 631.0 825.0 877.0 255.0 537.0 881.0 523.0 941.0 440.0 508.0 373.0 449.0 531.0 -9999 -9999 -9999 -9999 -9999 -9999 -9999 -9999 -9999 -9999 -9999 -9999 -9999 -9999 -9999 -9999 -9999 -9999 -9999 -9999 -9999
336.0 1276.0 1114.0 1152.0 540.0 439.0 691.0 1898.0 289.0 552.0 663.0 863.0 360.0 425.0 399.0 470.0 704.0 474.0 514.0 533.0 1154.0 383.0 521.0 402.0 452.0 490.0 750.0 595.0 619.0 591.0 260.0 434.0 309.0 504.0 448.0 629.0 360.0 635.0 430.0 852.0 1738.0 476.0 500.0 355.0 456.0 499.0 453.0 1000.0 691.0 488.0 563.0 281.0 322.0 357.0 451.0 744.0 743.0 575.0 800.0 639.0 -9999 -9999 -9999 -9999 -9999 -9999 -9999 581.0 -9999 -9999 -9999 -9999 -9999 -9999 -9999 -9999 -9999
492.0 573.0 648.0 642.0 656.0 568.0 994.0 685.0 549.0 662.0 521.0 570.0 472.0 549.0 508.0 448.0 643.0 454.0 1555.0 955.0 985.0 392.0 481.0 1599.0 308.0 432.0 581.0 397.0 802.0 896.0 727.0 526.0 271.0 243.0 326.0 1118.0 414.0 640.0 541.0 550.0 377.0 623.0 343.0 504.0 597.0 400.0 644.0 428.0 475.0 521.0 564.0 371.0 341.0 624.0 535.0 785.0 481.0 464.0 -9999 -9999 493.0 444.0 495.0 -9999 -9999 -9999 523.0 391.0 469.0 -9999 -9999 -9999 -9999 -9999 -9999 -9999 -9999
