KEPLER/4.2/binaries/lib/outreach-2.3.0/workflows/data/garp/NA_ASC/tmn6190_ann.asc
nrows  200
ncols  400
xllcorner  -179.99962860149
yllcorner  6.7208489478326
cellsize  0.4
NODATA_value  -9999
[rows 70 to 104 of 200, columns 158 to 236 of 400]
-84.0 -81.0 -80.0 -82.0 -82.0 -85.0 -81.0 -75.0 -71.0 -71.0 -73.0 -75.0 -76.0 -76.0 -76.0 -77.0 -77.0 -77.0 -78.0 -78.0 -80.0 -85.0 -87.0 -90.0 -90.0 -93.0 -95.0 -95.0 -93.0 -93.0 -96.0 -96.0 -96.0 -96.0 -99.0 -99.0 -103.0 -107.0 -109.0 -113.0 -113.0 -114.0 -116.0 -115.0 -117.0 -117.0 -119.0 -121.0 -123.0 -125.0 -125.0 -123.0 -121.0 -120.0 -118.0 -118.0 -117.0 -115.0 -115.0 -117.0 -117.0 -9999 -9999 -9999 -9999 -9999 -9999 -9999 -9999 -9999 -9999 -9999 -9999 -9999 -9999 -9999 -9999 -9999 -9999
-78.0 -70.0 -62.0 -60.0 -60.0 -61.0 -62.0 -63.0 -66.0 -66.0 -70.0 -76.0 -76.0 -73.0 -73.0 -73.0 -74.0 -75.0 -77.0 -77.0 -79.0 -83.0 -86.0 -87.0 -87.0 -91.0 -89.0 -88.0 -89.0 -89.0 -90.0 -91.0 -90.0 -88.0 -94.0 -94.0 -98.0 -102.0 -105.0 -107.0 -107.0 -110.0 -111.0 -112.0 -114.0 -114.0 -116.0 -116.0 -119.0 -120.0 -120.0 -120.0 -119.0 -117.0 -116.0 -116.0 -114.0 -112.0 -110.0 -109.0 -109.0 -112.0 -9999 -9999 -9999 -9999 -9999 -9999 -9999 -9999 -9999 -9999 -9999 -9999 -9999 -9999 -9999 -9999 -9999
-72.0 -67.0 -71.0 -71.0 -71.0 -62.0 -62.0 -65.0 -71.0 -71.0 -79.0 -84.0 -86.0 -76.0 -76.0 -72.0 -73.0 -76.0 -80.0 -80.0 -81.0 -83.0 -84.0 -85.0 -85.0 -85.0 -82.0 -83.0 -86.0 -86.0 -87.0 -86.0 -87.0 -86.0 -90.0 -90.0 -92.0 -95.0 -99.0 -101.0 -101.0 -103.0 -105.0 -107.0 -109.0 -109.0 -110.0 -112.0 -113.0 -114.0 -114.0 -115.0 -115.0 -113.0 -114.0 -114.0 -113.0 -110.0 -108.0 -107.0 -107.0 -106.0 -9999 -9999 -9999 -9999 -9999 -9999 -9999 -9999 -9999 -9999 -9999 -9999 -9999 -9999 -9999 -9999 -9999
-68.0 -65.0 -65.0 -68.0 -68.0 -57.0 -58.0 -66.0 -72.0 -72.0 -74.0 -74.0 -74.0 -70.0 -70.0 -70.0 -74.0 -75.0 -77.0 -77.0 -75.0 -78.0 -78.0 -80.0 -80.0 -81.0 -78.0 -78.0 -81.0 -81.0 -82.0 -82.0 -83.0 -83.0 -87.0 -87.0 -87.0 -91.0 -93.0 -95.0 -95.0 -97.0 -100.0 -101.0 -102.0 -102.0 -104.0 -106.0 -108.0 -110.0 -110.0 -110.0 -109.0 -108.0 -109.0 -109.0 -109.0 -106.0 -103.0 -102.0 -102.0 -102.0 -103.0 -104.0 -101.0 -101.0 -102.0 -107.0 -9999 -9999 -9999 -9999 -9999 -9999 -9999 -9999 -9999 -9999 -9999
-68.0 -65.0 -65.0 -68.0 -68.0 -57.0 -58.0 -66.0 -72.0 -72.0 -74.0 -74.0 -74.0 -70.0 -70.0 -70.0 -74.0 -75.0 -77.0 -77.0 -75.0 -78.0 -78.0 -80.0 -80.0 -81.0 -78.0 -78.0 -81.0 -81.0 -82.0 -82.0 -83.0 -83.0 -87.0 -87.0 -87.0 -91.0 -93.0 -95.0 -95.0 -97.0 -100.0 -101.0 -102.0 -102.0 -104.0 -106.0 -108.0 -110.0 -110.0 -110.0 -109.0 -108.0 -109.0 -109.0 -109.0 -106.0 -103.0 -102.0 -102.0 -102.0 -103.0 -104.0 -101.0 -101.0 -102.0 -107.0 -9999 -9999 -9999 -9999 -9999 -9999 -9999 -9999 -9999 -9999 -9999
-60.0 -64.0 -64.0 -61.0 -61.0 -55.0 -58.0 -61.0 -60.0 -60.0 -63.0 -65.0 -67.0 -66.0 -66.0 -62.0 -66.0 -68.0 -70.0 -70.0 -70.0 -71.0 -71.0 -74.0 -74.0 -75.0 -77.0 -77.0 -78.0 -78.0 -77.0 -78.0 -79.0 -81.0 -83.0 -83.0 -86.0 -88.0 -90.0 -90.0 -90.0 -90.0 -92.0 -94.0 -96.0 -96.0 -100.0 -102.0 -104.0 -105.0 -105.0 -105.0 -104.0 -103.0 -103.0 -103.0 -103.0 -103.0 -100.0 -98.0 -98.0 -97.0 -98.0 -98.0 -100.0 -100.0 -101.0 -101.0 -100.0 -100.0 -100.0 -99.0 -105.0 -9999 -9999 -9999 -9999 -9999 -9999
-52.0 -58.0 -59.0 -56.0 -56.0 -54.0 -54.0 -55.0 -54.0 -54.0 -60.0 -61.0 -63.0 -66.0 -66.0 -70.0 -63.0 -64.0 -65.0 -65.0 -65.0 -68.0 -68.0 -69.0 -69.0 -70.0 -71.0 -73.0 -74.0 -74.0 -74.0 -74.0 -76.0 -79.0 -80.0 -80.0 -83.0 -84.0 -85.0 -83.0 -83.0 -83.0 -86.0 -88.0 -91.0 -91.0 -94.0 -97.0 -99.0 -99.0 -99.0 -98.0 -98.0 -97.0 -97.0 -97.0 -97.0 -97.0 -95.0 -92.0 -92.0 -92.0 -93.0 -94.0 -96.0 -96.0 -98.0 -98.0 -96.0 -96.0 -96.0 -95.0 -96.0 -95.0 -9999 -9999 -9999 -9999 -9999
-47.0 -53.0 -56.0 -55.0 -55.0 -54.0 -54.0 -57.0 -57.0 -57.0 -59.0 -58.0 -64.0 -66.0 -66.0 -65.0 -65.0 -65.0 -65.0 -65.0 -66.0 -63.0 -63.0 -65.0 -65.0 -66.0 -67.0 -66.0 -68.0 -68.0 -69.0 -72.0 -74.0 -76.0 -79.0 -79.0 -78.0 -79.0 -76.0 -76.0 -76.0 -77.0 -79.0 -81.0 -84.0 -84.0 -87.0 -91.0 -91.0 -89.0 -89.0 -91.0 -91.0 -88.0 -89.0 -89.0 -89.0 -90.0 -90.0 -90.0 -90.0 -90.0 -89.0 -88.0 -88.0 -88.0 -92.0 -93.0 -94.0 -95.0 -95.0 -94.0 -95.0 -98.0 -98.0 -98.0 -99.0 -97.0 -101.0
-40.0 -46.0 -51.0 -54.0 -54.0 -54.0 -54.0 -58.0 -57.0 -57.0 -55.0 -57.0 -59.0 -60.0 -60.0 -62.0 -62.0 -63.0 -63.0 -63.0 -64.0 -62.0 -62.0 -63.0 -63.0 -64.0 -63.0 -63.0 -65.0 -65.0 -67.0 -69.0 -71.0 -73.0 -74.0 -74.0 -71.0 -69.0 -66.0 -69.0 -69.0 -71.0 -73.0 -76.0 -77.0 -77.0 -78.0 -81.0 -79.0 -80.0 -80.0 -83.0 -84.0 -81.0 -82.0 -82.0 -82.0 -83.0 -83.0 -84.0 -84.0 -84.0 -84.0 -83.0 -83.0 -83.0 -87.0 -88.0 -90.0 -90.0 -90.0 -90.0 -90.0 -93.0 -94.0 -94.0 -95.0 -95.0 -90.0
-40.0 -46.0 -51.0 -54.0 -54.0 -54.0 -54.0 -58.0 -57.0 -57.0 -55.0 -57.0 -59.0 -60.0 -60.0 -62.0 -62.0 -63.0 -63.0 -63.0 -64.0 -62.0 -62.0 -63.0 -63.0 -64.0 -63.0 -63.0 -65.0 -65.0 -67.0 -69.0 -71.0 -73.0 -74.0 -74.0 -71.0 -69.0 -66.0 -69.0 -69.0 -71.0 -73.0 -76.0 -77.0 -77.0 -78.0 -81.0 -79.0 -80.0 -80.0 -83.0 -84.0 -81.0 -82.0 -82.0 -82.0 -83.0 -83.0 -84.0 -84.0 -84.0 -84.0 -83.0 -83.0 -83.0 -87.0 -88.0 -90.0 -90.0 -90.0 -90.0 -90.0 -93.0 -94.0 -94.0 -95.0 -95.0 -90.0
-36.0 -40.0 -52.0 -65.0 -65.0 -63.0 -56.0 -53.0 -48.0 -48.0 -42.0 -49.0 -51.0 -53.0 -53.0 -57.0 -58.0 -56.0 -57.0 -57.0 -60.0 -65.0 -62.0 -63.0 -63.0 -62.0 -64.0 -66.0 -67.0 -67.0 -70.0 -69.0 -73.0 -65.0 -66.0 -66.0 -62.0 -58.0 -54.0 -64.0 -64.0 -66.0 -67.0 -67.0 -68.0 -68.0 -67.0 -66.0 -68.0 -72.0 -72.0 -74.0 -76.0 -77.0 -77.0 -77.0 -75.0 -76.0 -78.0 -79.0 -79.0 -80.0 -81.0 -81.0 -82.0 -82.0 -83.0 -84.0 -85.0 -86.0 -86.0 -86.0 -87.0 -86.0 -87.0 -87.0 -88.0 -88.0 -89.0
-38.0 -36.0 -46.0 -57.0 -57.0 -55.0 -51.0 -43.0 -38.0 -38.0 -38.0 -45.0 -45.0 -47.0 -47.0 -52.0 -54.0 -49.0 -52.0 -52.0 -56.0 -58.0 -60.0 -59.0 -59.0 -60.0 -62.0 -63.0 -64.0 -64.0 -67.0 -68.0 -69.0 -62.0 -62.0 -62.0 -60.0 -60.0 -61.0 -66.0 -66.0 -62.0 -61.0 -62.0 -63.0 -63.0 -60.0 -60.0 -61.0 -64.0 -64.0 -68.0 -69.0 -70.0 -70.0 -70.0 -68.0 -69.0 -71.0 -73.0 -73.0 -75.0 -75.0 -75.0 -77.0 -77.0 -78.0 -79.0 -81.0 -82.0 -82.0 -82.0 -83.0 -82.0 -83.0 -83.0 -84.0 -84.0 -85.0
-44.0 -47.0 -52.0 -54.0 -54.0 -47.0 -37.0 -30.0 -29.0 -29.0 -32.0 -35.0 -41.0 -43.0 -43.0 -47.0 -50.0 -49.0 -52.0 -52.0 -58.0 -61.0 -64.0 -60.0 -60.0 -59.0 -60.0 -62.0 -59.0 -59.0 -61.0 -60.0 -61.0 -57.0 -58.0 -58.0 -56.0 -58.0 -63.0 -62.0 -62.0 -59.0 -58.0 -56.0 -56.0 -56.0 -65.0 -66.0 -58.0 -60.0 -60.0 -63.0 -64.0 -64.0 -64.0 -64.0 -64.0 -66.0 -67.0 -69.0 -69.0 -70.0 -72.0 -74.0 -76.0 -76.0 -78.0 -80.0 -76.0 -76.0 -76.0 -78.0 -77.0 -79.0 -78.0 -78.0 -81.0 -82.0 -83.0
-53.0 -49.0 -54.0 -53.0 -53.0 -42.0 -28.0 -27.0 -37.0 -37.0 -37.0 -32.0 -36.0 -37.0 -37.0 -40.0 -45.0 -45.0 -43.0 -43.0 -49.0 -54.0 -59.0 -58.0 -58.0 -58.0 -59.0 -58.0 -59.0 -59.0 -59.0 -56.0 -57.0 -52.0 -56.0 -56.0 -64.0 -68.0 -61.0 -60.0 -60.0 -57.0 -61.0 -52.0 -52.0 -52.0 -60.0 -61.0 -61.0 -57.0 -57.0 -59.0 -60.0 -60.0 -60.0 -60.0 -60.0 -61.0 -63.0 -64.0 -64.0 -65.0 -67.0 -69.0 -71.0 -71.0 -74.0 -76.0 -72.0 -72.0 -72.0 -74.0 -73.0 -74.0 -74.0 -74.0 -77.0 -78.0 -80.0
-53.0 -49.0 -54.0 -53.0 -53.0 -42.0 -28.0 -27.0 -37.0 -37.0 -37.0 -32.0 -36.0 -37.0 -37.0 -40.0 -45.0 -45.0 -43.0 -43.0 -49.0 -54.0 -59.0 -58.0 -58.0 -58.0 -59.0 -58.0 -59.0 -59.0 -59.0 -56.0 -57.0 -52.0 -56.0 -56.0 -64.0 -68.0 -61.0 -60.0 -60.0 -57.0 -61.0 -52.0 -52.0 -52.0 -60.0 -61.0 -61.0 -57.0 -57.0 -59.0 -60.0 -60.0 -60.0 -60.0 -60.0 -61.0 -63.0 -64.0 -64.0 -65.0 -67.0 -69.0 -71.0 -71.0 -74.0 -76.0 -72.0 -72.0 -72.0 -74.0 -73.0 -74.0 -74.0 -74.0 -77.0 -78.0 -80.0
-81.0 -68.0 -61.0 -57.0 -57.0 -46.0 -38.0 -36.0 -37.0 -37.0 -37.0 -32.0 -28.0 -32.0 -32.0 -36.0 -40.0 -40.0 -39.0 -39.0 -41.0 -44.0 -44.0 -48.0 -48.0 -51.0 -49.0 -49.0 -51.0 -51.0 -51.0 -48.0 -50.0 -53.0 -59.0 -59.0 -63.0 -64.0 -66.0 -62.0 -62.0 -53.0 -50.0 -57.0 -50.0 -50.0 -50.0 -56.0 -56.0 -57.0 -57.0 -55.0 -56.0 -55.0 -55.0 -55.0 -57.0 -57.0 -59.0 -64.0 -64.0 -60.0 -61.0 -68.0 -71.0 -71.0 -69.0 -71.0 -73.0 -74.0 -74.0 -74.0 -74.0 -76.0 -78.0 -78.0 -73.0 -75.0 -77.0
-81.0 -89.0 -71.0 -74.0 -74.0 -64.0 -42.0 -41.0 -40.0 -40.0 -38.0 -35.0 -30.0 -35.0 -35.0 -40.0 -41.0 -40.0 -39.0 -39.0 -39.0 -42.0 -43.0 -44.0 -44.0 -44.0 -40.0 -40.0 -39.0 -39.0 -42.0 -43.0 -46.0 -50.0 -56.0 -56.0 -61.0 -64.0 -64.0 -57.0 -57.0 -52.0 -47.0 -46.0 -48.0 -48.0 -48.0 -51.0 -52.0 -52.0 -52.0 -52.0 -52.0 -52.0 -51.0 -51.0 -52.0 -52.0 -54.0 -59.0 -59.0 -55.0 -57.0 -65.0 -69.0 -69.0 -65.0 -68.0 -71.0 -72.0 -72.0 -72.0 -71.0 -72.0 -75.0 -75.0 -70.0 -72.0 -74.0
-53.0 -73.0 -89.0 -85.0 -85.0 -64.0 -48.0 -33.0 -36.0 -36.0 -38.0 -32.0 -35.0 -41.0 -41.0 -48.0 -41.0 -39.0 -38.0 -38.0 -39.0 -41.0 -41.0 -41.0 -41.0 -37.0 -36.0 -38.0 -38.0 -38.0 -40.0 -43.0 -44.0 -51.0 -52.0 -52.0 -53.0 -58.0 -58.0 -62.0 -62.0 -58.0 -53.0 -42.0 -43.0 -43.0 -48.0 -52.0 -53.0 -52.0 -52.0 -49.0 -49.0 -52.0 -52.0 -52.0 -51.0 -51.0 -49.0 -48.0 -48.0 -56.0 -58.0 -55.0 -58.0 -58.0 -60.0 -64.0 -73.0 -74.0 -74.0 -74.0 -72.0 -71.0 -71.0 -71.0 -70.0 -70.0 -70.0
-56.0 -60.0 -75.0 -84.0 -84.0 -74.0 -51.0 -39.0 -29.0 -29.0 -34.0 -32.0 -34.0 -40.0 -40.0 -41.0 -34.0 -34.0 -33.0 -33.0 -34.0 -37.0 -34.0 -31.0 -31.0 -27.0 -31.0 -36.0 -39.0 -39.0 -37.0 -37.0 -43.0 -46.0 -45.0 -45.0 -45.0 -49.0 -52.0 -56.0 -56.0 -52.0 -53.0 -39.0 -39.0 -39.0 -43.0 -50.0 -52.0 -52.0 -52.0 -48.0 -46.0 -49.0 -49.0 -49.0 -47.0 -46.0 -44.0 -43.0 -43.0 -50.0 -53.0 -50.0 -53.0 -53.0 -56.0 -61.0 -71.0 -74.0 -74.0 -75.0 -73.0 -72.0 -71.0 -71.0 -69.0 -68.0 -67.0
-56.0 -60.0 -75.0 -84.0 -84.0 -74.0 -51.0 -39.0 -29.0 -29.0 -34.0 -32.0 -34.0 -40.0 -40.0 -41.0 -34.0 -34.0 -33.0 -33.0 -34.0 -37.0 -34.0 -31.0 -31.0 -27.0 -31.0 -36.0 -39.0 -39.0 -37.0 -37.0 -43.0 -46.0 -45.0 -45.0 -45.0 -49.0 -52.0 -56.0 -56.0 -52.0 -53.0 -39.0 -39.0 -39.0 -43.0 -50.0 -52.0 -52.0 -52.0 -48.0 -46.0 -49.0 -49.0 -49.0 -47.0 -46.0 -44.0 -43.0 -43.0 -50.0 -53.0 -50.0 -53.0 -53.0 -56.0 -61.0 -71.0 -74.0 -74.0 -75.0 -73.0 -72.0 -71.0 -71.0 -69.0 -68.0 -67.0
-41.0 -57.0 -55.0 -67.0 -67.0 -85.0 -75.0 -45.0 -26.0 -26.0 -27.0 -27.0 -29.0 -29.0 -29.0 -28.0 -26.0 -25.0 -28.0 -28.0 -29.0 -27.0 -26.0 -25.0 -25.0 -28.0 -28.0 -33.0 -34.0 -34.0 -33.0 -33.0 -39.0 -38.0 -36.0 -36.0 -39.0 -40.0 -44.0 -46.0 -46.0 -49.0 -57.0 -54.0 -37.0 -37.0 -36.0 -44.0 -46.0 -46.0 -46.0 -38.0 -39.0 -39.0 -41.0 -41.0 -40.0 -38.0 -43.0 -41.0 -41.0 -43.0 -45.0 -51.0 -56.0 -56.0 -63.0 -69.0 -70.0 -74.0 -74.0 -75.0 -74.0 -72.0 -71.0 -71.0 -69.0 -69.0 -69.0
-24.0 -45.0 -60.0 -42.0 -42.0 -71.0 -70.0 -52.0 -25.0 -25.0 -18.0 -19.0 -22.0 -20.0 -20.0 -18.0 -19.0 -25.0 -26.0 -26.0 -27.0 -27.0 -27.0 -25.0 -25.0 -28.0 -26.0 -33.0 -31.0 -31.0 -27.0 -29.0 -36.0 -40.0 -39.0 -39.0 -40.0 -38.0 -36.0 -40.0 -40.0 -43.0 -54.0 -52.0 -38.0 -38.0 -33.0 -35.0 -39.0 -41.0 -41.0 -38.0 -35.0 -36.0 -39.0 -39.0 -36.0 -32.0 -39.0 -37.0 -37.0 -38.0 -41.0 -46.0 -51.0 -51.0 -60.0 -66.0 -67.0 -72.0 -72.0 -75.0 -70.0 -68.0 -68.0 -68.0 -68.0 -65.0 -65.0
-22.0 -44.0 -48.0 -28.0 -28.0 -50.0 -43.0 -44.0 -21.0 -21.0 -12.0 -13.0 -13.0 -13.0 -13.0 -11.0 -20.0 -35.0 -39.0 -39.0 -36.0 -35.0 -33.0 -34.0 -34.0 -32.0 -31.0 -33.0 -31.0 -31.0 -30.0 -30.0 -34.0 -34.0 -39.0 -39.0 -38.0 -39.0 -34.0 -35.0 -35.0 -36.0 -39.0 -36.0 -33.0 -33.0 -30.0 -30.0 -34.0 -37.0 -37.0 -40.0 -41.0 -44.0 -45.0 -45.0 -38.0 -30.0 -32.0 -34.0 -34.0 -35.0 -39.0 -44.0 -50.0 -50.0 -56.0 -62.0 -64.0 -64.0 -64.0 -53.0 -54.0 -60.0 -63.0 -63.0 -62.0 -59.0 -59.0
-10.0 -24.0 -27.0 -20.0 -20.0 -14.0 -32.0 -41.0 -21.0 -21.0 -13.0 -18.0 -15.0 -11.0 -11.0 -10.0 -17.0 -33.0 -41.0 -41.0 -36.0 -29.0 -31.0 -36.0 -36.0 -39.0 -38.0 -34.0 -31.0 -31.0 -30.0 -30.0 -30.0 -28.0 -27.0 -27.0 -27.0 -32.0 -33.0 -36.0 -36.0 -33.0 -34.0 -33.0 -34.0 -34.0 -34.0 -27.0 -29.0 -30.0 -30.0 -35.0 -39.0 -42.0 -42.0 -42.0 -27.0 -32.0 -29.0 -30.0 -30.0 -36.0 -38.0 -44.0 -48.0 -48.0 -54.0 -59.0 -60.0 -60.0 -60.0 -54.0 -50.0 -51.0 -51.0 -51.0 -54.0 -51.0 -52.0
-10.0 -24.0 -27.0 -20.0 -20.0 -14.0 -32.0 -41.0 -21.0 -21.0 -13.0 -18.0 -15.0 -11.0 -11.0 -10.0 -17.0 -33.0 -41.0 -41.0 -36.0 -29.0 -31.0 -36.0 -36.0 -39.0 -38.0 -34.0 -31.0 -31.0 -30.0 -30.0 -30.0 -28.0 -27.0 -27.0 -27.0 -32.0 -33.0 -36.0 -36.0 -33.0 -34.0 -33.0 -34.0 -34.0 -34.0 -27.0 -29.0 -30.0 -30.0 -35.0 -39.0 -42.0 -42.0 -42.0 -27.0 -32.0 -29.0 -30.0 -30.0 -36.0 -38.0 -44.0 -48.0 -48.0 -54.0 -59.0 -60.0 -60.0 -60.0 -54.0 -50.0 -51.0 -51.0 -51.0 -54.0 -51.0 -52.0
-5.0 -17.0 -11.0 -15.0 -15.0 -17.0 -24.0 -33.0 -57.0 -57.0 -27.0 -21.0 -14.0 -9.0 -9.0 -13.0 -14.0 -21.0 -26.0 -26.0 -23.0 -23.0 -23.0 -25.0 -25.0 -28.0 -30.0 -31.0 -27.0 -27.0 -28.0 -24.0 -25.0 -23.0 -24.0 -24.0 -27.0 -32.0 -31.0 -33.0 -33.0 -29.0 -31.0 -34.0 -33.0 -33.0 -34.0 -35.0 -24.0 -22.0 -22.0 -29.0 -34.0 -42.0 -39.0 -39.0 -35.0 -31.0 -30.0 -31.0 -31.0 -36.0 -41.0 -47.0 -48.0 -48.0 -49.0 -55.0 -54.0 -50.0 -50.0 -46.0 -37.0 -41.0 -36.0 -36.0 -37.0 -39.0 -48.0
0.0 -3.0 -10.0 -16.0 -16.0 -15.0 -19.0 -16.0 -36.0 -36.0 -37.0 -29.0 -10.0 -2.0 -2.0 -1.0 -6.0 -11.0 -24.0 -24.0 -26.0 -17.0 -15.0 -16.0 -16.0 -16.0 -13.0 -15.0 -17.0 -17.0 -17.0 -17.0 -19.0 -19.0 -20.0 -20.0 -23.0 -27.0 -26.0 -28.0 -28.0 -25.0 -25.0 -29.0 -29.0 -29.0 -30.0 -30.0 -24.0 -20.0 -20.0 -24.0 -27.0 -33.0 -33.0 -33.0 -30.0 -27.0 -26.0 -28.0 -28.0 -33.0 -37.0 -41.0 -43.0 -43.0 -45.0 -48.0 -43.0 -36.0 -36.0 -32.0 -30.0 -29.0 -31.0 -31.0 -33.0 -38.0 -44.0
22.0 15.0 7.0 0.0 0.0 -9.0 -7.0 -1.0 -29.0 -29.0 -29.0 -27.0 -8.0 0.0 0.0 3.0 1.0 -3.0 -7.0 -7.0 -10.0 -11.0 -8.0 -8.0 -8.0 -10.0 -10.0 -8.0 -10.0 -10.0 -12.0 -14.0 -16.0 -14.0 -18.0 -18.0 -19.0 -21.0 -24.0 -26.0 -26.0 -28.0 -30.0 -26.0 -27.0 -27.0 -28.0 -28.0 -25.0 -20.0 -20.0 -20.0 -22.0 -27.0 -28.0 -28.0 -25.0 -24.0 -24.0 -25.0 -25.0 -25.0 -29.0 -33.0 -38.0 -38.0 -38.0 -38.0 -23.0 -22.0 -22.0 -22.0 -20.0 -22.0 -24.0 -24.0 -24.0 -28.0 -33.0
26.0 21.0 7.0 -4.0 -4.0 -11.0 -9.0 -4.0 -23.0 -23.0 -23.0 -29.0 -12.0 -1.0 -1.0 0.0 -11.0 -9.0 -5.0 -5.0 -11.0 -4.0 -2.0 -3.0 -3.0 -5.0 -5.0 -2.0 -4.0 -4.0 -5.0 -7.0 -10.0 -12.0 -14.0 -14.0 -14.0 -14.0 -18.0 -20.0 -20.0 -23.0 -25.0 -26.0 -26.0 -26.0 -24.0 -24.0 -23.0 -18.0 -18.0 -15.0 -17.0 -24.0 -24.0 -24.0 -22.0 -18.0 -21.0 -21.0 -21.0 -19.0 -21.0 -24.0 -23.0 -23.0 -14.0 -15.0 -14.0 -15.0 -15.0 -18.0 -26.0 -17.0 -17.0 -17.0 -17.0 -21.0 -23.0
26.0 21.0 7.0 -4.0 -4.0 -11.0 -9.0 -4.0 -23.0 -23.0 -23.0 -29.0 -12.0 -1.0 -1.0 0.0 -11.0 -9.0 -5.0 -5.0 -11.0 -4.0 -2.0 -3.0 -3.0 -5.0 -5.0 -2.0 -4.0 -4.0 -5.0 -7.0 -10.0 -12.0 -14.0 -14.0 -14.0 -14.0 -18.0 -20.0 -20.0 -23.0 -25.0 -26.0 -26.0 -26.0 -24.0 -24.0 -23.0 -18.0 -18.0 -15.0 -17.0 -24.0 -24.0 -24.0 -22.0 -18.0 -21.0 -21.0 -21.0 -19.0 -21.0 -24.0 -23.0 -23.0 -14.0 -15.0 -14.0 -15.0 -15.0 -18.0 -26.0 -17.0 -17.0 -17.0 -17.0 -21.0 -23.0
38.0 37.0 24.0 8.0 8.0 -8.0 -18.0 -9.0 -13.0 -13.0 -9.0 -14.0 -15.0 -13.0 -13.0 -19.0 -25.0 -19.0 -9.0 -9.0 -16.0 -2.0 -2.0 -4.0 -4.0 -3.0 -4.0 1.0 -1.0 -1.0 -3.0 -5.0 -9.0 -12.0 -13.0 -13.0 -14.0 -15.0 -15.0 -17.0 -17.0 -19.0 -21.0 -23.0 -25.0 -25.0 -21.0 -20.0 -20.0 -15.0 -15.0 -12.0 -16.0 -21.0 -20.0 -20.0 -18.0 -17.0 -17.0 -18.0 -18.0 -13.0 -11.0 -15.0 -20.0 -20.0 -17.0 -11.0 -26.0 -26.0 -26.0 -28.0 -28.0 -20.0 -11.0 -11.0 -12.0 -16.0 -10.0
39.0 38.0 29.0 20.0 20.0 -6.0 -18.0 -10.0 -28.0 -28.0 -33.0 -18.0 -26.0 -13.0 -13.0 -10.0 -15.0 -20.0 -2.0 -2.0 4.0 3.0 1.0 -1.0 -1.0 -7.0 -5.0 2.0 4.0 4.0 0.0 -1.0 -5.0 -7.0 -8.0 -8.0 -10.0 -10.0 -9.0 -10.0 -10.0 -13.0 -15.0 -18.0 -20.0 -20.0 -18.0 -15.0 -16.0 -12.0 -12.0 -10.0 -11.0 -16.0 -17.0 -17.0 -14.0 -15.0 -13.0 -14.0 -14.0 -7.0 -9.0 -12.0 -15.0 -15.0 -20.0 -27.0 -30.0 -32.0 -32.0 -32.0 -28.0 -17.0 -9.0 -9.0 -5.0 -4.0 -3.0
21.0 22.0 15.0 -7.0 -7.0 -10.0 -17.0 -24.0 -24.0 -24.0 -31.0 -28.0 -20.0 -14.0 -14.0 -8.0 -16.0 -13.0 -1.0 -1.0 8.0 7.0 4.0 -3.0 -3.0 -12.0 -10.0 -1.0 1.0 1.0 1.0 -3.0 -4.0 -6.0 -5.0 -5.0 -5.0 -6.0 -5.0 -6.0 -6.0 -5.0 -8.0 -9.0 -12.0 -12.0 -11.0 -11.0 -13.0 -13.0 -13.0 -7.0 -7.0 -8.0 -10.0 -10.0 -9.0 -10.0 -7.0 -3.0 -3.0 -1.0 -6.0 -10.0 -13.0 -13.0 -18.0 -23.0 -27.0 -29.0 -29.0 -29.0 -19.0 -9.0 -2.0 -2.0 1.0 -3.0 -4.0
-3.0 6.0 -5.0 -10.0 -10.0 -21.0 -26.0 -25.0 -13.0 -13.0 -28.0 -15.0 -17.0 -23.0 -23.0 -37.0 -30.0 -43.0 -39.0 -39.0 -1.0 -11.0 -20.0 -8.0 -8.0 -11.0 -10.0 -4.0 -6.0 -6.0 0.0 -2.0 -1.0 -1.0 0.0 0.0 1.0 1.0 1.0 0.0 0.0 1.0 -2.0 -4.0 -8.0 -8.0 -9.0 -9.0 -9.0 -7.0 -7.0 -6.0 -3.0 -2.0 -1.0 -1.0 -2.0 -1.0 2.0 4.0 4.0 5.0 -1.0 -3.0 -5.0 -5.0 -10.0 -16.0 -19.0 -24.0 -24.0 -19.0 -9.0 -1.0 1.0 1.0 3.0 5.0 3.0
-3.0 6.0 -5.0 -10.0 -10.0 -21.0 -26.0 -25.0 -13.0 -13.0 -28.0 -15.0 -17.0 -23.0 -23.0 -37.0 -30.0 -43.0 -39.0 -39.0 -1.0 -11.0 -20.0 -8.0 -8.0 -11.0 -10.0 -4.0 -6.0 -6.0 0.0 -2.0 -1.0 -1.0 0.0 0.0 1.0 1.0 1.0 0.0 0.0 1.0 -2.0 -4.0 -8.0 -8.0 -9.0 -9.0 -9.0 -7.0 -7.0 -6.0 -3.0 -2.0 -1.0 -1.0 -2.0 -1.0 2.0 4.0 4.0 5.0 -1.0 -3.0 -5.0 -5.0 -10.0 -16.0 -19.0 -24.0 -24.0 -19.0 -9.0 -1.0 1.0 1.0 3.0 5.0 3.0
