KEPLER/4.2/binaries/lib/outreach-2.3.0/workflows/data/garp/NA_ASC/tmn6190_ann.asc
nrows  200
ncols  400
xllcorner  -179.99962860149
yllcorner  6.7208489478326
cellsize  0.4
NODATA_value  -9999
[rows 70 to 104 of 200, columns 237 to 315 of 400]
-9999 -9999 -9999 -9999 -9999 -9999 -9999 -9999 -9999 -9999 -9999 -9999 -9999 -9999 -9999 -9999 -9999 -108.0 -110.0 -111.0 -112.0 -112.0 -112.0 -112.0 -113.0 -112.0 -112.0 -112.0 -113.0 -112.0 -113.0 -113.0 -112.0 -114.0 -113.0 -112.0 -112.0 -113.0 -111.0 -105.0 -107.0 -107.0 -106.0 -101.0 -9999 -9999 -9999 -100.0 -102.0 -104.0 -111.0 -111.0 -124.0 -126.0 -130.0 -113.0 -113.0 -95.0 -9999 -9999 -9999 -9999 -9999 -9999 -9999 -9999 -9999 -9999 -9999 -9999 -9999 -9999 -9999 -9999 -9999 -9999 -9999 -9999 -9999
-9999 -9999 -9999 -9999 -9999 -9999 -9999 -9999 -9999 -9999 -9999 -9999 -9999 -9999 -9999 -9999 -9999 -9999 -105.0 -105.0 -108.0 -108.0 -110.0 -110.0 -112.0 -110.0 -110.0 -112.0 -112.0 -112.0 -112.0 -112.0 -110.0 -111.0 -110.0 -111.0 -111.0 -111.0 -110.0 -108.0 -109.0 -109.0 -107.0 -104.0 -102.0 -101.0 -101.0 -103.0 -105.0 -107.0 -114.0 -114.0 -123.0 -124.0 -116.0 -105.0 -105.0 -94.0 -89.0 -9999 -9999 -9999 -9999 -9999 -9999 -9999 -9999 -9999 -9999 -9999 -9999 -9999 -9999 -9999 -9999 -9999 -9999 -9999 -9999
-9999 -9999 -9999 -9999 -9999 -9999 -9999 -9999 -9999 -9999 -9999 -9999 -9999 -9999 -9999 -9999 -9999 -9999 -9999 -9999 -102.0 -102.0 -107.0 -108.0 -107.0 -110.0 -110.0 -111.0 -110.0 -112.0 -111.0 -111.0 -111.0 -111.0 -112.0 -112.0 -112.0 -112.0 -108.0 -107.0 -107.0 -107.0 -106.0 -106.0 -106.0 -105.0 -105.0 -104.0 -105.0 -108.0 -112.0 -112.0 -118.0 -120.0 -118.0 -112.0 -112.0 -102.0 -97.0 -86.0 -9999 -9999 -9999 -9999 -9999 -9999 -9999 -9999 -9999 -9999 -9999 -9999 -9999 -9999 -9999 -9999 -9999 -9999 -9999
-9999 -9999 -9999 -9999 -9999 -9999 -9999 -9999 -9999 -9999 -9999 -9999 -9999 -9999 -9999 -9999 -9999 -9999 -9999 -9999 -9999 -9999 -100.0 -106.0 -107.0 -109.0 -109.0 -109.0 -108.0 -110.0 -110.0 -110.0 -110.0 -109.0 -111.0 -111.0 -111.0 -112.0 -108.0 -106.0 -106.0 -106.0 -107.0 -104.0 -104.0 -103.0 -103.0 -104.0 -104.0 -107.0 -109.0 -109.0 -114.0 -115.0 -115.0 -112.0 -112.0 -105.0 -96.0 -85.0 -82.0 -82.0 -9999 -9999 -9999 -9999 -9999 -9999 -9999 -9999 -9999 -9999 -9999 -9999 -9999 -9999 -9999 -9999 -9999
-9999 -9999 -9999 -9999 -9999 -9999 -9999 -9999 -9999 -9999 -9999 -9999 -9999 -9999 -9999 -9999 -9999 -9999 -9999 -9999 -9999 -9999 -100.0 -106.0 -107.0 -109.0 -109.0 -109.0 -108.0 -110.0 -110.0 -110.0 -110.0 -109.0 -111.0 -111.0 -111.0 -112.0 -108.0 -106.0 -106.0 -106.0 -107.0 -104.0 -104.0 -103.0 -103.0 -104.0 -104.0 -107.0 -109.0 -109.0 -114.0 -115.0 -115.0 -112.0 -112.0 -105.0 -96.0 -85.0 -82.0 -82.0 -9999 -9999 -9999 -9999 -9999 -9999 -9999 -9999 -9999 -9999 -9999 -9999 -9999 -9999 -9999 -9999 -9999
-9999 -9999 -9999 -9999 -9999 -9999 -9999 -9999 -9999 -9999 -9999 -9999 -9999 -9999 -101.0 -99.0 -99.0 -9999 -9999 -9999 -9999 -9999 -97.0 -104.0 -105.0 -107.0 -107.0 -108.0 -107.0 -108.0 -107.0 -107.0 -106.0 -106.0 -105.0 -107.0 -107.0 -108.0 -107.0 -108.0 -103.0 -103.0 -104.0 -103.0 -103.0 -103.0 -103.0 -105.0 -103.0 -107.0 -109.0 -109.0 -107.0 -110.0 -112.0 -105.0 -105.0 -105.0 -99.0 -90.0 -76.0 -76.0 -9999 -9999 -9999 -9999 -9999 -9999 -9999 -9999 -9999 -9999 -9999 -9999 -9999 -9999 -9999 -9999 -9999
-9999 -9999 -9999 -9999 -9999 -9999 -9999 -9999 -9999 -9999 -9999 -9999 -9999 -9999 -98.0 -98.0 -98.0 -96.0 -9999 -9999 -9999 -9999 -95.0 -97.0 -102.0 -105.0 -105.0 -104.0 -104.0 -104.0 -105.0 -105.0 -104.0 -103.0 -102.0 -103.0 -103.0 -105.0 -106.0 -107.0 -102.0 -102.0 -98.0 -102.0 -105.0 -106.0 -106.0 -105.0 -104.0 -105.0 -106.0 -106.0 -106.0 -106.0 -106.0 -103.0 -103.0 -99.0 -95.0 -83.0 -75.0 -75.0 -70.0 -9999 -9999 -9999 -9999 -9999 -9999 -9999 -9999 -9999 -9999 -9999 -9999 -9999 -9999 -9999 -9999
-9999 -9999 -9999 -9999 -9999 -9999 -9999 -9999 -9999 -9999 -9999 -9999 -9999 -9999 -95.0 -94.0 -94.0 -9999 -9999 -9999 -96.0 -96.0 -99.0 -101.0 -100.0 -100.0 -100.0 -98.0 -101.0 -101.0 -101.0 -101.0 -101.0 -100.0 -103.0 -104.0 -104.0 -103.0 -104.0 -111.0 -111.0 -111.0 -104.0 -104.0 -106.0 -105.0 -105.0 -103.0 -105.0 -103.0 -103.0 -103.0 -104.0 -105.0 -107.0 -105.0 -105.0 -101.0 -98.0 -89.0 -81.0 -81.0 -71.0 -70.0 -9999 -9999 -9999 -9999 -9999 -9999 -9999 -9999 -9999 -9999 -9999 -9999 -9999 -9999 -9999
-90.0 -90.0 -91.0 -92.0 -92.0 -93.0 -93.0 -96.0 -95.0 -9999 -9999 -9999 -9999 -9999 -9999 -9999 -9999 -9999 -93.0 -93.0 -97.0 -97.0 -98.0 -99.0 -99.0 -100.0 -100.0 -102.0 -101.0 -101.0 -102.0 -102.0 -102.0 -102.0 -102.0 -102.0 -102.0 -103.0 -104.0 -108.0 -107.0 -107.0 -105.0 -101.0 -106.0 -102.0 -102.0 -102.0 -104.0 -102.0 -100.0 -100.0 -103.0 -104.0 -105.0 -106.0 -106.0 -101.0 -96.0 -88.0 -78.0 -78.0 -71.0 -62.0 -64.0 -62.0 -62.0 -57.0 -9999 -9999 -9999 -9999 -9999 -9999 -9999 -9999 -9999 -9999 -9999
-90.0 -90.0 -91.0 -92.0 -92.0 -93.0 -93.0 -96.0 -95.0 -9999 -9999 -9999 -9999 -9999 -9999 -9999 -9999 -9999 -93.0 -93.0 -97.0 -97.0 -98.0 -99.0 -99.0 -100.0 -100.0 -102.0 -101.0 -101.0 -102.0 -102.0 -102.0 -102.0 -102.0 -102.0 -102.0 -103.0 -104.0 -108.0 -107.0 -107.0 -105.0 -101.0 -106.0 -102.0 -102.0 -102.0 -104.0 -102.0 -100.0 -100.0 -103.0 -104.0 -105.0 -106.0 -106.0 -101.0 -96.0 -88.0 -78.0 -78.0 -71.0 -62.0 -64.0 -62.0 -62.0 -57.0 -9999 -9999 -9999 -9999 -9999 -9999 -9999 -9999 -9999 -9999 -9999
-89.0 -89.0 -91.0 -93.0 -91.0 -91.0 -91.0 -91.0 -90.0 -9999 -9999 -9999 -9999 -9999 -90.0 -90.0 -90.0 -90.0 -91.0 -93.0 -94.0 -94.0 -95.0 -96.0 -98.0 -96.0 -96.0 -97.0 -98.0 -100.0 -100.0 -100.0 -100.0 -100.0 -102.0 -96.0 -96.0 -104.0 -102.0 -100.0 -99.0 -99.0 -98.0 -98.0 -98.0 -103.0 -103.0 -102.0 -103.0 -104.0 -102.0 -102.0 -102.0 -102.0 -99.0 -98.0 -98.0 -95.0 -89.0 -86.0 -76.0 -76.0 -72.0 -69.0 -67.0 -67.0 -67.0 -63.0 -61.0 -54.0 -50.0 -50.0 -9999 -9999 -9999 -9999 -9999 -9999 -9999
-85.0 -85.0 -88.0 -89.0 -88.0 -88.0 -88.0 -88.0 -88.0 -9999 -9999 -9999 -9999 -9999 -9999 -87.0 -87.0 -87.0 -89.0 -90.0 -89.0 -89.0 -91.0 -92.0 -95.0 -93.0 -93.0 -94.0 -95.0 -97.0 -97.0 -97.0 -97.0 -97.0 -101.0 -93.0 -93.0 -101.0 -99.0 -96.0 -96.0 -96.0 -95.0 -97.0 -97.0 -98.0 -98.0 -100.0 -99.0 -101.0 -100.0 -100.0 -99.0 -98.0 -94.0 -92.0 -92.0 -90.0 -87.0 -82.0 -75.0 -75.0 -72.0 -72.0 -70.0 -65.0 -65.0 -60.0 -59.0 -54.0 -48.0 -48.0 -9999 -9999 -9999 -9999 -9999 -9999 -9999
-85.0 -85.0 -85.0 -86.0 -86.0 -87.0 -87.0 -86.0 -84.0 -9999 -9999 -9999 -9999 -9999 -9999 -83.0 -83.0 -85.0 -86.0 -87.0 -87.0 -87.0 -88.0 -87.0 -88.0 -88.0 -88.0 -90.0 -92.0 -91.0 -92.0 -92.0 -94.0 -97.0 -100.0 -100.0 -100.0 -98.0 -96.0 -92.0 -90.0 -90.0 -90.0 -105.0 -94.0 -96.0 -96.0 -97.0 -96.0 -97.0 -93.0 -93.0 -93.0 -90.0 -90.0 -90.0 -90.0 -91.0 -90.0 -84.0 -72.0 -72.0 -67.0 -62.0 -57.0 -62.0 -62.0 -68.0 -65.0 -59.0 -50.0 -50.0 -49.0 -41.0 -9999 -9999 -9999 -9999 -9999
-81.0 -81.0 -82.0 -82.0 -83.0 -84.0 -84.0 -82.0 -81.0 -80.0 -83.0 -83.0 -9999 -9999 -80.0 -80.0 -80.0 -82.0 -83.0 -84.0 -84.0 -84.0 -85.0 -84.0 -85.0 -84.0 -84.0 -86.0 -88.0 -88.0 -89.0 -89.0 -91.0 -94.0 -97.0 -99.0 -99.0 -95.0 -92.0 -90.0 -92.0 -92.0 -90.0 -101.0 -94.0 -95.0 -95.0 -94.0 -94.0 -97.0 -96.0 -96.0 -93.0 -90.0 -86.0 -82.0 -82.0 -83.0 -79.0 -75.0 -70.0 -70.0 -65.0 -59.0 -65.0 -72.0 -72.0 -70.0 -63.0 -55.0 -55.0 -55.0 -52.0 -47.0 -38.0 -9999 -9999 -9999 -9999
-81.0 -81.0 -82.0 -82.0 -83.0 -84.0 -84.0 -82.0 -81.0 -80.0 -83.0 -83.0 -9999 -9999 -80.0 -80.0 -80.0 -82.0 -83.0 -84.0 -84.0 -84.0 -85.0 -84.0 -85.0 -84.0 -84.0 -86.0 -88.0 -88.0 -89.0 -89.0 -91.0 -94.0 -97.0 -99.0 -99.0 -95.0 -92.0 -90.0 -92.0 -92.0 -90.0 -101.0 -94.0 -95.0 -95.0 -94.0 -94.0 -97.0 -96.0 -96.0 -93.0 -90.0 -86.0 -82.0 -82.0 -83.0 -79.0 -75.0 -70.0 -70.0 -65.0 -59.0 -65.0 -72.0 -72.0 -70.0 -63.0 -55.0 -55.0 -55.0 -52.0 -47.0 -38.0 -9999 -9999 -9999 -9999
-78.0 -78.0 -79.0 -79.0 -80.0 -80.0 -80.0 -81.0 -79.0 -76.0 -76.0 -76.0 -78.0 -9999 -9999 -9999 -9999 -79.0 -78.0 -80.0 -81.0 -81.0 -82.0 -85.0 -85.0 -84.0 -84.0 -91.0 -92.0 -93.0 -94.0 -94.0 -95.0 -97.0 -103.0 -98.0 -98.0 -94.0 -90.0 -88.0 -85.0 -85.0 -85.0 -86.0 -89.0 -90.0 -90.0 -88.0 -89.0 -93.0 -92.0 -92.0 -91.0 -89.0 -91.0 -86.0 -86.0 -81.0 -75.0 -72.0 -72.0 -72.0 -71.0 -67.0 -70.0 -68.0 -68.0 -66.0 -62.0 -59.0 -56.0 -56.0 -51.0 -47.0 -34.0 -9999 -9999 -9999 -9999
-75.0 -75.0 -76.0 -75.0 -76.0 -77.0 -77.0 -77.0 -76.0 -77.0 -72.0 -72.0 -9999 -9999 -9999 -9999 -9999 -74.0 -76.0 -77.0 -78.0 -78.0 -81.0 -82.0 -81.0 -80.0 -80.0 -88.0 -89.0 -90.0 -91.0 -91.0 -91.0 -98.0 -101.0 -96.0 -96.0 -98.0 -83.0 -84.0 -80.0 -80.0 -81.0 -80.0 -82.0 -86.0 -86.0 -85.0 -91.0 -95.0 -96.0 -96.0 -92.0 -87.0 -84.0 -83.0 -83.0 -80.0 -74.0 -72.0 -69.0 -69.0 -67.0 -65.0 -66.0 -66.0 -66.0 -64.0 -60.0 -56.0 -54.0 -54.0 -49.0 -46.0 -37.0 -9999 -9999 -9999 -9999
-71.0 -71.0 -72.0 -73.0 -73.0 -73.0 -73.0 -74.0 -74.0 -76.0 -76.0 -76.0 -76.0 -9999 -69.0 -70.0 -70.0 -72.0 -75.0 -74.0 -74.0 -74.0 -78.0 -77.0 -75.0 -76.0 -76.0 -77.0 -79.0 -83.0 -83.0 -83.0 -82.0 -84.0 -87.0 -85.0 -85.0 -86.0 -81.0 -79.0 -75.0 -75.0 -73.0 -73.0 -80.0 -84.0 -84.0 -81.0 -84.0 -87.0 -84.0 -84.0 -92.0 -88.0 -81.0 -83.0 -83.0 -76.0 -75.0 -65.0 -66.0 -66.0 -64.0 -59.0 -51.0 -51.0 -51.0 -49.0 -48.0 -47.0 -47.0 -47.0 -39.0 -35.0 -29.0 -28.0 -28.0 -9999 -9999
-68.0 -68.0 -69.0 -70.0 -70.0 -70.0 -70.0 -69.0 -69.0 -70.0 -72.0 -72.0 -74.0 -73.0 -71.0 -71.0 -71.0 -69.0 -71.0 -72.0 -71.0 -71.0 -71.0 -69.0 -71.0 -71.0 -71.0 -72.0 -73.0 -75.0 -76.0 -76.0 -77.0 -80.0 -83.0 -82.0 -82.0 -83.0 -83.0 -77.0 -72.0 -72.0 -68.0 -69.0 -72.0 -80.0 -80.0 -76.0 -78.0 -78.0 -75.0 -75.0 -81.0 -82.0 -77.0 -76.0 -76.0 -70.0 -69.0 -58.0 -57.0 -57.0 -58.0 -55.0 -47.0 -45.0 -45.0 -43.0 -29.0 -28.0 -27.0 -27.0 -23.0 -27.0 -27.0 -9999 -9999 -9999 -9999
-68.0 -68.0 -69.0 -70.0 -70.0 -70.0 -70.0 -69.0 -69.0 -70.0 -72.0 -72.0 -74.0 -73.0 -71.0 -71.0 -71.0 -69.0 -71.0 -72.0 -71.0 -71.0 -71.0 -69.0 -71.0 -71.0 -71.0 -72.0 -73.0 -75.0 -76.0 -76.0 -77.0 -80.0 -83.0 -82.0 -82.0 -83.0 -83.0 -77.0 -72.0 -72.0 -68.0 -69.0 -72.0 -80.0 -80.0 -76.0 -78.0 -78.0 -75.0 -75.0 -81.0 -82.0 -77.0 -76.0 -76.0 -70.0 -69.0 -58.0 -57.0 -57.0 -58.0 -55.0 -47.0 -45.0 -45.0 -43.0 -29.0 -28.0 -27.0 -27.0 -23.0 -27.0 -27.0 -9999 -9999 -9999 -9999
-65.0 -65.0 -65.0 -65.0 -67.0 -67.0 -67.0 -63.0 -63.0 -65.0 -67.0 -67.0 -70.0 -70.0 -70.0 -69.0 -69.0 -67.0 -67.0 -68.0 -70.0 -70.0 -68.0 -67.0 -67.0 -66.0 -66.0 -68.0 -70.0 -71.0 -73.0 -73.0 -74.0 -76.0 -79.0 -77.0 -77.0 -75.0 -74.0 -80.0 -70.0 -70.0 -65.0 -64.0 -64.0 -65.0 -65.0 -65.0 -64.0 -65.0 -66.0 -66.0 -62.0 -59.0 -58.0 -55.0 -55.0 -52.0 -50.0 -47.0 -43.0 -43.0 -42.0 -43.0 -38.0 -35.0 -35.0 -22.0 -9999 -9999 -17.0 -17.0 -30.0 -29.0 -19.0 -9999 -9999 -9999 -9999
-61.0 -61.0 -61.0 -62.0 -64.0 -64.0 -64.0 -59.0 -57.0 -60.0 -63.0 -63.0 -65.0 -66.0 -68.0 -68.0 -68.0 -68.0 -68.0 -67.0 -67.0 -67.0 -65.0 -62.0 -61.0 -60.0 -60.0 -62.0 -64.0 -67.0 -70.0 -70.0 -72.0 -73.0 -75.0 -72.0 -72.0 -70.0 -71.0 -68.0 -63.0 -63.0 -60.0 -58.0 -58.0 -58.0 -58.0 -47.0 -41.0 -36.0 -35.0 -35.0 -38.0 -35.0 -33.0 -32.0 -32.0 -32.0 -34.0 -36.0 -33.0 -33.0 -30.0 -29.0 -22.0 -9999 -9999 -9999 -9999 -18.0 -23.0 -23.0 -27.0 -17.0 -11.0 -9999 -9999 -9999 -9999
-61.0 -61.0 -61.0 -63.0 -64.0 -64.0 -64.0 -60.0 -57.0 -61.0 -61.0 -61.0 -65.0 -68.0 -64.0 -65.0 -65.0 -67.0 -66.0 -64.0 -62.0 -62.0 -62.0 -59.0 -57.0 -57.0 -57.0 -57.0 -62.0 -58.0 -61.0 -61.0 -62.0 -60.0 -65.0 -61.0 -61.0 -60.0 -60.0 -59.0 -56.0 -56.0 -51.0 -48.0 -50.0 -37.0 -37.0 -32.0 -9999 -9999 -9999 -9999 -9999 -35.0 -23.0 -23.0 -23.0 -34.0 -9999 -9999 -9999 -9999 -9999 -9999 -9999 -9999 -9999 -9999 -12.0 -15.0 -25.0 -25.0 -19.0 -21.0 -14.0 -6.0 -6.0 -4.0 -4.0
-59.0 -59.0 -61.0 -60.0 -61.0 -61.0 -61.0 -57.0 -54.0 -55.0 -56.0 -56.0 -60.0 -63.0 -59.0 -61.0 -61.0 -64.0 -66.0 -60.0 -58.0 -58.0 -59.0 -55.0 -55.0 -52.0 -52.0 -54.0 -56.0 -53.0 -58.0 -58.0 -60.0 -55.0 -58.0 -62.0 -62.0 -58.0 -57.0 -53.0 -49.0 -49.0 -37.0 -33.0 -34.0 -33.0 -33.0 -32.0 -38.0 -17.0 -19.0 -19.0 -33.0 -28.0 -26.0 -16.0 -16.0 -18.0 -17.0 -20.0 -9999 -9999 -9999 -9999 -9999 -9999 -9999 -9999 3.0 -11.0 -16.0 -16.0 -21.0 -19.0 -14.0 -5.0 -5.0 -4.0 1.0
-59.0 -59.0 -61.0 -60.0 -61.0 -61.0 -61.0 -57.0 -54.0 -55.0 -56.0 -56.0 -60.0 -63.0 -59.0 -61.0 -61.0 -64.0 -66.0 -60.0 -58.0 -58.0 -59.0 -55.0 -55.0 -52.0 -52.0 -54.0 -56.0 -53.0 -58.0 -58.0 -60.0 -55.0 -58.0 -62.0 -62.0 -58.0 -57.0 -53.0 -49.0 -49.0 -37.0 -33.0 -34.0 -33.0 -33.0 -32.0 -38.0 -17.0 -19.0 -19.0 -33.0 -28.0 -26.0 -16.0 -16.0 -18.0 -17.0 -20.0 -9999 -9999 -9999 -9999 -9999 -9999 -9999 -9999 3.0 -11.0 -16.0 -16.0 -21.0 -19.0 -14.0 -5.0 -5.0 -4.0 1.0
-60.0 -60.0 -58.0 -56.0 -56.0 -54.0 -54.0 -53.0 -51.0 -51.0 -51.0 -51.0 -54.0 -54.0 -55.0 -55.0 -55.0 -58.0 -61.0 -56.0 -57.0 -57.0 -57.0 -56.0 -56.0 -54.0 -54.0 -53.0 -53.0 -57.0 -61.0 -61.0 -55.0 -40.0 -42.0 -51.0 -51.0 -49.0 -54.0 -44.0 -28.0 -28.0 -30.0 -30.0 -24.0 -32.0 -32.0 -38.0 -35.0 -33.0 -30.0 -30.0 -26.0 -16.0 -9999 -9999 -9999 -9999 -9999 -9999 -9999 -9999 -9999 -9999 -9999 -6.0 -6.0 -5.0 -2.0 -15.0 -18.0 -18.0 -17.0 -20.0 -12.0 -8.0 -8.0 -7.0 2.0
-50.0 -50.0 -48.0 -48.0 -51.0 -50.0 -50.0 -49.0 -48.0 -46.0 -45.0 -45.0 -46.0 -47.0 -48.0 -49.0 -49.0 -48.0 -49.0 -49.0 -55.0 -55.0 -56.0 -56.0 -54.0 -52.0 -52.0 -51.0 -49.0 -52.0 -49.0 -49.0 -48.0 -42.0 -49.0 -43.0 -43.0 -48.0 -48.0 -27.0 -26.0 -26.0 -24.0 -32.0 -36.0 -34.0 -34.0 -32.0 -26.0 -16.0 -23.0 -23.0 -15.0 -17.0 -9999 -9999 -9999 -9999 -9999 -9999 -9999 -9999 -9999 -9999 -9999 -3.0 -3.0 5.0 -4.0 -15.0 -20.0 -20.0 -17.0 -17.0 -10.0 -7.0 -7.0 -6.0 -1.0
-33.0 -33.0 -31.0 -36.0 -41.0 -41.0 -41.0 -39.0 -39.0 -44.0 -42.0 -42.0 -38.0 -38.0 -36.0 -35.0 -35.0 -43.0 -44.0 -45.0 -47.0 -47.0 -48.0 -46.0 -44.0 -43.0 -43.0 -42.0 -43.0 -45.0 -39.0 -39.0 -38.0 -39.0 -45.0 -43.0 -43.0 -54.0 -36.0 -23.0 -25.0 -25.0 -27.0 -33.0 -36.0 -36.0 -36.0 -30.0 -26.0 -12.0 -9.0 -9.0 -10.0 -9999 -9999 -9999 -9999 -9999 -9999 -3.0 0.0 0.0 -9999 -9999 -9999 2.0 2.0 -1.0 1.0 -3.0 -7.0 -7.0 -10.0 -7.0 -5.0 -2.0 -2.0 0.0 6.0
-23.0 -23.0 -22.0 -29.0 -35.0 -36.0 -36.0 -35.0 -34.0 -39.0 -37.0 -37.0 -31.0 -32.0 -34.0 -29.0 -29.0 -37.0 -39.0 -39.0 -39.0 -39.0 -39.0 -39.0 -40.0 -41.0 -41.0 -39.0 -39.0 -38.0 -39.0 -39.0 -38.0 -36.0 -43.0 -45.0 -45.0 -33.0 -13.0 -23.0 -27.0 -27.0 -28.0 -24.0 -25.0 -30.0 -30.0 -30.0 -25.0 -17.0 -9.0 -9.0 -6.0 -9999 -9999 -9999 -9999 -9999 -1.0 1.0 -9999 -9999 0.0 5.0 -9999 -9999 -9999 -9999 -9999 -9999 -9999 -9999 -9999 16.0 14.0 6.0 6.0 12.0 13.0
-23.0 -23.0 -22.0 -29.0 -35.0 -36.0 -36.0 -35.0 -34.0 -39.0 -37.0 -37.0 -31.0 -32.0 -34.0 -29.0 -29.0 -37.0 -39.0 -39.0 -39.0 -39.0 -39.0 -39.0 -40.0 -41.0 -41.0 -39.0 -39.0 -38.0 -39.0 -39.0 -38.0 -36.0 -43.0 -45.0 -45.0 -33.0 -13.0 -23.0 -27.0 -27.0 -28.0 -24.0 -25.0 -30.0 -30.0 -30.0 -25.0 -17.0 -9.0 -9.0 -6.0 -9999 -9999 -9999 -9999 -9999 -1.0 1.0 -9999 -9999 0.0 5.0 -9999 -9999 -9999 -9999 -9999 -9999 -9999 -9999 -9999 16.0 14.0 6.0 6.0 12.0 13.0
-11.0 -11.0 -19.0 -21.0 -26.0 -24.0 -24.0 -26.0 -30.0 -28.0 -22.0 -22.0 -17.0 -20.0 -25.0 -17.0 -17.0 -26.0 -32.0 -32.0 -31.0 -31.0 -29.0 -31.0 -30.0 -36.0 -36.0 -35.0 -34.0 -35.0 -36.0 -36.0 -31.0 -26.0 -22.0 -18.0 -18.0 -16.0 -25.0 -22.0 -25.0 -25.0 -25.0 -21.0 -17.0 -24.0 -24.0 -28.0 -23.0 -20.0 -12.0 -12.0 -2.0 3.0 -1.0 0.0 0.0 -9999 -9999 -9999 5.0 5.0 5.0 9.0 -9999 -9999 -9999 -9999 -9999 -9999 -9999 -9999 -9999 20.0 18.0 18.0 18.0 -9999 15.0
-5.0 -5.0 -8.0 -9.0 -10.0 -10.0 -10.0 -10.0 -12.0 -17.0 -9.0 -9.0 -5.0 -11.0 -11.0 -12.0 -12.0 -20.0 -24.0 -21.0 -17.0 -17.0 -23.0 -25.0 -19.0 -26.0 -26.0 -30.0 -27.0 -30.0 -19.0 -19.0 -13.0 -14.0 -13.0 -15.0 -15.0 -18.0 -23.0 -25.0 -23.0 -23.0 -23.0 -19.0 -15.0 -20.0 -20.0 -19.0 -14.0 -10.0 -9.0 -9.0 -2.0 6.0 11.0 11.0 11.0 10.0 7.0 9.0 8.0 8.0 5.0 14.0 22.0 -9999 -9999 -9999 -9999 -9999 -9999 -9999 -9999 -9999 -9999 -9999 -9999 -9999 -9999
-4.0 -4.0 -5.0 -4.0 -2.0 -3.0 -3.0 -3.0 2.0 1.0 -3.0 -3.0 -4.0 -3.0 -13.0 -17.0 -17.0 -23.0 -29.0 -21.0 -11.0 -11.0 -12.0 -14.0 -13.0 -15.0 -15.0 -10.0 -11.0 -2.0 1.0 1.0 -1.0 -2.0 -13.0 -15.0 -15.0 -17.0 -23.0 -21.0 -22.0 -22.0 -16.0 -11.0 -12.0 -10.0 -10.0 -8.0 -1.0 -2.0 -11.0 -11.0 -2.0 0.0 4.0 5.0 5.0 7.0 9.0 14.0 10.0 10.0 15.0 17.0 26.0 -9999 -9999 -9999 -9999 -9999 -9999 -9999 -9999 -9999 -9999 -9999 -9999 -9999 -9999
4.0 4.0 0.0 1.0 2.0 5.0 5.0 7.0 6.0 4.0 4.0 4.0 4.0 3.0 -1.0 -7.0 -7.0 -16.0 -21.0 -17.0 -12.0 -12.0 -6.0 0.0 3.0 2.0 2.0 4.0 3.0 7.0 7.0 7.0 -2.0 -5.0 -8.0 -11.0 -11.0 -20.0 -23.0 -22.0 -17.0 -17.0 -8.0 -6.0 -4.0 0.0 0.0 -4.0 0.0 4.0 6.0 6.0 7.0 9.0 6.0 0.0 0.0 -3.0 2.0 12.0 21.0 21.0 26.0 -9999 -9999 -9999 -9999 -9999 -9999 -9999 -9999 -9999 -9999 -9999 -9999 -9999 -9999 -9999 -9999
4.0 4.0 0.0 1.0 2.0 5.0 5.0 7.0 6.0 4.0 4.0 4.0 4.0 3.0 -1.0 -7.0 -7.0 -16.0 -21.0 -17.0 -12.0 -12.0 -6.0 0.0 3.0 2.0 2.0 4.0 3.0 7.0 7.0 7.0 -2.0 -5.0 -8.0 -11.0 -11.0 -20.0 -23.0 -22.0 -17.0 -17.0 -8.0 -6.0 -4.0 0.0 0.0 -4.0 0.0 4.0 6.0 6.0 7.0 9.0 6.0 0.0 0.0 -3.0 2.0 12.0 21.0 21.0 26.0 -9999 -9999 -9999 -9999 -9999 -9999 -9999 -9999 -9999 -9999 -9999 -9999 -9999 -9999 -9999 -9999
