KEPLER/4.2/binaries/lib/outreach-2.3.0/workflows/data/garp/NA_ASC/tmn6190_ann.asc
nrows  200
ncols  400
xllcorner  -179.99962860149
yllcorner  6.7208489478326
cellsize  0.4
NODATA_value  -9999
[rows 105 to 139 of 200, columns 158 to 236 of 400]
18.0 12.0 7.0 -18.0 -18.0 -35.0 -34.0 -33.0 -33.0 -33.0 -37.0 -37.0 -38.0 -40.0 -40.0 -40.0 -43.0 -48.0 -52.0 -52.0 -19.0 3.0 1.0 -36.0 -36.0 -33.0 -21.0 -10.0 -6.0 -6.0 -6.0 -3.0 -3.0 2.0 7.0 7.0 5.0 6.0 8.0 8.0 8.0 7.0 5.0 3.0 -3.0 -3.0 -3.0 -1.0 -2.0 -2.0 -2.0 -2.0 -1.0 1.0 6.0 6.0 8.0 8.0 11.0 13.0 13.0 9.0 5.0 6.0 3.0 3.0 -1.0 -7.0 -9.0 -12.0 -12.0 -7.0 1.0 8.0 7.0 7.0 12.0 9.0 7.0
28.0 33.0 4.0 -12.0 -12.0 -36.0 -46.0 -38.0 -41.0 -41.0 -43.0 -36.0 -22.0 -26.0 -26.0 -30.0 -48.0 -57.0 -65.0 -65.0 -40.0 -11.0 4.0 -2.0 -2.0 -51.0 -18.0 -4.0 -4.0 -4.0 -2.0 -5.0 -22.0 -23.0 7.0 7.0 11.0 9.0 9.0 10.0 10.0 11.0 10.0 9.0 2.0 2.0 1.0 9.0 9.0 4.0 4.0 3.0 -1.0 2.0 9.0 9.0 12.0 12.0 12.0 12.0 12.0 7.0 9.0 11.0 12.0 12.0 8.0 4.0 0.0 1.0 1.0 8.0 15.0 17.0 14.0 14.0 17.0 17.0 10.0
32.0 42.0 25.0 7.0 7.0 -23.0 -41.0 -42.0 -37.0 -37.0 -19.0 -7.0 -6.0 -12.0 -12.0 -30.0 -52.0 -60.0 -64.0 -64.0 -63.0 -26.0 2.0 -2.0 -2.0 -23.0 -10.0 -1.0 -9.0 -9.0 -6.0 -3.0 -3.0 -21.0 2.0 2.0 11.0 10.0 11.0 11.0 11.0 10.0 11.0 10.0 7.0 7.0 8.0 16.0 20.0 13.0 13.0 8.0 3.0 1.0 5.0 5.0 10.0 12.0 13.0 12.0 12.0 10.0 12.0 16.0 18.0 18.0 10.0 8.0 7.0 10.0 10.0 16.0 21.0 26.0 19.0 19.0 20.0 23.0 15.0
13.0 17.0 35.0 23.0 23.0 3.0 -1.0 4.0 2.0 2.0 -4.0 -1.0 -4.0 -27.0 -27.0 -37.0 -51.0 -59.0 -77.0 -77.0 -39.0 -9.0 0.0 -7.0 -7.0 -19.0 -6.0 -5.0 -8.0 -8.0 -3.0 -1.0 2.0 5.0 7.0 7.0 8.0 3.0 4.0 5.0 5.0 6.0 7.0 6.0 7.0 7.0 12.0 16.0 21.0 17.0 17.0 15.0 10.0 6.0 7.0 7.0 11.0 16.0 15.0 17.0 17.0 18.0 18.0 18.0 20.0 20.0 17.0 13.0 10.0 13.0 13.0 20.0 24.0 23.0 25.0 25.0 26.0 34.0 26.0
13.0 17.0 35.0 23.0 23.0 3.0 -1.0 4.0 2.0 2.0 -4.0 -1.0 -4.0 -27.0 -27.0 -37.0 -51.0 -59.0 -77.0 -77.0 -39.0 -9.0 0.0 -7.0 -7.0 -19.0 -6.0 -5.0 -8.0 -8.0 -3.0 -1.0 2.0 5.0 7.0 7.0 8.0 3.0 4.0 5.0 5.0 6.0 7.0 6.0 7.0 7.0 12.0 16.0 21.0 17.0 17.0 15.0 10.0 6.0 7.0 7.0 11.0 16.0 15.0 17.0 17.0 18.0 18.0 18.0 20.0 20.0 17.0 13.0 10.0 13.0 13.0 20.0 24.0 23.0 25.0 25.0 26.0 34.0 26.0
7.0 -7.0 10.0 28.0 28.0 29.0 31.0 24.0 18.0 18.0 10.0 2.0 -11.0 -23.0 -23.0 -42.0 -58.0 -46.0 -44.0 -44.0 -69.0 -34.0 -11.0 -15.0 -15.0 -15.0 -1.0 -11.0 -12.0 -12.0 -6.0 -9.0 -7.0 0.0 3.0 3.0 1.0 0.0 1.0 3.0 3.0 4.0 5.0 7.0 9.0 9.0 13.0 18.0 20.0 23.0 23.0 20.0 16.0 13.0 10.0 10.0 17.0 21.0 22.0 21.0 21.0 22.0 21.0 20.0 24.0 24.0 25.0 19.0 14.0 15.0 15.0 20.0 27.0 34.0 31.0 31.0 32.0 38.0 32.0
-5.0 -2.0 -8.0 -1.0 -1.0 3.0 5.0 1.0 6.0 6.0 6.0 -2.0 -4.0 -21.0 -21.0 -34.0 -56.0 -46.0 -35.0 -35.0 -34.0 -38.0 -26.0 -24.0 -24.0 -18.0 -15.0 -22.0 -35.0 -35.0 -10.0 1.0 2.0 -1.0 0.0 0.0 3.0 -1.0 0.0 2.0 2.0 3.0 4.0 5.0 7.0 7.0 12.0 15.0 19.0 21.0 21.0 20.0 29.0 23.0 20.0 20.0 26.0 28.0 29.0 26.0 26.0 22.0 24.0 28.0 30.0 30.0 31.0 29.0 22.0 25.0 25.0 23.0 29.0 39.0 35.0 35.0 36.0 42.0 40.0
-15.0 -4.0 -13.0 -29.0 -29.0 -30.0 -11.0 -5.0 1.0 1.0 15.0 23.0 18.0 -13.0 -13.0 -38.0 -43.0 -37.0 -30.0 -30.0 -33.0 -28.0 -27.0 -27.0 -27.0 -32.0 -26.0 -29.0 -26.0 -26.0 -19.0 -4.0 5.0 6.0 8.0 8.0 7.0 6.0 4.0 4.0 4.0 4.0 6.0 6.0 11.0 11.0 17.0 15.0 19.0 25.0 25.0 28.0 35.0 34.0 28.0 28.0 28.0 34.0 38.0 35.0 35.0 30.0 34.0 38.0 39.0 39.0 39.0 39.0 31.0 33.0 33.0 33.0 35.0 43.0 39.0 39.0 45.0 46.0 43.0
3.0 -12.0 -23.0 -23.0 -23.0 -17.0 -13.0 4.0 31.0 31.0 35.0 38.0 34.0 -7.0 -7.0 -35.0 -44.0 -44.0 -33.0 -33.0 -37.0 -40.0 -29.0 -31.0 -31.0 -52.0 -52.0 -62.0 -37.0 -37.0 -29.0 -7.0 -2.0 0.0 6.0 6.0 10.0 14.0 14.0 12.0 12.0 8.0 11.0 11.0 17.0 17.0 25.0 27.0 31.0 34.0 34.0 34.0 39.0 39.0 33.0 33.0 31.0 33.0 37.0 39.0 39.0 44.0 44.0 47.0 44.0 44.0 45.0 40.0 38.0 41.0 41.0 42.0 42.0 44.0 43.0 43.0 44.0 45.0 44.0
3.0 -12.0 -23.0 -23.0 -23.0 -17.0 -13.0 4.0 31.0 31.0 35.0 38.0 34.0 -7.0 -7.0 -35.0 -44.0 -44.0 -33.0 -33.0 -37.0 -40.0 -29.0 -31.0 -31.0 -52.0 -52.0 -62.0 -37.0 -37.0 -29.0 -7.0 -2.0 0.0 6.0 6.0 10.0 14.0 14.0 12.0 12.0 8.0 11.0 11.0 17.0 17.0 25.0 27.0 31.0 34.0 34.0 34.0 39.0 39.0 33.0 33.0 31.0 33.0 37.0 39.0 39.0 44.0 44.0 47.0 44.0 44.0 45.0 40.0 38.0 41.0 41.0 42.0 42.0 44.0 43.0 43.0 44.0 45.0 44.0
5.0 1.0 -10.0 -16.0 -16.0 -30.0 -10.0 9.0 35.0 35.0 40.0 39.0 42.0 -3.0 -3.0 -37.0 -80.0 -85.0 -60.0 -60.0 -29.0 -33.0 -18.0 -30.0 -30.0 -60.0 -73.0 -68.0 -67.0 -67.0 -13.0 8.0 7.0 7.0 13.0 13.0 14.0 20.0 23.0 18.0 18.0 10.0 18.0 22.0 27.0 27.0 33.0 37.0 40.0 41.0 41.0 38.0 34.0 40.0 36.0 36.0 34.0 36.0 38.0 42.0 42.0 49.0 49.0 48.0 42.0 42.0 43.0 45.0 48.0 43.0 43.0 43.0 46.0 48.0 44.0 44.0 45.0 45.0 43.0
5.0 -7.0 -11.0 -20.0 -20.0 -20.0 -13.0 2.0 29.0 29.0 35.0 25.0 18.0 17.0 17.0 -39.0 -39.0 -20.0 -3.0 -3.0 -3.0 -14.0 -16.0 -37.0 -37.0 -68.0 -80.0 -71.0 -78.0 -78.0 -6.0 21.0 19.0 13.0 13.0 13.0 18.0 24.0 29.0 26.0 26.0 20.0 22.0 27.0 33.0 33.0 39.0 43.0 44.0 39.0 39.0 41.0 42.0 49.0 47.0 47.0 46.0 46.0 44.0 47.0 47.0 50.0 52.0 53.0 48.0 48.0 46.0 49.0 53.0 51.0 51.0 50.0 53.0 51.0 50.0 50.0 48.0 47.0 48.0
6.0 -15.0 -14.0 -16.0 -16.0 -15.0 -24.0 -11.0 2.0 2.0 16.0 13.0 2.0 -10.0 -10.0 -38.0 -33.0 -30.0 -5.0 -5.0 2.0 -24.0 -23.0 -46.0 -46.0 -84.0 -73.0 -89.0 -96.0 -96.0 -16.0 11.0 7.0 13.0 11.0 11.0 19.0 27.0 29.0 27.0 27.0 27.0 29.0 33.0 38.0 38.0 45.0 50.0 52.0 49.0 49.0 51.0 55.0 55.0 58.0 58.0 59.0 55.0 55.0 55.0 55.0 54.0 55.0 55.0 52.0 52.0 53.0 50.0 58.0 58.0 58.0 57.0 59.0 59.0 57.0 57.0 53.0 57.0 49.0
6.0 -15.0 -18.0 -11.0 -11.0 -21.0 -32.0 -27.0 2.0 2.0 -1.0 6.0 9.0 0.0 0.0 -31.0 -1.0 7.0 -14.0 -14.0 10.0 16.0 -11.0 -50.0 -50.0 -76.0 -105.0 -104.0 -80.0 -80.0 -38.0 4.0 8.0 7.0 10.0 10.0 17.0 24.0 29.0 29.0 29.0 31.0 36.0 42.0 43.0 43.0 49.0 54.0 59.0 60.0 60.0 62.0 60.0 60.0 67.0 67.0 69.0 63.0 62.0 59.0 59.0 60.0 58.0 54.0 51.0 51.0 58.0 61.0 61.0 63.0 63.0 63.0 62.0 62.0 60.0 60.0 54.0 52.0 51.0
6.0 -15.0 -18.0 -11.0 -11.0 -21.0 -32.0 -27.0 2.0 2.0 -1.0 6.0 9.0 0.0 0.0 -31.0 -1.0 7.0 -14.0 -14.0 10.0 16.0 -11.0 -50.0 -50.0 -76.0 -105.0 -104.0 -80.0 -80.0 -38.0 4.0 8.0 7.0 10.0 10.0 17.0 24.0 29.0 29.0 29.0 31.0 36.0 42.0 43.0 43.0 49.0 54.0 59.0 60.0 60.0 62.0 60.0 60.0 67.0 67.0 69.0 63.0 62.0 59.0 59.0 60.0 58.0 54.0 51.0 51.0 58.0 61.0 61.0 63.0 63.0 63.0 62.0 62.0 60.0 60.0 54.0 52.0 51.0
-22.0 -25.0 -15.0 -5.0 -5.0 -20.0 -23.0 -19.0 -16.0 -16.0 -1.0 3.0 -20.0 -33.0 -33.0 -9.0 8.0 35.0 27.0 27.0 16.0 -17.0 3.0 -8.0 -8.0 -93.0 -96.0 -93.0 -64.0 -64.0 -44.0 19.0 24.0 14.0 16.0 16.0 20.0 24.0 28.0 31.0 31.0 34.0 42.0 47.0 47.0 47.0 50.0 54.0 63.0 66.0 66.0 62.0 59.0 62.0 72.0 72.0 70.0 65.0 61.0 63.0 63.0 65.0 66.0 63.0 62.0 62.0 71.0 79.0 72.0 67.0 67.0 65.0 65.0 66.0 72.0 72.0 58.0 55.0 57.0
4.0 -3.0 -6.0 -2.0 -2.0 -3.0 -7.0 -14.0 -15.0 -15.0 -5.0 -12.0 -28.0 -39.0 -39.0 -18.0 18.0 25.0 27.0 27.0 7.0 11.0 -14.0 -54.0 -54.0 -97.0 -95.0 -86.0 -53.0 -53.0 -27.0 24.0 24.0 26.0 21.0 21.0 21.0 23.0 26.0 32.0 32.0 38.0 48.0 54.0 53.0 53.0 56.0 61.0 67.0 68.0 68.0 66.0 64.0 66.0 69.0 69.0 71.0 69.0 68.0 68.0 68.0 70.0 70.0 67.0 65.0 65.0 69.0 75.0 76.0 68.0 68.0 64.0 69.0 71.0 73.0 73.0 65.0 65.0 73.0
24.0 41.0 6.0 18.0 18.0 16.0 7.0 8.0 0.0 0.0 2.0 -9.0 -17.0 -16.0 -16.0 13.0 25.0 22.0 -5.0 -5.0 21.0 2.0 -62.0 -91.0 -91.0 -121.0 -108.0 -63.0 -31.0 -31.0 -62.0 11.0 25.0 28.0 24.0 24.0 21.0 26.0 33.0 40.0 40.0 48.0 56.0 61.0 61.0 61.0 63.0 68.0 72.0 74.0 74.0 69.0 67.0 69.0 71.0 71.0 73.0 70.0 70.0 71.0 71.0 72.0 72.0 67.0 63.0 63.0 59.0 64.0 71.0 71.0 71.0 73.0 75.0 75.0 77.0 77.0 74.0 70.0 69.0
29.0 44.0 26.0 33.0 33.0 36.0 39.0 30.0 26.0 26.0 16.0 6.0 2.0 19.0 19.0 23.0 38.0 37.0 36.0 36.0 37.0 21.0 -15.0 -32.0 -32.0 -57.0 -96.0 -76.0 -26.0 -26.0 -44.0 -6.0 26.0 24.0 20.0 20.0 26.0 34.0 41.0 48.0 48.0 55.0 63.0 71.0 72.0 72.0 73.0 77.0 80.0 81.0 81.0 74.0 66.0 75.0 76.0 76.0 73.0 69.0 71.0 72.0 72.0 72.0 72.0 70.0 68.0 68.0 65.0 65.0 71.0 79.0 79.0 79.0 76.0 75.0 76.0 76.0 77.0 73.0 66.0
29.0 44.0 26.0 33.0 33.0 36.0 39.0 30.0 26.0 26.0 16.0 6.0 2.0 19.0 19.0 23.0 38.0 37.0 36.0 36.0 37.0 21.0 -15.0 -32.0 -32.0 -57.0 -96.0 -76.0 -26.0 -26.0 -44.0 -6.0 26.0 24.0 20.0 20.0 26.0 34.0 41.0 48.0 48.0 55.0 63.0 71.0 72.0 72.0 73.0 77.0 80.0 81.0 81.0 74.0 66.0 75.0 76.0 76.0 73.0 69.0 71.0 72.0 72.0 72.0 72.0 70.0 68.0 68.0 65.0 65.0 71.0 79.0 79.0 79.0 76.0 75.0 76.0 76.0 77.0 73.0 66.0
68.0 83.0 66.0 64.0 64.0 42.0 89.0 81.0 50.0 50.0 35.0 30.0 11.0 27.0 27.0 27.0 16.0 1.0 28.0 28.0 0.0 32.0 20.0 25.0 25.0 -8.0 -42.0 -65.0 -31.0 -31.0 -54.0 -1.0 6.0 16.0 33.0 33.0 39.0 43.0 50.0 57.0 57.0 62.0 67.0 79.0 83.0 83.0 82.0 85.0 89.0 90.0 90.0 84.0 79.0 83.0 82.0 82.0 77.0 73.0 77.0 80.0 80.0 81.0 81.0 77.0 77.0 77.0 79.0 80.0 81.0 85.0 85.0 82.0 76.0 73.0 75.0 75.0 78.0 77.0 71.0
45.0 101.0 86.0 45.0 45.0 92.0 95.0 95.0 55.0 55.0 37.0 40.0 28.0 34.0 34.0 30.0 14.0 2.0 11.0 11.0 -9.0 12.0 18.0 23.0 23.0 -6.0 -43.0 -21.0 -21.0 -21.0 -44.0 8.0 17.0 32.0 45.0 45.0 51.0 52.0 57.0 62.0 62.0 64.0 70.0 77.0 81.0 81.0 84.0 88.0 89.0 90.0 90.0 92.0 92.0 96.0 90.0 90.0 82.0 81.0 84.0 83.0 83.0 86.0 86.0 85.0 88.0 88.0 90.0 90.0 89.0 89.0 89.0 85.0 78.0 75.0 81.0 81.0 87.0 81.0 77.0
79.0 106.0 118.0 93.0 93.0 81.0 100.0 87.0 63.0 63.0 68.0 35.0 21.0 13.0 13.0 40.0 31.0 17.0 13.0 13.0 4.0 0.0 2.0 -3.0 -3.0 -6.0 -29.0 -9.0 -28.0 -28.0 -5.0 17.0 41.0 55.0 57.0 57.0 63.0 62.0 64.0 66.0 66.0 69.0 74.0 80.0 88.0 88.0 86.0 89.0 92.0 94.0 94.0 96.0 97.0 98.0 95.0 95.0 85.0 83.0 84.0 83.0 83.0 84.0 87.0 91.0 94.0 94.0 96.0 97.0 94.0 93.0 93.0 88.0 80.0 75.0 78.0 78.0 80.0 78.0 82.0
90.0 88.0 110.0 104.0 104.0 94.0 108.0 94.0 63.0 63.0 68.0 47.0 12.0 -17.0 -17.0 29.0 40.0 32.0 17.0 17.0 11.0 2.0 -12.0 -15.0 -15.0 -6.0 8.0 -7.0 3.0 3.0 21.0 37.0 51.0 59.0 70.0 70.0 67.0 65.0 67.0 67.0 67.0 73.0 79.0 86.0 89.0 89.0 92.0 93.0 96.0 96.0 96.0 97.0 96.0 96.0 89.0 89.0 92.0 92.0 97.0 99.0 99.0 99.0 97.0 97.0 97.0 97.0 100.0 106.0 103.0 95.0 95.0 90.0 81.0 67.0 74.0 74.0 78.0 81.0 80.0
90.0 88.0 110.0 104.0 104.0 94.0 108.0 94.0 63.0 63.0 68.0 47.0 12.0 -17.0 -17.0 29.0 40.0 32.0 17.0 17.0 11.0 2.0 -12.0 -15.0 -15.0 -6.0 8.0 -7.0 3.0 3.0 21.0 37.0 51.0 59.0 70.0 70.0 67.0 65.0 67.0 67.0 67.0 73.0 79.0 86.0 89.0 89.0 92.0 93.0 96.0 96.0 96.0 97.0 96.0 96.0 89.0 89.0 92.0 92.0 97.0 99.0 99.0 99.0 97.0 97.0 97.0 97.0 100.0 106.0 103.0 95.0 95.0 90.0 81.0 67.0 74.0 74.0 78.0 81.0 80.0
79.0 67.0 95.0 102.0 102.0 114.0 117.0 113.0 77.0 77.0 55.0 57.0 63.0 64.0 64.0 44.0 33.0 37.0 39.0 39.0 34.0 2.0 -13.0 -8.0 -8.0 14.0 4.0 1.0 8.0 8.0 22.0 43.0 48.0 55.0 63.0 63.0 66.0 67.0 71.0 78.0 78.0 84.0 86.0 92.0 96.0 96.0 95.0 98.0 98.0 99.0 99.0 97.0 99.0 96.0 92.0 92.0 90.0 89.0 94.0 99.0 99.0 103.0 108.0 103.0 99.0 99.0 103.0 107.0 102.0 95.0 95.0 93.0 88.0 84.0 88.0 88.0 93.0 84.0 83.0
58.0 25.0 86.0 97.0 97.0 119.0 121.0 123.0 101.0 101.0 96.0 77.0 63.0 67.0 67.0 48.0 21.0 29.0 8.0 8.0 5.0 -8.0 -19.0 -8.0 -8.0 14.0 11.0 12.0 10.0 10.0 29.0 49.0 58.0 60.0 64.0 64.0 70.0 72.0 75.0 78.0 78.0 88.0 90.0 91.0 98.0 98.0 102.0 105.0 103.0 103.0 103.0 102.0 103.0 101.0 98.0 98.0 96.0 96.0 100.0 105.0 105.0 108.0 108.0 106.0 106.0 106.0 107.0 101.0 93.0 95.0 95.0 99.0 98.0 93.0 95.0 95.0 95.0 90.0 85.0
98.0 57.0 111.0 114.0 114.0 121.0 129.0 123.0 114.0 114.0 99.0 104.0 119.0 111.0 111.0 89.0 64.0 57.0 20.0 20.0 -20.0 -9.0 1.0 4.0 4.0 20.0 42.0 44.0 26.0 26.0 28.0 62.0 71.0 64.0 67.0 67.0 74.0 77.0 80.0 83.0 83.0 91.0 93.0 100.0 103.0 103.0 106.0 107.0 106.0 107.0 107.0 108.0 105.0 104.0 104.0 104.0 106.0 107.0 110.0 111.0 111.0 111.0 109.0 108.0 109.0 109.0 108.0 104.0 99.0 100.0 100.0 105.0 105.0 103.0 103.0 103.0 102.0 97.0 88.0
108.0 70.0 105.0 138.0 138.0 132.0 130.0 125.0 129.0 129.0 125.0 108.0 123.0 132.0 132.0 115.0 76.0 76.0 39.0 39.0 15.0 1.0 -2.0 5.0 5.0 39.0 40.0 60.0 10.0 10.0 31.0 68.0 75.0 69.0 73.0 73.0 79.0 82.0 86.0 94.0 94.0 96.0 98.0 107.0 107.0 107.0 108.0 106.0 109.0 114.0 114.0 115.0 108.0 107.0 108.0 108.0 109.0 111.0 114.0 114.0 114.0 113.0 112.0 112.0 113.0 113.0 111.0 108.0 105.0 105.0 105.0 108.0 110.0 108.0 105.0 105.0 103.0 98.0 91.0
108.0 70.0 105.0 138.0 138.0 132.0 130.0 125.0 129.0 129.0 125.0 108.0 123.0 132.0 132.0 115.0 76.0 76.0 39.0 39.0 15.0 1.0 -2.0 5.0 5.0 39.0 40.0 60.0 10.0 10.0 31.0 68.0 75.0 69.0 73.0 73.0 79.0 82.0 86.0 94.0 94.0 96.0 98.0 107.0 107.0 107.0 108.0 106.0 109.0 114.0 114.0 115.0 108.0 107.0 108.0 108.0 109.0 111.0 114.0 114.0 114.0 113.0 112.0 112.0 113.0 113.0 111.0 108.0 105.0 105.0 105.0 108.0 110.0 108.0 105.0 105.0 103.0 98.0 91.0
133.0 83.0 83.0 122.0 122.0 136.0 150.0 145.0 142.0 142.0 139.0 134.0 132.0 137.0 137.0 134.0 94.0 61.0 65.0 65.0 60.0 43.0 32.0 34.0 34.0 56.0 47.0 74.0 20.0 20.0 44.0 70.0 82.0 78.0 86.0 86.0 92.0 95.0 96.0 98.0 98.0 99.0 105.0 113.0 113.0 113.0 111.0 110.0 107.0 120.0 120.0 122.0 115.0 111.0 111.0 111.0 112.0 115.0 119.0 117.0 117.0 115.0 113.0 115.0 117.0 117.0 116.0 112.0 108.0 106.0 106.0 108.0 111.0 112.0 112.0 112.0 106.0 104.0 101.0
102.0 84.0 68.0 100.0 100.0 122.0 142.0 146.0 140.0 140.0 141.0 134.0 135.0 126.0 126.0 125.0 97.0 66.0 63.0 63.0 61.0 56.0 54.0 53.0 53.0 58.0 61.0 72.0 79.0 79.0 74.0 62.0 84.0 87.0 91.0 91.0 96.0 99.0 101.0 103.0 103.0 101.0 100.0 112.0 110.0 110.0 112.0 112.0 116.0 120.0 120.0 122.0 121.0 115.0 114.0 114.0 115.0 119.0 123.0 121.0 121.0 118.0 117.0 120.0 122.0 122.0 120.0 114.0 110.0 108.0 108.0 107.0 110.0 113.0 118.0 118.0 120.0 118.0 110.0
-9999 93.0 67.0 61.0 61.0 103.0 127.0 133.0 135.0 135.0 133.0 123.0 118.0 94.0 94.0 79.0 65.0 66.0 57.0 57.0 45.0 54.0 60.0 70.0 70.0 75.0 81.0 92.0 75.0 75.0 85.0 74.0 91.0 101.0 104.0 104.0 101.0 101.0 101.0 101.0 101.0 104.0 108.0 108.0 111.0 111.0 108.0 110.0 122.0 128.0 128.0 125.0 121.0 122.0 120.0 120.0 121.0 122.0 124.0 124.0 124.0 123.0 123.0 125.0 126.0 126.0 120.0 117.0 112.0 113.0 113.0 109.0 115.0 118.0 121.0 121.0 120.0 117.0 113.0
-9999 94.0 79.0 54.0 54.0 79.0 123.0 -9999 144.0 144.0 137.0 130.0 109.0 100.0 100.0 63.0 60.0 52.0 52.0 52.0 63.0 55.0 70.0 75.0 75.0 84.0 82.0 83.0 89.0 89.0 79.0 85.0 89.0 106.0 111.0 111.0 104.0 99.0 104.0 104.0 104.0 107.0 108.0 108.0 109.0 109.0 108.0 104.0 126.0 130.0 130.0 130.0 127.0 128.0 127.0 127.0 128.0 128.0 128.0 128.0 128.0 128.0 128.0 131.0 130.0 130.0 123.0 119.0 121.0 121.0 121.0 122.0 125.0 129.0 129.0 129.0 125.0 119.0 118.0
-9999 94.0 79.0 54.0 54.0 79.0 123.0 -9999 144.0 144.0 137.0 130.0 109.0 100.0 100.0 63.0 60.0 52.0 52.0 52.0 63.0 55.0 70.0 75.0 75.0 84.0 82.0 83.0 89.0 89.0 79.0 85.0 89.0 106.0 111.0 111.0 104.0 99.0 104.0 104.0 104.0 107.0 108.0 108.0 109.0 109.0 108.0 104.0 126.0 130.0 130.0 130.0 127.0 128.0 127.0 127.0 128.0 128.0 128.0 128.0 128.0 128.0 128.0 131.0 130.0 130.0 123.0 119.0 121.0 121.0 121.0 122.0 125.0 129.0 129.0 129.0 125.0 119.0 118.0
