KEPLER/4.2/binaries/lib/outreach-2.3.0/workflows/data/garp/NA_ASC/tmn6190_ann.asc
nrows  200
ncols  400
xllcorner  -179.99962860149
yllcorner  6.7208489478326
cellsize  0.4
NODATA_value  -9999
[rows 35 to 69 of 200, columns 79 to 157 of 400]
-9999 -9999 -9999 -9999 -9999 -9999 -9999 -9999 -9999 -9999 -9999 -9999 -9999 -9999 -9999 -9999 -9999 -9999 -9999 -9999 -9999 -9999 -9999 -9999 -9999 -9999 -9999 -9999 -9999 -9999 -9999 -9999 -9999 -9999 -9999 -9999 -9999 -9999 -9999 -9999 -9999 -9999 -9999 -9999 -9999 -9999 -9999 -9999 -9999 -9999 -9999 -9999 -9999 -9999 -9999 -9999 -9999 -9999 -9999 -9999 -176.0 -178.0 -181.0 -183.0 -183.0 -186.0 -188.0 -190.0 -190.0 -190.0 -191.0 -189.0 -185.0 -184.0 -184.0 -184.0 -185.0 -186.0 -191.0
-9999 -9999 -9999 -9999 -9999 -9999 -9999 -9999 -9999 -9999 -9999 -9999 -9999 -9999 -9999 -9999 -9999 -9999 -9999 -9999 -9999 -9999 -9999 -9999 -9999 -9999 -9999 -9999 -9999 -9999 -9999 -9999 -9999 -9999 -9999 -9999 -9999 -9999 -9999 -9999 -9999 -9999 -9999 -9999 -9999 -9999 -9999 -9999 -9999 -9999 -9999 -9999 -9999 -9999 -9999 -9999 -9999 -170.0 -172.0 -172.0 -174.0 -175.0 -177.0 -178.0 -178.0 -182.0 -183.0 -185.0 -185.0 -185.0 -186.0 -181.0 -182.0 -184.0 -184.0 -178.0 -182.0 -188.0 -189.0
-9999 -9999 -9999 -9999 -9999 -9999 -9999 -9999 -9999 -9999 -9999 -9999 -9999 -9999 -9999 -9999 -9999 -9999 -9999 -9999 -9999 -9999 -9999 -9999 -9999 -9999 -9999 -9999 -9999 -9999 -9999 -9999 -9999 -9999 -9999 -9999 -9999 -9999 -9999 -9999 -9999 -9999 -9999 -9999 -9999 -9999 -9999 -9999 -9999 -9999 -9999 -9999 -9999 -9999 -9999 -9999 -9999 -165.0 -166.0 -166.0 -168.0 -169.0 -176.0 -182.0 -182.0 -184.0 -187.0 -179.0 -178.0 -178.0 -172.0 -178.0 -9999 -173.0 -173.0 -174.0 -181.0 -182.0 -184.0
-9999 -9999 -9999 -9999 -9999 -9999 -9999 -9999 -9999 -9999 -9999 -9999 -9999 -9999 -9999 -9999 -9999 -9999 -9999 -9999 -9999 -9999 -9999 -9999 -9999 -9999 -9999 -9999 -9999 -9999 -9999 -9999 -9999 -9999 -9999 -9999 -9999 -9999 -9999 -9999 -9999 -9999 -9999 -9999 -9999 -9999 -9999 -9999 -9999 -9999 -9999 -9999 -9999 -9999 -9999 -9999 -9999 -9999 -9999 -9999 -9999 -9999 -165.0 -169.0 -169.0 -172.0 -169.0 -170.0 -168.0 -168.0 -170.0 -9999 -9999 -9999 -9999 -9999 -174.0 -174.0 -177.0
-9999 -9999 -9999 -9999 -9999 -9999 -9999 -9999 -9999 -9999 -9999 -9999 -9999 -9999 -9999 -9999 -9999 -9999 -9999 -9999 -9999 -9999 -9999 -9999 -9999 -9999 -9999 -9999 -9999 -9999 -9999 -9999 -9999 -9999 -9999 -9999 -9999 -9999 -9999 -9999 -9999 -9999 -9999 -9999 -9999 -9999 -9999 -9999 -9999 -9999 -9999 -9999 -9999 -9999 -9999 -9999 -9999 -9999 -9999 -9999 -9999 -9999 -165.0 -169.0 -169.0 -172.0 -169.0 -170.0 -168.0 -168.0 -170.0 -9999 -9999 -9999 -9999 -9999 -174.0 -174.0 -177.0
-9999 -9999 -9999 -9999 -9999 -9999 -9999 -9999 -9999 -9999 -9999 -9999 -9999 -9999 -9999 -9999 -9999 -9999 -9999 -9999 -9999 -9999 -9999 -9999 -9999 -9999 -9999 -9999 -9999 -9999 -9999 -9999 -9999 -9999 -9999 -9999 -9999 -9999 -9999 -9999 -9999 -9999 -9999 -9999 -9999 -9999 -9999 -9999 -9999 -9999 -9999 -158.0 -9999 -9999 -9999 -9999 -9999 -9999 -9999 -9999 -9999 -9999 -9999 -9999 -9999 -9999 -9999 -9999 -9999 -9999 -9999 -9999 -9999 -9999 -9999 -9999 -169.0 -172.0 -173.0
-140.0 -140.0 -140.0 -150.0 -150.0 -151.0 -142.0 -153.0 -9999 -9999 -9999 -9999 -159.0 -159.0 -159.0 -9999 -9999 -9999 -9999 -9999 -9999 -9999 -9999 -9999 -9999 -9999 -9999 -9999 -9999 -9999 -9999 -9999 -9999 -9999 -9999 -9999 -9999 -9999 -9999 -9999 -9999 -9999 -9999 -9999 -9999 -154.0 -154.0 -154.0 -9999 -9999 -9999 -154.0 -154.0 -153.0 -153.0 -9999 -9999 -9999 -9999 -9999 -9999 -9999 -9999 -9999 -9999 -9999 -9999 -9999 -9999 -9999 -9999 -9999 -9999 -9999 -9999 -9999 -9999 -9999 -169.0
-138.0 -141.0 -141.0 -144.0 -144.0 -144.0 -147.0 -153.0 -158.0 -158.0 -156.0 -150.0 -149.0 -150.0 -150.0 -151.0 -151.0 -150.0 -157.0 -157.0 -157.0 -157.0 -156.0 -155.0 -155.0 -9999 -9999 -9999 -9999 -9999 -9999 -9999 -151.0 -9999 -9999 -9999 -152.0 -152.0 -154.0 -154.0 -152.0 -152.0 -148.0 -148.0 -148.0 -148.0 -148.0 -169.0 -160.0 -165.0 -165.0 -176.0 -179.0 -172.0 -172.0 -150.0 -153.0 -9999 -148.0 -148.0 -148.0 -147.0 -9999 -146.0 -146.0 -148.0 -149.0 -150.0 -145.0 -145.0 -149.0 -9999 -9999 -9999 -9999 -9999 -9999 -9999 -165.0
-141.0 -143.0 -151.0 -162.0 -162.0 -166.0 -170.0 -174.0 -194.0 -194.0 -181.0 -188.0 -202.0 -192.0 -192.0 -189.0 -194.0 -190.0 -190.0 -190.0 -185.0 -182.0 -172.0 -162.0 -162.0 -150.0 -150.0 -9999 -9999 -9999 -9999 -9999 -147.0 -147.0 -147.0 -147.0 -147.0 -146.0 -144.0 -144.0 -144.0 -144.0 -144.0 -144.0 -144.0 -144.0 -144.0 -176.0 -174.0 -179.0 -179.0 -176.0 -183.0 -180.0 -180.0 -151.0 -151.0 -149.0 -149.0 -149.0 -148.0 -146.0 -147.0 -149.0 -149.0 -152.0 -158.0 -167.0 -165.0 -165.0 -157.0 -154.0 -157.0 -154.0 -154.0 -154.0 -157.0 -157.0 -9999
-141.0 -143.0 -151.0 -162.0 -162.0 -166.0 -170.0 -174.0 -194.0 -194.0 -181.0 -188.0 -202.0 -192.0 -192.0 -189.0 -194.0 -190.0 -190.0 -190.0 -185.0 -182.0 -172.0 -162.0 -162.0 -150.0 -150.0 -9999 -9999 -9999 -9999 -9999 -147.0 -147.0 -147.0 -147.0 -147.0 -146.0 -144.0 -144.0 -144.0 -144.0 -144.0 -144.0 -144.0 -144.0 -144.0 -176.0 -174.0 -179.0 -179.0 -176.0 -183.0 -180.0 -180.0 -151.0 -151.0 -149.0 -149.0 -149.0 -148.0 -146.0 -147.0 -149.0 -149.0 -152.0 -158.0 -167.0 -165.0 -165.0 -157.0 -154.0 -157.0 -154.0 -154.0 -154.0 -157.0 -157.0 -9999
-151.0 -157.0 -174.0 -184.0 -184.0 -183.0 -180.0 -192.0 -182.0 -182.0 -175.0 -182.0 -181.0 -178.0 -178.0 -180.0 -180.0 -183.0 -176.0 -176.0 -178.0 -179.0 -167.0 -174.0 -174.0 -164.0 -161.0 -153.0 -150.0 -150.0 -147.0 -146.0 -145.0 -144.0 -144.0 -147.0 -148.0 -149.0 -147.0 -147.0 -146.0 -147.0 -147.0 -147.0 -147.0 -147.0 -147.0 -148.0 -149.0 -149.0 -149.0 -148.0 -153.0 -152.0 -152.0 -151.0 -151.0 -150.0 -150.0 -150.0 -149.0 -149.0 -148.0 -148.0 -148.0 -147.0 -147.0 -146.0 -146.0 -146.0 -147.0 -149.0 -156.0 -165.0 -165.0 -165.0 -165.0 -161.0 -162.0
-169.0 -179.0 -170.0 -169.0 -169.0 -169.0 -170.0 -164.0 -164.0 -164.0 -165.0 -164.0 -164.0 -161.0 -161.0 -161.0 -160.0 -159.0 -159.0 -159.0 -161.0 -159.0 -150.0 -152.0 -152.0 -157.0 -160.0 -165.0 -167.0 -167.0 -166.0 -165.0 -156.0 -143.0 -143.0 -143.0 -144.0 -146.0 -147.0 -147.0 -146.0 -146.0 -145.0 -145.0 -145.0 -146.0 -145.0 -145.0 -143.0 -143.0 -143.0 -144.0 -149.0 -149.0 -149.0 -147.0 -147.0 -146.0 -146.0 -146.0 -145.0 -145.0 -144.0 -144.0 -144.0 -144.0 -144.0 -144.0 -144.0 -144.0 -145.0 -146.0 -157.0 -161.0 -161.0 -158.0 -159.0 -159.0 -161.0
-157.0 -154.0 -147.0 -152.0 -152.0 -146.0 -139.0 -141.0 -142.0 -142.0 -144.0 -143.0 -151.0 -148.0 -148.0 -141.0 -148.0 -155.0 -159.0 -159.0 -154.0 -151.0 -145.0 -145.0 -145.0 -146.0 -154.0 -157.0 -172.0 -172.0 -175.0 -177.0 -159.0 -142.0 -142.0 -142.0 -142.0 -142.0 -142.0 -142.0 -144.0 -144.0 -141.0 -143.0 -143.0 -142.0 -144.0 -141.0 -142.0 -142.0 -142.0 -141.0 -145.0 -144.0 -144.0 -144.0 -142.0 -142.0 -142.0 -142.0 -143.0 -142.0 -141.0 -141.0 -141.0 -141.0 -141.0 -141.0 -141.0 -141.0 -142.0 -145.0 -154.0 -154.0 -154.0 -154.0 -157.0 -157.0 -158.0
-141.0 -140.0 -133.0 -135.0 -135.0 -124.0 -122.0 -121.0 -122.0 -122.0 -121.0 -119.0 -123.0 -130.0 -130.0 -135.0 -136.0 -135.0 -139.0 -139.0 -145.0 -145.0 -151.0 -151.0 -151.0 -153.0 -151.0 -144.0 -145.0 -145.0 -150.0 -169.0 -152.0 -145.0 -145.0 -138.0 -137.0 -137.0 -136.0 -136.0 -137.0 -135.0 -137.0 -139.0 -139.0 -138.0 -137.0 -142.0 -142.0 -139.0 -139.0 -138.0 -140.0 -140.0 -140.0 -140.0 -139.0 -137.0 -139.0 -139.0 -138.0 -138.0 -137.0 -138.0 -138.0 -138.0 -138.0 -139.0 -139.0 -139.0 -140.0 -141.0 -144.0 -146.0 -146.0 -150.0 -150.0 -151.0 -152.0
-141.0 -140.0 -133.0 -135.0 -135.0 -124.0 -122.0 -121.0 -122.0 -122.0 -121.0 -119.0 -123.0 -130.0 -130.0 -135.0 -136.0 -135.0 -139.0 -139.0 -145.0 -145.0 -151.0 -151.0 -151.0 -153.0 -151.0 -144.0 -145.0 -145.0 -150.0 -169.0 -152.0 -145.0 -145.0 -138.0 -137.0 -137.0 -136.0 -136.0 -137.0 -135.0 -137.0 -139.0 -139.0 -138.0 -137.0 -142.0 -142.0 -139.0 -139.0 -138.0 -140.0 -140.0 -140.0 -140.0 -139.0 -137.0 -139.0 -139.0 -138.0 -138.0 -137.0 -138.0 -138.0 -138.0 -138.0 -139.0 -139.0 -139.0 -140.0 -141.0 -144.0 -146.0 -146.0 -150.0 -150.0 -151.0 -152.0
-121.0 -112.0 -108.0 -109.0 -109.0 -105.0 -103.0 -104.0 -105.0 -105.0 -107.0 -109.0 -111.0 -116.0 -116.0 -124.0 -127.0 -135.0 -141.0 -141.0 -149.0 -154.0 -152.0 -156.0 -156.0 -153.0 -146.0 -142.0 -141.0 -141.0 -146.0 -157.0 -158.0 -140.0 -140.0 -134.0 -132.0 -131.0 -131.0 -131.0 -131.0 -131.0 -131.0 -132.0 -132.0 -132.0 -132.0 -133.0 -135.0 -136.0 -136.0 -134.0 -134.0 -134.0 -134.0 -133.0 -134.0 -136.0 -135.0 -135.0 -135.0 -134.0 -135.0 -133.0 -133.0 -134.0 -134.0 -131.0 -130.0 -130.0 -132.0 -133.0 -135.0 -137.0 -137.0 -141.0 -143.0 -146.0 -154.0
-98.0 -98.0 -97.0 -98.0 -98.0 -98.0 -98.0 -98.0 -99.0 -99.0 -102.0 -103.0 -105.0 -109.0 -109.0 -117.0 -121.0 -125.0 -132.0 -132.0 -150.0 -158.0 -165.0 -161.0 -161.0 -150.0 -141.0 -137.0 -139.0 -139.0 -143.0 -148.0 -158.0 -146.0 -146.0 -138.0 -129.0 -126.0 -126.0 -126.0 -126.0 -125.0 -125.0 -125.0 -125.0 -126.0 -127.0 -127.0 -127.0 -128.0 -128.0 -128.0 -128.0 -128.0 -128.0 -127.0 -127.0 -129.0 -129.0 -129.0 -127.0 -126.0 -127.0 -124.0 -124.0 -125.0 -127.0 -129.0 -127.0 -127.0 -125.0 -128.0 -129.0 -134.0 -134.0 -136.0 -135.0 -140.0 -149.0
-99.0 -102.0 -112.0 -116.0 -116.0 -113.0 -104.0 -111.0 -108.0 -108.0 -105.0 -102.0 -107.0 -112.0 -112.0 -121.0 -125.0 -129.0 -132.0 -132.0 -148.0 -154.0 -159.0 -157.0 -157.0 -155.0 -143.0 -145.0 -145.0 -145.0 -140.0 -138.0 -139.0 -132.0 -132.0 -132.0 -136.0 -136.0 -133.0 -133.0 -137.0 -139.0 -133.0 -132.0 -132.0 -133.0 -127.0 -123.0 -122.0 -122.0 -122.0 -122.0 -122.0 -127.0 -127.0 -125.0 -127.0 -126.0 -126.0 -126.0 -125.0 -125.0 -125.0 -127.0 -127.0 -128.0 -127.0 -123.0 -123.0 -123.0 -125.0 -125.0 -129.0 -130.0 -130.0 -132.0 -133.0 -143.0 -144.0
-88.0 -97.0 -104.0 -105.0 -105.0 -108.0 -112.0 -111.0 -114.0 -114.0 -118.0 -115.0 -118.0 -121.0 -121.0 -117.0 -119.0 -127.0 -131.0 -131.0 -141.0 -151.0 -151.0 -149.0 -149.0 -150.0 -151.0 -151.0 -151.0 -151.0 -152.0 -149.0 -144.0 -136.0 -136.0 -139.0 -145.0 -152.0 -155.0 -155.0 -160.0 -158.0 -151.0 -149.0 -149.0 -157.0 -154.0 -142.0 -139.0 -133.0 -133.0 -132.0 -119.0 -114.0 -114.0 -114.0 -120.0 -117.0 -115.0 -115.0 -120.0 -121.0 -120.0 -123.0 -123.0 -121.0 -118.0 -120.0 -129.0 -129.0 -130.0 -125.0 -129.0 -133.0 -133.0 -134.0 -134.0 -138.0 -139.0
-88.0 -97.0 -104.0 -105.0 -105.0 -108.0 -112.0 -111.0 -114.0 -114.0 -118.0 -115.0 -118.0 -121.0 -121.0 -117.0 -119.0 -127.0 -131.0 -131.0 -141.0 -151.0 -151.0 -149.0 -149.0 -150.0 -151.0 -151.0 -151.0 -151.0 -152.0 -149.0 -144.0 -136.0 -136.0 -139.0 -145.0 -152.0 -155.0 -155.0 -160.0 -158.0 -151.0 -149.0 -149.0 -157.0 -154.0 -142.0 -139.0 -133.0 -133.0 -132.0 -119.0 -114.0 -114.0 -114.0 -120.0 -117.0 -115.0 -115.0 -120.0 -121.0 -120.0 -123.0 -123.0 -121.0 -118.0 -120.0 -129.0 -129.0 -130.0 -125.0 -129.0 -133.0 -133.0 -134.0 -134.0 -138.0 -139.0
-83.0 -85.0 -83.0 -82.0 -82.0 -92.0 -101.0 -105.0 -111.0 -111.0 -118.0 -124.0 -132.0 -133.0 -133.0 -140.0 -140.0 -135.0 -127.0 -127.0 -127.0 -148.0 -154.0 -159.0 -159.0 -155.0 -155.0 -162.0 -157.0 -157.0 -158.0 -158.0 -163.0 -162.0 -162.0 -161.0 -163.0 -168.0 -167.0 -167.0 -167.0 -171.0 -168.0 -163.0 -163.0 -169.0 -168.0 -161.0 -162.0 -161.0 -161.0 -158.0 -152.0 -141.0 -141.0 -122.0 -112.0 -114.0 -112.0 -112.0 -111.0 -119.0 -121.0 -119.0 -119.0 -120.0 -122.0 -119.0 -120.0 -120.0 -124.0 -130.0 -134.0 -135.0 -135.0 -129.0 -126.0 -126.0 -129.0
-87.0 -87.0 -86.0 -84.0 -84.0 -86.0 -84.0 -84.0 -89.0 -89.0 -105.0 -113.0 -126.0 -125.0 -125.0 -125.0 -135.0 -127.0 -129.0 -129.0 -132.0 -129.0 -142.0 -139.0 -139.0 -145.0 -151.0 -156.0 -156.0 -156.0 -154.0 -147.0 -146.0 -142.0 -142.0 -149.0 -147.0 -156.0 -156.0 -156.0 -153.0 -159.0 -157.0 -157.0 -157.0 -161.0 -163.0 -153.0 -154.0 -152.0 -152.0 -153.0 -149.0 -139.0 -139.0 -129.0 -120.0 -115.0 -112.0 -112.0 -108.0 -119.0 -127.0 -121.0 -121.0 -119.0 -120.0 -118.0 -119.0 -119.0 -122.0 -126.0 -127.0 -127.0 -127.0 -127.0 -129.0 -124.0 -123.0
-100.0 -115.0 -133.0 -137.0 -137.0 -131.0 -116.0 -92.0 -101.0 -101.0 -96.0 -98.0 -103.0 -107.0 -107.0 -107.0 -114.0 -118.0 -127.0 -127.0 -129.0 -132.0 -131.0 -130.0 -130.0 -128.0 -129.0 -128.0 -133.0 -133.0 -132.0 -124.0 -118.0 -125.0 -125.0 -126.0 -126.0 -123.0 -124.0 -124.0 -140.0 -141.0 -145.0 -147.0 -147.0 -146.0 -145.0 -148.0 -148.0 -149.0 -149.0 -141.0 -139.0 -143.0 -143.0 -137.0 -126.0 -122.0 -116.0 -116.0 -112.0 -111.0 -112.0 -120.0 -120.0 -119.0 -118.0 -118.0 -118.0 -118.0 -117.0 -121.0 -122.0 -124.0 -124.0 -124.0 -120.0 -120.0 -120.0
-104.0 -104.0 -105.0 -114.0 -114.0 -124.0 -124.0 -112.0 -134.0 -134.0 -131.0 -121.0 -122.0 -105.0 -105.0 -98.0 -103.0 -109.0 -116.0 -116.0 -123.0 -124.0 -126.0 -123.0 -123.0 -127.0 -126.0 -128.0 -126.0 -126.0 -124.0 -118.0 -120.0 -122.0 -122.0 -123.0 -117.0 -130.0 -132.0 -132.0 -129.0 -130.0 -137.0 -140.0 -140.0 -137.0 -141.0 -143.0 -137.0 -138.0 -138.0 -141.0 -146.0 -144.0 -144.0 -132.0 -126.0 -125.0 -123.0 -123.0 -119.0 -115.0 -108.0 -116.0 -116.0 -117.0 -116.0 -114.0 -114.0 -114.0 -115.0 -117.0 -115.0 -114.0 -114.0 -115.0 -115.0 -116.0 -115.0
-104.0 -104.0 -105.0 -114.0 -114.0 -124.0 -124.0 -112.0 -134.0 -134.0 -131.0 -121.0 -122.0 -105.0 -105.0 -98.0 -103.0 -109.0 -116.0 -116.0 -123.0 -124.0 -126.0 -123.0 -123.0 -127.0 -126.0 -128.0 -126.0 -126.0 -124.0 -118.0 -120.0 -122.0 -122.0 -123.0 -117.0 -130.0 -132.0 -132.0 -129.0 -130.0 -137.0 -140.0 -140.0 -137.0 -141.0 -143.0 -137.0 -138.0 -138.0 -141.0 -146.0 -144.0 -144.0 -132.0 -126.0 -125.0 -123.0 -123.0 -119.0 -115.0 -108.0 -116.0 -116.0 -117.0 -116.0 -114.0 -114.0 -114.0 -115.0 -117.0 -115.0 -114.0 -114.0 -115.0 -115.0 -116.0 -115.0
-93.0 -98.0 -103.0 -92.0 -92.0 -96.0 -97.0 -96.0 -95.0 -95.0 -93.0 -104.0 -106.0 -116.0 -116.0 -115.0 -98.0 -97.0 -100.0 -100.0 -107.0 -118.0 -125.0 -126.0 -126.0 -134.0 -140.0 -127.0 -123.0 -123.0 -120.0 -112.0 -103.0 -105.0 -105.0 -109.0 -119.0 -125.0 -122.0 -122.0 -121.0 -128.0 -129.0 -125.0 -125.0 -132.0 -132.0 -137.0 -134.0 -135.0 -135.0 -137.0 -142.0 -148.0 -148.0 -142.0 -145.0 -138.0 -136.0 -136.0 -120.0 -112.0 -108.0 -103.0 -103.0 -109.0 -110.0 -107.0 -107.0 -107.0 -108.0 -108.0 -109.0 -110.0 -110.0 -110.0 -112.0 -111.0 -112.0
-104.0 -107.0 -105.0 -94.0 -94.0 -86.0 -84.0 -85.0 -88.0 -88.0 -106.0 -145.0 -137.0 -127.0 -127.0 -130.0 -130.0 -120.0 -119.0 -119.0 -104.0 -103.0 -106.0 -118.0 -118.0 -125.0 -129.0 -131.0 -132.0 -132.0 -121.0 -107.0 -101.0 -104.0 -104.0 -102.0 -115.0 -118.0 -121.0 -121.0 -112.0 -118.0 -117.0 -114.0 -114.0 -117.0 -122.0 -123.0 -136.0 -127.0 -127.0 -132.0 -131.0 -133.0 -133.0 -140.0 -141.0 -138.0 -132.0 -132.0 -122.0 -116.0 -109.0 -97.0 -97.0 -101.0 -103.0 -101.0 -104.0 -104.0 -110.0 -118.0 -120.0 -120.0 -120.0 -118.0 -112.0 -106.0 -105.0
-73.0 -88.0 -95.0 -102.0 -102.0 -99.0 -89.0 -85.0 -82.0 -82.0 -92.0 -101.0 -132.0 -159.0 -159.0 -155.0 -134.0 -137.0 -127.0 -127.0 -123.0 -121.0 -116.0 -123.0 -123.0 -132.0 -134.0 -126.0 -116.0 -116.0 -120.0 -110.0 -104.0 -99.0 -99.0 -92.0 -103.0 -109.0 -116.0 -116.0 -117.0 -114.0 -110.0 -107.0 -107.0 -115.0 -119.0 -113.0 -122.0 -120.0 -120.0 -117.0 -124.0 -126.0 -126.0 -123.0 -114.0 -118.0 -120.0 -120.0 -123.0 -118.0 -118.0 -106.0 -106.0 -99.0 -103.0 -96.0 -96.0 -96.0 -96.0 -99.0 -104.0 -104.0 -104.0 -102.0 -100.0 -102.0 -100.0
-70.0 -90.0 -83.0 -106.0 -106.0 -87.0 -84.0 -85.0 -90.0 -90.0 -100.0 -89.0 -93.0 -91.0 -91.0 -84.0 -108.0 -149.0 -165.0 -165.0 -168.0 -177.0 -131.0 -121.0 -121.0 -122.0 -126.0 -123.0 -120.0 -120.0 -112.0 -106.0 -98.0 -87.0 -87.0 -95.0 -97.0 -106.0 -105.0 -105.0 -105.0 -113.0 -118.0 -116.0 -116.0 -113.0 -121.0 -111.0 -105.0 -120.0 -120.0 -118.0 -120.0 -118.0 -118.0 -112.0 -110.0 -107.0 -110.0 -110.0 -118.0 -113.0 -111.0 -99.0 -99.0 -93.0 -93.0 -93.0 -93.0 -93.0 -94.0 -93.0 -94.0 -94.0 -94.0 -94.0 -96.0 -97.0 -96.0
-70.0 -90.0 -83.0 -106.0 -106.0 -87.0 -84.0 -85.0 -90.0 -90.0 -100.0 -89.0 -93.0 -91.0 -91.0 -84.0 -108.0 -149.0 -165.0 -165.0 -168.0 -177.0 -131.0 -121.0 -121.0 -122.0 -126.0 -123.0 -120.0 -120.0 -112.0 -106.0 -98.0 -87.0 -87.0 -95.0 -97.0 -106.0 -105.0 -105.0 -105.0 -113.0 -118.0 -116.0 -116.0 -113.0 -121.0 -111.0 -105.0 -120.0 -120.0 -118.0 -120.0 -118.0 -118.0 -112.0 -110.0 -107.0 -110.0 -110.0 -118.0 -113.0 -111.0 -99.0 -99.0 -93.0 -93.0 -93.0 -93.0 -93.0 -94.0 -93.0 -94.0 -94.0 -94.0 -94.0 -96.0 -97.0 -96.0
-49.0 -31.0 -41.0 -37.0 -37.0 -33.0 -45.0 -60.0 -82.0 -82.0 -64.0 -78.0 -105.0 -108.0 -108.0 -104.0 -109.0 -118.0 -131.0 -131.0 -158.0 -165.0 -155.0 -143.0 -143.0 -135.0 -121.0 -115.0 -105.0 -105.0 -101.0 -98.0 -97.0 -89.0 -89.0 -87.0 -87.0 -93.0 -95.0 -95.0 -93.0 -92.0 -94.0 -99.0 -99.0 -107.0 -102.0 -97.0 -98.0 -103.0 -103.0 -100.0 -104.0 -104.0 -104.0 -105.0 -98.0 -100.0 -99.0 -99.0 -110.0 -106.0 -91.0 -83.0 -83.0 -93.0 -98.0 -98.0 -96.0 -96.0 -96.0 -97.0 -96.0 -96.0 -96.0 -96.0 -98.0 -97.0 -98.0
-52.0 -24.0 -23.0 -21.0 -21.0 -22.0 -21.0 -19.0 -27.0 -27.0 -30.0 -34.0 -44.0 -51.0 -51.0 -66.0 -87.0 -85.0 -100.0 -100.0 -107.0 -115.0 -123.0 -111.0 -111.0 -121.0 -114.0 -104.0 -106.0 -106.0 -95.0 -90.0 -86.0 -94.0 -94.0 -80.0 -78.0 -81.0 -87.0 -87.0 -83.0 -88.0 -96.0 -100.0 -100.0 -98.0 -97.0 -88.0 -92.0 -96.0 -96.0 -96.0 -97.0 -93.0 -93.0 -93.0 -87.0 -91.0 -83.0 -83.0 -93.0 -87.0 -76.0 -76.0 -76.0 -82.0 -87.0 -91.0 -94.0 -94.0 -95.0 -96.0 -92.0 -96.0 -96.0 -97.0 -100.0 -104.0 -103.0
-53.0 -9999 -15.0 -9999 -9999 -9999 -9999 -9999 -9999 -9999 -12.0 -9999 -9999 -9999 -9999 -9999 -9999 -50.0 -32.0 -32.0 -17.0 -17.0 -19.0 -46.0 -46.0 -63.0 -68.0 -78.0 -65.0 -65.0 -85.0 -81.0 -81.0 -79.0 -79.0 -87.0 -87.0 -77.0 -86.0 -86.0 -89.0 -78.0 -89.0 -102.0 -102.0 -106.0 -105.0 -90.0 -91.0 -91.0 -91.0 -90.0 -86.0 -79.0 -79.0 -77.0 -84.0 -88.0 -85.0 -85.0 -73.0 -65.0 -67.0 -75.0 -75.0 -79.0 -82.0 -83.0 -83.0 -83.0 -84.0 -85.0 -91.0 -91.0 -91.0 -95.0 -99.0 -101.0 -94.0
-9999 -9999 -9999 -9999 -9999 -9999 -9999 -9999 -9999 -9999 -9999 -9999 -9999 -9999 -9999 -9999 -9999 -9999 -9999 -9999 -9999 -9999 -12.0 -19.0 -19.0 -20.0 -26.0 -62.0 -67.0 -67.0 -68.0 -51.0 -40.0 -41.0 -41.0 -82.0 -85.0 -75.0 -77.0 -77.0 -84.0 -73.0 -77.0 -90.0 -90.0 -89.0 -98.0 -92.0 -95.0 -96.0 -96.0 -97.0 -84.0 -85.0 -85.0 -87.0 -85.0 -80.0 -74.0 -74.0 -68.0 -63.0 -65.0 -67.0 -67.0 -70.0 -75.0 -80.0 -81.0 -81.0 -83.0 -78.0 -82.0 -82.0 -82.0 -86.0 -87.0 -87.0 -87.0
-9999 -9999 -9999 -9999 -9999 -9999 -9999 -9999 -9999 -9999 -9999 -9999 -9999 -9999 -9999 -9999 -9999 -9999 -9999 -9999 -9999 -9999 -12.0 -19.0 -19.0 -20.0 -26.0 -62.0 -67.0 -67.0 -68.0 -51.0 -40.0 -41.0 -41.0 -82.0 -85.0 -75.0 -77.0 -77.0 -84.0 -73.0 -77.0 -90.0 -90.0 -89.0 -98.0 -92.0 -95.0 -96.0 -96.0 -97.0 -84.0 -85.0 -85.0 -87.0 -85.0 -80.0 -74.0 -74.0 -68.0 -63.0 -65.0 -67.0 -67.0 -70.0 -75.0 -80.0 -81.0 -81.0 -83.0 -78.0 -82.0 -82.0 -82.0 -86.0 -87.0 -87.0 -87.0
