KEPLER/4.2/binaries/lib/outreach-2.3.0/workflows/data/garp/NA_ASC/tmx6190_ann.asc
nrows  200
ncols  400
xllcorner  -179.99962860149
yllcorner  6.7208489478326
cellsize  0.4
NODATA_value  -9999
[rows 102 to 135 of 200, columns 156 to 233 of 400]
146.0 140.0 140.0 143.0 137.0 117.0 117.0 116.0 113.0 110.0 116.0 116.0 113.0 119.0 129.0 131.0 131.0 134.0 122.0 122.0 132.0 132.0 140.0 138.0 143.0 152.0 152.0 147.0 143.0 148.0 147.0 147.0 146.0 144.0 142.0 138.0 136.0 136.0 135.0 133.0 133.0 131.0 131.0 133.0 128.0 129.0 126.0 126.0 127.0 124.0 120.0 116.0 116.0 120.0 117.0 114.0 115.0 115.0 118.0 117.0 119.0 120.0 120.0 121.0 118.0 116.0 112.0 112.0 107.0 103.0 101.0 100.0 100.0 102.0 109.0 112.0 113.0 113.0
144.0 116.0 116.0 128.0 118.0 115.0 115.0 107.0 106.0 111.0 130.0 130.0 118.0 139.0 135.0 124.0 124.0 104.0 109.0 92.0 94.0 94.0 131.0 124.0 119.0 146.0 146.0 149.0 146.0 148.0 143.0 143.0 150.0 147.0 147.0 145.0 143.0 143.0 142.0 142.0 140.0 138.0 138.0 139.0 136.0 136.0 133.0 133.0 131.0 127.0 122.0 121.0 121.0 123.0 124.0 123.0 122.0 122.0 121.0 123.0 125.0 122.0 122.0 125.0 122.0 121.0 118.0 118.0 112.0 105.0 106.0 104.0 104.0 108.0 114.0 118.0 118.0 118.0
144.0 116.0 116.0 128.0 118.0 115.0 115.0 107.0 106.0 111.0 130.0 130.0 118.0 139.0 135.0 124.0 124.0 104.0 109.0 92.0 94.0 94.0 131.0 124.0 119.0 146.0 146.0 149.0 146.0 148.0 143.0 143.0 150.0 147.0 147.0 145.0 143.0 143.0 142.0 142.0 140.0 138.0 138.0 139.0 136.0 136.0 133.0 133.0 131.0 127.0 122.0 121.0 121.0 123.0 124.0 123.0 122.0 122.0 121.0 123.0 125.0 122.0 122.0 125.0 122.0 121.0 118.0 118.0 112.0 105.0 106.0 104.0 104.0 108.0 114.0 118.0 118.0 118.0
141.0 144.0 144.0 137.0 133.0 109.0 109.0 94.0 98.0 104.0 108.0 108.0 108.0 110.0 109.0 105.0 105.0 103.0 97.0 89.0 83.0 83.0 117.0 142.0 145.0 107.0 107.0 115.0 131.0 143.0 147.0 147.0 145.0 148.0 147.0 150.0 152.0 152.0 148.0 148.0 150.0 148.0 148.0 145.0 143.0 144.0 140.0 140.0 137.0 135.0 128.0 125.0 125.0 127.0 128.0 129.0 129.0 129.0 128.0 131.0 133.0 128.0 128.0 129.0 126.0 126.0 123.0 123.0 118.0 113.0 114.0 113.0 113.0 117.0 119.0 120.0 124.0 124.0
145.0 160.0 160.0 164.0 135.0 120.0 120.0 98.0 90.0 100.0 101.0 101.0 101.0 111.0 126.0 122.0 122.0 116.0 96.0 86.0 76.0 76.0 101.0 130.0 149.0 146.0 146.0 95.0 133.0 149.0 150.0 150.0 153.0 151.0 133.0 130.0 156.0 156.0 160.0 158.0 156.0 155.0 155.0 154.0 151.0 153.0 146.0 146.0 141.0 143.0 138.0 132.0 132.0 132.0 130.0 130.0 132.0 132.0 132.0 132.0 131.0 129.0 129.0 127.0 126.0 127.0 127.0 127.0 125.0 124.0 121.0 121.0 121.0 125.0 122.0 120.0 130.0 130.0
155.0 169.0 169.0 176.0 158.0 142.0 142.0 114.0 98.0 99.0 105.0 105.0 126.0 139.0 141.0 136.0 136.0 117.0 96.0 86.0 81.0 81.0 82.0 118.0 147.0 145.0 145.0 125.0 141.0 151.0 146.0 146.0 150.0 156.0 158.0 139.0 162.0 162.0 167.0 164.0 163.0 160.0 160.0 158.0 157.0 156.0 154.0 154.0 150.0 150.0 149.0 141.0 141.0 136.0 134.0 129.0 129.0 129.0 128.0 127.0 126.0 124.0 124.0 123.0 125.0 130.0 133.0 133.0 128.0 127.0 127.0 129.0 129.0 126.0 122.0 123.0 134.0 134.0
155.0 157.0 157.0 158.0 172.0 162.0 162.0 143.0 140.0 145.0 143.0 143.0 139.0 144.0 142.0 121.0 121.0 112.0 99.0 91.0 73.0 73.0 108.0 136.0 146.0 140.0 140.0 129.0 144.0 147.0 146.0 146.0 156.0 160.0 167.0 172.0 174.0 174.0 171.0 162.0 160.0 158.0 158.0 157.0 156.0 155.0 155.0 155.0 155.0 153.0 154.0 150.0 150.0 149.0 143.0 136.0 132.0 132.0 130.0 131.0 129.0 130.0 130.0 132.0 131.0 135.0 140.0 140.0 134.0 131.0 130.0 130.0 130.0 133.0 125.0 138.0 138.0 138.0
155.0 157.0 157.0 158.0 172.0 162.0 162.0 143.0 140.0 145.0 143.0 143.0 139.0 144.0 142.0 121.0 121.0 112.0 99.0 91.0 73.0 73.0 108.0 136.0 146.0 140.0 140.0 129.0 144.0 147.0 146.0 146.0 156.0 160.0 167.0 172.0 174.0 174.0 171.0 162.0 160.0 158.0 158.0 157.0 156.0 155.0 155.0 155.0 155.0 153.0 154.0 150.0 150.0 149.0 143.0 136.0 132.0 132.0 130.0 131.0 129.0 130.0 130.0 132.0 131.0 135.0 140.0 140.0 134.0 131.0 130.0 130.0 130.0 133.0 125.0 138.0 138.0 138.0
167.0 158.0 158.0 143.0 157.0 172.0 172.0 172.0 173.0 164.0 158.0 158.0 151.0 145.0 134.0 125.0 125.0 109.0 96.0 107.0 108.0 108.0 84.0 115.0 137.0 134.0 134.0 135.0 148.0 141.0 144.0 144.0 154.0 153.0 157.0 165.0 168.0 168.0 166.0 162.0 160.0 159.0 159.0 158.0 157.0 156.0 156.0 156.0 156.0 156.0 155.0 159.0 159.0 157.0 148.0 141.0 137.0 137.0 139.0 140.0 139.0 139.0 139.0 140.0 138.0 140.0 141.0 141.0 136.0 134.0 134.0 136.0 136.0 135.0 131.0 128.0 144.0 144.0
157.0 154.0 154.0 155.0 147.0 151.0 151.0 152.0 151.0 145.0 147.0 147.0 146.0 140.0 140.0 129.0 129.0 120.0 102.0 111.0 120.0 120.0 119.0 115.0 126.0 129.0 129.0 135.0 138.0 133.0 122.0 122.0 151.0 166.0 167.0 163.0 162.0 162.0 163.0 161.0 160.0 160.0 160.0 158.0 156.0 155.0 154.0 154.0 154.0 154.0 153.0 153.0 153.0 152.0 150.0 146.0 143.0 143.0 148.0 148.0 147.0 146.0 146.0 143.0 143.0 145.0 144.0 144.0 140.0 144.0 142.0 141.0 141.0 143.0 141.0 141.0 148.0 148.0
165.0 152.0 152.0 160.0 149.0 131.0 131.0 127.0 141.0 142.0 144.0 144.0 154.0 161.0 157.0 135.0 135.0 120.0 118.0 122.0 127.0 127.0 123.0 127.0 130.0 131.0 131.0 127.0 133.0 129.0 130.0 130.0 142.0 163.0 169.0 168.0 170.0 170.0 170.0 170.0 166.0 162.0 162.0 159.0 159.0 158.0 158.0 158.0 157.0 155.0 158.0 157.0 157.0 155.0 154.0 153.0 149.0 149.0 149.0 152.0 152.0 153.0 153.0 150.0 151.0 154.0 153.0 153.0 152.0 156.0 150.0 148.0 148.0 149.0 149.0 150.0 151.0 151.0
178.0 174.0 174.0 158.0 147.0 144.0 144.0 144.0 142.0 153.0 172.0 172.0 173.0 172.0 167.0 138.0 138.0 125.0 121.0 119.0 126.0 126.0 122.0 120.0 131.0 132.0 132.0 114.0 115.0 102.0 119.0 119.0 128.0 154.0 160.0 161.0 170.0 170.0 181.0 182.0 177.0 171.0 171.0 164.0 164.0 163.0 166.0 166.0 163.0 160.0 166.0 164.0 164.0 162.0 161.0 161.0 156.0 156.0 153.0 153.0 157.0 159.0 159.0 161.0 160.0 163.0 161.0 161.0 161.0 154.0 153.0 156.0 156.0 156.0 155.0 153.0 152.0 152.0
178.0 174.0 174.0 158.0 147.0 144.0 144.0 144.0 142.0 153.0 172.0 172.0 173.0 172.0 167.0 138.0 138.0 125.0 121.0 119.0 126.0 126.0 122.0 120.0 131.0 132.0 132.0 114.0 115.0 102.0 119.0 119.0 128.0 154.0 160.0 161.0 170.0 170.0 181.0 182.0 177.0 171.0 171.0 164.0 164.0 163.0 166.0 166.0 163.0 160.0 166.0 164.0 164.0 162.0 161.0 161.0 156.0 156.0 153.0 153.0 157.0 159.0 159.0 161.0 160.0 163.0 161.0 161.0 161.0 154.0 153.0 156.0 156.0 156.0 155.0 153.0 152.0 152.0
179.0 181.0 181.0 176.0 166.0 157.0 157.0 137.0 148.0 160.0 180.0 180.0 179.0 172.0 169.0 138.0 138.0 120.0 86.0 83.0 104.0 104.0 129.0 127.0 142.0 136.0 136.0 114.0 101.0 101.0 97.0 97.0 143.0 165.0 167.0 169.0 179.0 179.0 184.0 186.0 183.0 178.0 178.0 175.0 177.0 179.0 176.0 176.0 171.0 168.0 170.0 171.0 171.0 170.0 168.0 168.0 163.0 163.0 158.0 157.0 159.0 161.0 161.0 165.0 165.0 165.0 165.0 165.0 164.0 160.0 157.0 160.0 160.0 159.0 157.0 158.0 158.0 158.0
196.0 190.0 190.0 176.0 170.0 156.0 156.0 149.0 147.0 156.0 179.0 179.0 182.0 167.0 156.0 156.0 156.0 117.0 120.0 135.0 148.0 148.0 150.0 143.0 144.0 131.0 131.0 109.0 98.0 103.0 92.0 92.0 150.0 177.0 178.0 177.0 179.0 179.0 182.0 186.0 186.0 185.0 185.0 186.0 190.0 195.0 186.0 186.0 180.0 176.0 174.0 173.0 173.0 176.0 178.0 178.0 173.0 173.0 168.0 165.0 163.0 166.0 166.0 168.0 171.0 174.0 172.0 172.0 168.0 165.0 164.0 166.0 166.0 165.0 161.0 166.0 169.0 169.0
193.0 196.0 196.0 173.0 172.0 165.0 165.0 157.0 138.0 147.0 160.0 160.0 175.0 172.0 155.0 142.0 142.0 120.0 125.0 127.0 147.0 147.0 153.0 134.0 138.0 124.0 124.0 95.0 106.0 88.0 78.0 78.0 143.0 166.0 164.0 175.0 176.0 176.0 182.0 185.0 184.0 184.0 184.0 188.0 189.0 190.0 189.0 189.0 188.0 184.0 180.0 179.0 179.0 183.0 185.0 186.0 182.0 182.0 175.0 172.0 173.0 174.0 174.0 174.0 176.0 179.0 177.0 177.0 171.0 170.0 171.0 175.0 175.0 174.0 171.0 173.0 178.0 178.0
190.0 199.0 199.0 177.0 171.0 175.0 175.0 162.0 142.0 140.0 167.0 167.0 167.0 181.0 169.0 155.0 155.0 129.0 153.0 159.0 142.0 142.0 160.0 165.0 148.0 122.0 122.0 105.0 80.0 79.0 95.0 95.0 125.0 156.0 165.0 170.0 176.0 176.0 181.0 183.0 183.0 186.0 186.0 188.0 188.0 190.0 191.0 191.0 194.0 193.0 189.0 187.0 187.0 189.0 186.0 186.0 186.0 186.0 181.0 182.0 181.0 181.0 181.0 180.0 178.0 180.0 179.0 179.0 177.0 179.0 182.0 179.0 179.0 177.0 178.0 178.0 178.0 178.0
190.0 199.0 199.0 177.0 171.0 175.0 175.0 162.0 142.0 140.0 167.0 167.0 167.0 181.0 169.0 155.0 155.0 129.0 153.0 159.0 142.0 142.0 160.0 165.0 148.0 122.0 122.0 105.0 80.0 79.0 95.0 95.0 125.0 156.0 165.0 170.0 176.0 176.0 181.0 183.0 183.0 186.0 186.0 188.0 188.0 190.0 191.0 191.0 194.0 193.0 189.0 187.0 187.0 189.0 186.0 186.0 186.0 186.0 181.0 182.0 181.0 181.0 181.0 180.0 178.0 180.0 179.0 179.0 177.0 179.0 182.0 179.0 179.0 177.0 178.0 178.0 178.0 178.0
190.0 175.0 175.0 170.0 177.0 184.0 184.0 167.0 158.0 155.0 155.0 155.0 170.0 171.0 144.0 130.0 130.0 149.0 163.0 185.0 178.0 178.0 168.0 143.0 160.0 156.0 156.0 95.0 93.0 94.0 113.0 113.0 124.0 169.0 188.0 182.0 188.0 188.0 190.0 189.0 191.0 194.0 194.0 193.0 192.0 193.0 194.0 194.0 197.0 200.0 198.0 195.0 195.0 189.0 186.0 188.0 195.0 195.0 189.0 192.0 190.0 187.0 187.0 184.0 182.0 184.0 184.0 184.0 185.0 187.0 189.0 187.0 187.0 183.0 182.0 182.0 186.0 186.0
199.0 201.0 201.0 191.0 185.0 186.0 186.0 182.0 174.0 163.0 158.0 158.0 166.0 156.0 139.0 128.0 128.0 145.0 175.0 181.0 182.0 182.0 166.0 170.0 153.0 128.0 128.0 99.0 101.0 106.0 130.0 130.0 146.0 194.0 198.0 203.0 202.0 202.0 200.0 200.0 198.0 198.0 198.0 198.0 196.0 198.0 198.0 198.0 201.0 202.0 201.0 197.0 197.0 195.0 194.0 195.0 196.0 196.0 196.0 196.0 195.0 193.0 193.0 192.0 190.0 189.0 187.0 187.0 188.0 191.0 193.0 189.0 189.0 187.0 187.0 186.0 189.0 189.0
208.0 220.0 220.0 230.0 195.0 202.0 202.0 197.0 185.0 182.0 172.0 172.0 173.0 160.0 151.0 150.0 150.0 174.0 184.0 182.0 160.0 160.0 183.0 169.0 123.0 104.0 104.0 81.0 95.0 134.0 158.0 158.0 122.0 182.0 197.0 204.0 205.0 205.0 202.0 205.0 206.0 205.0 205.0 203.0 201.0 201.0 203.0 203.0 204.0 205.0 202.0 200.0 200.0 200.0 201.0 200.0 199.0 199.0 199.0 196.0 195.0 195.0 195.0 195.0 195.0 191.0 189.0 189.0 187.0 191.0 198.0 196.0 196.0 198.0 198.0 195.0 199.0 199.0
227.0 221.0 221.0 231.0 210.0 212.0 212.0 210.0 210.0 200.0 195.0 195.0 185.0 174.0 169.0 183.0 183.0 186.0 199.0 199.0 199.0 199.0 201.0 191.0 165.0 156.0 156.0 141.0 109.0 125.0 166.0 166.0 140.0 166.0 191.0 192.0 193.0 193.0 202.0 208.0 210.0 210.0 210.0 209.0 209.0 213.0 212.0 212.0 212.0 212.0 210.0 208.0 208.0 206.0 209.0 206.0 204.0 204.0 201.0 197.0 197.0 197.0 197.0 197.0 198.0 196.0 196.0 196.0 196.0 199.0 205.0 208.0 208.0 207.0 203.0 201.0 201.0 201.0
227.0 221.0 221.0 231.0 210.0 212.0 212.0 210.0 210.0 200.0 195.0 195.0 185.0 174.0 169.0 183.0 183.0 186.0 199.0 199.0 199.0 199.0 201.0 191.0 165.0 156.0 156.0 141.0 109.0 125.0 166.0 166.0 140.0 166.0 191.0 192.0 193.0 193.0 202.0 208.0 210.0 210.0 210.0 209.0 209.0 213.0 212.0 212.0 212.0 212.0 210.0 208.0 208.0 206.0 209.0 206.0 204.0 204.0 201.0 197.0 197.0 197.0 197.0 197.0 198.0 196.0 196.0 196.0 196.0 199.0 205.0 208.0 208.0 207.0 203.0 201.0 201.0 201.0
226.0 251.0 251.0 259.0 241.0 235.0 235.0 213.0 249.0 243.0 215.0 215.0 201.0 196.0 178.0 191.0 191.0 192.0 183.0 171.0 196.0 196.0 175.0 205.0 199.0 207.0 207.0 182.0 156.0 135.0 160.0 160.0 133.0 171.0 171.0 179.0 196.0 196.0 206.0 210.0 213.0 215.0 215.0 214.0 215.0 223.0 224.0 224.0 222.0 222.0 222.0 219.0 219.0 216.0 216.0 213.0 210.0 210.0 208.0 205.0 204.0 206.0 206.0 207.0 207.0 205.0 206.0 206.0 207.0 209.0 211.0 214.0 214.0 210.0 205.0 204.0 205.0 205.0
210.0 226.0 226.0 271.0 254.0 216.0 216.0 250.0 252.0 253.0 219.0 219.0 203.0 205.0 194.0 199.0 199.0 196.0 183.0 174.0 185.0 185.0 171.0 192.0 201.0 208.0 208.0 186.0 155.0 173.0 169.0 169.0 142.0 180.0 182.0 191.0 199.0 199.0 209.0 212.0 215.0 217.0 217.0 215.0 217.0 221.0 223.0 223.0 225.0 227.0 226.0 224.0 224.0 222.0 218.0 217.0 216.0 216.0 212.0 207.0 209.0 209.0 209.0 213.0 215.0 213.0 216.0 216.0 215.0 214.0 214.0 213.0 213.0 211.0 208.0 207.0 208.0 208.0
246.0 248.0 248.0 271.0 279.0 254.0 254.0 241.0 256.0 247.0 227.0 227.0 231.0 201.0 188.0 181.0 181.0 206.0 200.0 190.0 188.0 188.0 184.0 184.0 189.0 188.0 188.0 187.0 168.0 184.0 162.0 162.0 176.0 189.0 205.0 213.0 213.0 213.0 218.0 217.0 218.0 218.0 218.0 219.0 222.0 226.0 231.0 231.0 227.0 228.0 227.0 225.0 225.0 225.0 223.0 222.0 222.0 222.0 215.0 210.0 211.0 211.0 211.0 214.0 217.0 219.0 220.0 220.0 219.0 217.0 216.0 213.0 213.0 209.0 211.0 210.0 209.0 209.0
248.0 254.0 254.0 254.0 273.0 265.0 265.0 254.0 266.0 255.0 228.0 228.0 233.0 213.0 181.0 154.0 154.0 197.0 210.0 204.0 193.0 193.0 192.0 188.0 179.0 179.0 179.0 189.0 201.0 185.0 190.0 190.0 200.0 208.0 216.0 219.0 227.0 227.0 221.0 218.0 218.0 217.0 217.0 223.0 227.0 233.0 232.0 232.0 232.0 229.0 224.0 225.0 225.0 227.0 225.0 225.0 222.0 222.0 224.0 224.0 226.0 228.0 228.0 229.0 226.0 223.0 221.0 221.0 220.0 220.0 219.0 214.0 214.0 212.0 214.0 212.0 210.0 210.0
248.0 254.0 254.0 254.0 273.0 265.0 265.0 254.0 266.0 255.0 228.0 228.0 233.0 213.0 181.0 154.0 154.0 197.0 210.0 204.0 193.0 193.0 192.0 188.0 179.0 179.0 179.0 189.0 201.0 185.0 190.0 190.0 200.0 208.0 216.0 219.0 227.0 227.0 221.0 218.0 218.0 217.0 217.0 223.0 227.0 233.0 232.0 232.0 232.0 229.0 224.0 225.0 225.0 227.0 225.0 225.0 222.0 222.0 224.0 224.0 226.0 228.0 228.0 229.0 226.0 223.0 221.0 221.0 220.0 220.0 219.0 214.0 214.0 212.0 214.0 212.0 210.0 210.0
228.0 240.0 240.0 233.0 260.0 265.0 265.0 274.0 277.0 275.0 243.0 243.0 223.0 225.0 229.0 228.0 228.0 211.0 203.0 208.0 213.0 213.0 213.0 189.0 179.0 186.0 186.0 207.0 198.0 192.0 194.0 194.0 201.0 214.0 214.0 216.0 220.0 220.0 220.0 220.0 221.0 227.0 227.0 232.0 234.0 238.0 240.0 240.0 235.0 234.0 232.0 235.0 235.0 229.0 229.0 226.0 224.0 224.0 221.0 218.0 222.0 227.0 227.0 229.0 229.0 225.0 222.0 222.0 222.0 224.0 223.0 218.0 218.0 216.0 217.0 218.0 217.0 217.0
196.0 214.0 214.0 185.0 249.0 260.0 260.0 281.0 283.0 287.0 270.0 270.0 267.0 248.0 231.0 231.0 231.0 214.0 192.0 201.0 187.0 187.0 189.0 181.0 175.0 187.0 187.0 207.0 203.0 201.0 194.0 194.0 206.0 219.0 223.0 221.0 222.0 222.0 224.0 224.0 224.0 227.0 227.0 235.0 237.0 239.0 241.0 241.0 241.0 240.0 238.0 237.0 237.0 234.0 233.0 231.0 228.0 228.0 225.0 224.0 227.0 232.0 232.0 234.0 231.0 229.0 226.0 226.0 224.0 226.0 227.0 223.0 223.0 224.0 225.0 221.0 220.0 220.0
227.0 241.0 241.0 209.0 270.0 276.0 276.0 284.0 292.0 289.0 285.0 285.0 276.0 282.0 284.0 267.0 267.0 248.0 229.0 226.0 199.0 199.0 170.0 183.0 194.0 198.0 198.0 212.0 227.0 226.0 207.0 207.0 204.0 231.0 235.0 226.0 226.0 226.0 228.0 228.0 229.0 230.0 230.0 237.0 237.0 243.0 243.0 243.0 242.0 242.0 240.0 239.0 239.0 237.0 235.0 234.0 233.0 233.0 235.0 235.0 237.0 238.0 238.0 238.0 234.0 232.0 232.0 232.0 230.0 231.0 229.0 227.0 227.0 230.0 232.0 229.0 228.0 228.0
247.0 222.0 222.0 211.0 261.0 303.0 303.0 298.0 293.0 290.0 300.0 300.0 306.0 292.0 291.0 285.0 285.0 269.0 240.0 245.0 221.0 221.0 205.0 196.0 194.0 200.0 200.0 226.0 223.0 237.0 191.0 191.0 206.0 236.0 239.0 231.0 232.0 232.0 235.0 234.0 235.0 241.0 241.0 241.0 240.0 245.0 243.0 243.0 243.0 242.0 243.0 243.0 243.0 241.0 237.0 236.0 238.0 238.0 237.0 239.0 240.0 240.0 240.0 240.0 238.0 237.0 237.0 237.0 237.0 237.0 233.0 229.0 229.0 231.0 236.0 235.0 232.0 232.0
247.0 222.0 222.0 211.0 261.0 303.0 303.0 298.0 293.0 290.0 300.0 300.0 306.0 292.0 291.0 285.0 285.0 269.0 240.0 245.0 221.0 221.0 205.0 196.0 194.0 200.0 200.0 226.0 223.0 237.0 191.0 191.0 206.0 236.0 239.0 231.0 232.0 232.0 235.0 234.0 235.0 241.0 241.0 241.0 240.0 245.0 243.0 243.0 243.0 242.0 243.0 243.0 243.0 241.0 237.0 236.0 238.0 238.0 237.0 239.0 240.0 240.0 240.0 240.0 238.0 237.0 237.0 237.0 237.0 237.0 233.0 229.0 229.0 231.0 236.0 235.0 232.0 232.0
-9999 212.0 212.0 216.0 229.0 294.0 294.0 314.0 310.0 305.0 312.0 312.0 317.0 314.0 302.0 295.0 295.0 288.0 256.0 239.0 250.0 250.0 250.0 238.0 228.0 227.0 227.0 240.0 227.0 245.0 198.0 198.0 216.0 236.0 245.0 239.0 245.0 245.0 248.0 247.0 246.0 246.0 246.0 244.0 245.0 246.0 246.0 246.0 245.0 246.0 245.0 246.0 246.0 244.0 241.0 240.0 240.0 240.0 241.0 242.0 243.0 243.0 243.0 242.0 241.0 242.0 243.0 243.0 244.0 243.0 240.0 236.0 236.0 238.0 243.0 244.0 241.0 241.0
