KEPLER/4.2/binaries/lib/outreach-2.3.0/workflows/data/garp/NA_ASC/tmx6190_ann.asc
nrows  200
ncols  400
xllcorner  -179.99962860149
yllcorner  6.7208489478326
cellsize  0.4
NODATA_value  -9999
[rows 68 to 101 of 200, columns 156 to 233 of 400]
43.0 43.0 43.0 36.0 28.0 16.0 16.0 12.0 13.0 16.0 32.0 32.0 34.0 34.0 33.0 34.0 34.0 32.0 27.0 27.0 28.0 28.0 26.0 24.0 22.0 18.0 18.0 16.0 14.0 12.0 9.0 9.0 5.0 2.0 -3.0 -7.0 -11.0 -11.0 -14.0 -17.0 -20.0 -22.0 -22.0 -24.0 -21.0 -22.0 -23.0 -23.0 -25.0 -28.0 -29.0 -30.0 -30.0 -31.0 -32.0 -32.0 -33.0 -33.0 -32.0 -9999 -9999 -9999 -9999 -9999 -9999 -9999 -9999 -9999 -9999 -9999 -9999 -9999 -9999 -9999 -9999 -9999 -9999 -9999
43.0 43.0 43.0 36.0 28.0 16.0 16.0 12.0 13.0 16.0 32.0 32.0 34.0 34.0 33.0 34.0 34.0 32.0 27.0 27.0 28.0 28.0 26.0 24.0 22.0 18.0 18.0 16.0 14.0 12.0 9.0 9.0 5.0 2.0 -3.0 -7.0 -11.0 -11.0 -14.0 -17.0 -20.0 -22.0 -22.0 -24.0 -21.0 -22.0 -23.0 -23.0 -25.0 -28.0 -29.0 -30.0 -30.0 -31.0 -32.0 -32.0 -33.0 -33.0 -32.0 -9999 -9999 -9999 -9999 -9999 -9999 -9999 -9999 -9999 -9999 -9999 -9999 -9999 -9999 -9999 -9999 -9999 -9999 -9999
46.0 45.0 45.0 43.0 37.0 32.0 32.0 27.0 30.0 38.0 43.0 43.0 42.0 41.0 41.0 41.0 41.0 37.0 36.0 35.0 32.0 32.0 28.0 22.0 20.0 17.0 17.0 14.0 13.0 14.0 16.0 16.0 10.0 6.0 3.0 0.0 -4.0 -4.0 -7.0 -9.0 -10.0 -14.0 -14.0 -13.0 -14.0 -13.0 -14.0 -14.0 -16.0 -18.0 -21.0 -24.0 -24.0 -24.0 -24.0 -26.0 -27.0 -27.0 -28.0 -30.0 -30.0 -29.0 -29.0 -9999 -9999 -9999 -9999 -9999 -9999 -9999 -9999 -9999 -9999 -9999 -9999 -9999 -9999 -9999
53.0 53.0 53.0 54.0 55.0 54.0 54.0 53.0 52.0 52.0 50.0 50.0 47.0 43.0 43.0 47.0 47.0 45.0 42.0 38.0 35.0 35.0 31.0 26.0 23.0 21.0 21.0 18.0 20.0 20.0 18.0 18.0 14.0 11.0 8.0 6.0 6.0 6.0 -1.0 -3.0 -4.0 -5.0 -5.0 -7.0 -7.0 -6.0 -8.0 -8.0 -9.0 -10.0 -14.0 -16.0 -16.0 -18.0 -19.0 -20.0 -21.0 -21.0 -22.0 -22.0 -23.0 -22.0 -22.0 -22.0 -9999 -9999 -9999 -9999 -9999 -9999 -9999 -9999 -9999 -9999 -9999 -9999 -9999 -9999
56.0 61.0 61.0 59.0 48.0 44.0 44.0 54.0 54.0 51.0 46.0 46.0 39.0 34.0 34.0 47.0 47.0 49.0 45.0 40.0 33.0 33.0 31.0 28.0 27.0 25.0 25.0 24.0 26.0 25.0 20.0 20.0 16.0 16.0 13.0 11.0 8.0 8.0 8.0 8.0 5.0 4.0 4.0 3.0 2.0 2.0 1.0 1.0 0.0 -2.0 -5.0 -7.0 -7.0 -10.0 -12.0 -12.0 -15.0 -15.0 -16.0 -16.0 -16.0 -16.0 -16.0 -16.0 -9999 -9999 -9999 -9999 -9999 -9999 -9999 -9999 -9999 -9999 -9999 -9999 -9999 -9999
58.0 66.0 66.0 62.0 56.0 50.0 50.0 61.0 58.0 50.0 44.0 44.0 44.0 46.0 49.0 58.0 58.0 53.0 45.0 42.0 38.0 38.0 39.0 35.0 34.0 31.0 31.0 29.0 32.0 29.0 25.0 25.0 22.0 21.0 19.0 18.0 15.0 15.0 16.0 14.0 13.0 11.0 11.0 11.0 10.0 11.0 10.0 10.0 10.0 7.0 4.0 1.0 1.0 -1.0 -2.0 -4.0 -6.0 -6.0 -9.0 -9.0 -8.0 -8.0 -8.0 -9.0 -9.0 -11.0 -10.0 -10.0 -11.0 -14.0 -9999 -9999 -9999 -9999 -9999 -9999 -9999 -9999
58.0 66.0 66.0 62.0 56.0 50.0 50.0 61.0 58.0 50.0 44.0 44.0 44.0 46.0 49.0 58.0 58.0 53.0 45.0 42.0 38.0 38.0 39.0 35.0 34.0 31.0 31.0 29.0 32.0 29.0 25.0 25.0 22.0 21.0 19.0 18.0 15.0 15.0 16.0 14.0 13.0 11.0 11.0 11.0 10.0 11.0 10.0 10.0 10.0 7.0 4.0 1.0 1.0 -1.0 -2.0 -4.0 -6.0 -6.0 -9.0 -9.0 -8.0 -8.0 -8.0 -9.0 -9.0 -11.0 -10.0 -10.0 -11.0 -14.0 -9999 -9999 -9999 -9999 -9999 -9999 -9999 -9999
64.0 69.0 69.0 61.0 58.0 59.0 59.0 65.0 59.0 55.0 57.0 57.0 56.0 56.0 57.0 58.0 58.0 60.0 54.0 50.0 47.0 47.0 46.0 44.0 42.0 40.0 40.0 37.0 34.0 32.0 29.0 29.0 29.0 27.0 26.0 24.0 22.0 22.0 20.0 19.0 17.0 19.0 19.0 20.0 21.0 21.0 20.0 20.0 16.0 14.0 11.0 9.0 9.0 6.0 5.0 4.0 2.0 2.0 1.0 -1.0 -2.0 -1.0 -1.0 -2.0 -3.0 -4.0 -7.0 -7.0 -8.0 -8.0 -7.0 -7.0 -7.0 -6.0 -11.0 -9999 -9999 -9999
66.0 70.0 70.0 64.0 63.0 65.0 65.0 66.0 64.0 62.0 63.0 63.0 59.0 61.0 60.0 56.0 56.0 50.0 57.0 55.0 53.0 53.0 52.0 49.0 48.0 46.0 46.0 44.0 41.0 39.0 36.0 36.0 36.0 35.0 31.0 29.0 29.0 29.0 26.0 26.0 24.0 27.0 27.0 27.0 27.0 27.0 25.0 25.0 23.0 21.0 20.0 17.0 17.0 15.0 13.0 12.0 11.0 11.0 10.0 7.0 7.0 7.0 7.0 6.0 3.0 2.0 -1.0 -1.0 -3.0 -3.0 -2.0 -2.0 -2.0 -1.0 -1.0 -1.0 -9999 -9999
77.0 72.0 72.0 67.0 66.0 68.0 68.0 68.0 64.0 63.0 62.0 62.0 62.0 64.0 58.0 56.0 56.0 56.0 55.0 53.0 53.0 53.0 52.0 55.0 54.0 52.0 52.0 51.0 49.0 48.0 44.0 44.0 43.0 39.0 36.0 34.0 32.0 32.0 34.0 34.0 34.0 32.0 32.0 33.0 32.0 32.0 31.0 31.0 28.0 27.0 29.0 26.0 26.0 21.0 19.0 21.0 19.0 19.0 17.0 15.0 13.0 11.0 11.0 10.0 9.0 10.0 9.0 9.0 5.0 4.0 2.0 1.0 1.0 2.0 1.0 -2.0 -2.0 -2.0
77.0 78.0 78.0 74.0 72.0 72.0 72.0 71.0 66.0 70.0 68.0 68.0 67.0 65.0 62.0 61.0 61.0 59.0 58.0 56.0 55.0 55.0 55.0 57.0 58.0 57.0 57.0 55.0 54.0 53.0 49.0 49.0 48.0 44.0 42.0 40.0 38.0 38.0 41.0 40.0 39.0 38.0 38.0 38.0 37.0 35.0 34.0 34.0 33.0 31.0 34.0 32.0 32.0 27.0 25.0 27.0 26.0 26.0 24.0 22.0 20.0 18.0 18.0 17.0 16.0 17.0 16.0 16.0 12.0 11.0 8.0 8.0 8.0 8.0 8.0 4.0 4.0 4.0
77.0 78.0 78.0 74.0 72.0 72.0 72.0 71.0 66.0 70.0 68.0 68.0 67.0 65.0 62.0 61.0 61.0 59.0 58.0 56.0 55.0 55.0 55.0 57.0 58.0 57.0 57.0 55.0 54.0 53.0 49.0 49.0 48.0 44.0 42.0 40.0 38.0 38.0 41.0 40.0 39.0 38.0 38.0 38.0 37.0 35.0 34.0 34.0 33.0 31.0 34.0 32.0 32.0 27.0 25.0 27.0 26.0 26.0 24.0 22.0 20.0 18.0 18.0 17.0 16.0 17.0 16.0 16.0 12.0 11.0 8.0 8.0 8.0 8.0 8.0 4.0 4.0 4.0
81.0 84.0 84.0 80.0 71.0 60.0 60.0 65.0 73.0 77.0 73.0 73.0 71.0 69.0 69.0 67.0 67.0 65.0 63.0 62.0 61.0 61.0 60.0 56.0 60.0 59.0 59.0 59.0 55.0 51.0 49.0 49.0 46.0 46.0 42.0 49.0 48.0 48.0 49.0 48.0 47.0 44.0 44.0 43.0 41.0 40.0 38.0 38.0 39.0 38.0 36.0 35.0 35.0 33.0 31.0 30.0 28.0 28.0 29.0 28.0 25.0 23.0 23.0 22.0 20.0 20.0 19.0 19.0 18.0 16.0 15.0 14.0 14.0 13.0 13.0 14.0 13.0 13.0
79.0 83.0 83.0 84.0 80.0 75.0 75.0 81.0 82.0 81.0 78.0 78.0 76.0 73.0 74.0 73.0 73.0 70.0 70.0 68.0 68.0 68.0 66.0 66.0 65.0 65.0 65.0 64.0 60.0 55.0 53.0 53.0 51.0 50.0 47.0 54.0 52.0 52.0 53.0 52.0 53.0 51.0 51.0 48.0 46.0 43.0 41.0 41.0 43.0 42.0 41.0 39.0 39.0 38.0 37.0 36.0 34.0 34.0 36.0 34.0 31.0 30.0 30.0 28.0 28.0 27.0 26.0 26.0 24.0 23.0 21.0 20.0 20.0 20.0 19.0 20.0 19.0 19.0
77.0 84.0 84.0 81.0 82.0 85.0 85.0 88.0 87.0 84.0 83.0 83.0 82.0 79.0 78.0 76.0 76.0 73.0 71.0 72.0 70.0 70.0 67.0 65.0 62.0 66.0 66.0 66.0 65.0 59.0 61.0 61.0 61.0 61.0 59.0 60.0 59.0 59.0 62.0 61.0 56.0 53.0 53.0 52.0 50.0 49.0 46.0 46.0 48.0 46.0 45.0 44.0 44.0 42.0 42.0 41.0 40.0 40.0 39.0 37.0 36.0 35.0 35.0 33.0 32.0 30.0 29.0 29.0 27.0 25.0 29.0 28.0 28.0 26.0 27.0 25.0 26.0 26.0
67.0 78.0 78.0 88.0 86.0 88.0 88.0 90.0 92.0 88.0 87.0 87.0 82.0 80.0 80.0 78.0 78.0 76.0 76.0 74.0 75.0 75.0 73.0 70.0 65.0 65.0 65.0 65.0 68.0 68.0 67.0 67.0 65.0 65.0 63.0 64.0 63.0 63.0 58.0 54.0 61.0 59.0 59.0 58.0 55.0 53.0 50.0 50.0 53.0 51.0 50.0 50.0 50.0 48.0 47.0 47.0 46.0 46.0 45.0 44.0 42.0 40.0 40.0 40.0 38.0 36.0 35.0 35.0 33.0 31.0 36.0 34.0 34.0 32.0 32.0 30.0 31.0 31.0
67.0 78.0 78.0 88.0 86.0 88.0 88.0 90.0 92.0 88.0 87.0 87.0 82.0 80.0 80.0 78.0 78.0 76.0 76.0 74.0 75.0 75.0 73.0 70.0 65.0 65.0 65.0 65.0 68.0 68.0 67.0 67.0 65.0 65.0 63.0 64.0 63.0 63.0 58.0 54.0 61.0 59.0 59.0 58.0 55.0 53.0 50.0 50.0 53.0 51.0 50.0 50.0 50.0 48.0 47.0 47.0 46.0 46.0 45.0 44.0 42.0 40.0 40.0 40.0 38.0 36.0 35.0 35.0 33.0 31.0 36.0 34.0 34.0 32.0 32.0 30.0 31.0 31.0
48.0 30.0 30.0 57.0 77.0 88.0 88.0 91.0 88.0 87.0 86.0 86.0 86.0 84.0 86.0 83.0 83.0 82.0 83.0 80.0 78.0 78.0 77.0 74.0 72.0 71.0 71.0 70.0 73.0 72.0 69.0 69.0 68.0 66.0 61.0 59.0 60.0 60.0 61.0 61.0 58.0 60.0 60.0 66.0 62.0 59.0 54.0 54.0 55.0 56.0 55.0 54.0 54.0 54.0 53.0 53.0 53.0 53.0 51.0 50.0 47.0 41.0 41.0 46.0 45.0 39.0 37.0 37.0 40.0 39.0 37.0 36.0 36.0 35.0 34.0 30.0 30.0 30.0
39.0 21.0 21.0 19.0 56.0 64.0 64.0 84.0 92.0 87.0 88.0 88.0 89.0 86.0 88.0 85.0 85.0 83.0 83.0 83.0 80.0 80.0 80.0 76.0 74.0 76.0 76.0 78.0 78.0 76.0 73.0 73.0 72.0 67.0 64.0 62.0 60.0 60.0 60.0 60.0 60.0 64.0 64.0 68.0 68.0 64.0 60.0 60.0 60.0 59.0 60.0 60.0 60.0 59.0 58.0 59.0 59.0 59.0 57.0 55.0 53.0 47.0 47.0 52.0 50.0 43.0 41.0 41.0 47.0 46.0 44.0 42.0 42.0 41.0 39.0 36.0 35.0 35.0
39.0 43.0 43.0 32.0 23.0 39.0 39.0 73.0 93.0 97.0 93.0 93.0 94.0 98.0 93.0 88.0 88.0 85.0 87.0 88.0 87.0 87.0 85.0 82.0 83.0 85.0 85.0 87.0 85.0 80.0 79.0 79.0 79.0 71.0 67.0 64.0 63.0 63.0 68.0 66.0 65.0 57.0 57.0 61.0 66.0 70.0 65.0 65.0 63.0 63.0 65.0 64.0 64.0 62.0 63.0 61.0 61.0 61.0 60.0 58.0 58.0 58.0 58.0 50.0 49.0 55.0 54.0 54.0 55.0 53.0 46.0 45.0 45.0 44.0 44.0 43.0 43.0 43.0
18.0 30.0 30.0 44.0 38.0 33.0 33.0 55.0 89.0 94.0 100.0 100.0 99.0 102.0 99.0 97.0 97.0 95.0 96.0 97.0 98.0 98.0 95.0 91.0 93.0 94.0 94.0 91.0 89.0 86.0 84.0 84.0 87.0 79.0 77.0 71.0 69.0 69.0 72.0 72.0 68.0 62.0 62.0 68.0 69.0 77.0 73.0 73.0 68.0 70.0 70.0 69.0 69.0 66.0 68.0 67.0 67.0 67.0 65.0 64.0 64.0 63.0 63.0 56.0 55.0 61.0 60.0 60.0 61.0 60.0 52.0 50.0 50.0 49.0 49.0 48.0 48.0 48.0
18.0 30.0 30.0 44.0 38.0 33.0 33.0 55.0 89.0 94.0 100.0 100.0 99.0 102.0 99.0 97.0 97.0 95.0 96.0 97.0 98.0 98.0 95.0 91.0 93.0 94.0 94.0 91.0 89.0 86.0 84.0 84.0 87.0 79.0 77.0 71.0 69.0 69.0 72.0 72.0 68.0 62.0 62.0 68.0 69.0 77.0 73.0 73.0 68.0 70.0 70.0 69.0 69.0 66.0 68.0 67.0 67.0 67.0 65.0 64.0 64.0 63.0 63.0 56.0 55.0 61.0 60.0 60.0 61.0 60.0 52.0 50.0 50.0 49.0 49.0 48.0 48.0 48.0
68.0 49.0 49.0 46.0 64.0 52.0 52.0 31.0 57.0 93.0 106.0 106.0 105.0 106.0 106.0 107.0 107.0 108.0 106.0 107.0 106.0 106.0 104.0 102.0 101.0 98.0 98.0 95.0 93.0 92.0 93.0 93.0 92.0 94.0 90.0 86.0 83.0 83.0 81.0 79.0 73.0 67.0 67.0 69.0 67.0 70.0 80.0 80.0 75.0 75.0 73.0 71.0 71.0 75.0 71.0 75.0 74.0 74.0 73.0 71.0 64.0 64.0 64.0 63.0 62.0 59.0 59.0 59.0 55.0 54.0 58.0 56.0 56.0 55.0 53.0 53.0 53.0 53.0
77.0 67.0 67.0 52.0 42.0 75.0 75.0 38.0 45.0 83.0 109.0 109.0 114.0 113.0 114.0 114.0 114.0 114.0 112.0 109.0 110.0 110.0 111.0 107.0 101.0 96.0 96.0 98.0 98.0 95.0 97.0 97.0 97.0 99.0 95.0 86.0 84.0 84.0 83.0 81.0 80.0 76.0 76.0 76.0 69.0 72.0 81.0 81.0 83.0 79.0 77.0 76.0 76.0 75.0 74.0 76.0 78.0 78.0 76.0 75.0 68.0 70.0 70.0 67.0 66.0 65.0 64.0 64.0 60.0 59.0 62.0 61.0 61.0 60.0 59.0 58.0 58.0 58.0
64.0 64.0 64.0 45.0 49.0 85.0 85.0 50.0 60.0 81.0 108.0 108.0 119.0 119.0 120.0 119.0 119.0 118.0 111.0 101.0 100.0 100.0 101.0 97.0 99.0 99.0 99.0 106.0 103.0 100.0 99.0 99.0 94.0 96.0 96.0 93.0 89.0 89.0 87.0 82.0 84.0 86.0 86.0 86.0 83.0 87.0 88.0 88.0 87.0 86.0 84.0 82.0 82.0 78.0 79.0 79.0 79.0 79.0 75.0 73.0 73.0 73.0 73.0 69.0 69.0 68.0 67.0 67.0 66.0 64.0 65.0 67.0 67.0 65.0 64.0 62.0 60.0 60.0
82.0 78.0 78.0 65.0 72.0 90.0 90.0 101.0 76.0 69.0 96.0 96.0 115.0 111.0 115.0 118.0 118.0 118.0 114.0 108.0 108.0 108.0 105.0 106.0 106.0 106.0 106.0 103.0 101.0 99.0 100.0 100.0 98.0 97.0 97.0 100.0 100.0 100.0 97.0 93.0 91.0 90.0 90.0 91.0 86.0 87.0 88.0 88.0 80.0 87.0 89.0 87.0 87.0 84.0 84.0 83.0 81.0 81.0 89.0 77.0 78.0 78.0 78.0 75.0 75.0 73.0 72.0 72.0 70.0 68.0 70.0 68.0 68.0 69.0 68.0 65.0 61.0 61.0
82.0 78.0 78.0 65.0 72.0 90.0 90.0 101.0 76.0 69.0 96.0 96.0 115.0 111.0 115.0 118.0 118.0 118.0 114.0 108.0 108.0 108.0 105.0 106.0 106.0 106.0 106.0 103.0 101.0 99.0 100.0 100.0 98.0 97.0 97.0 100.0 100.0 100.0 97.0 93.0 91.0 90.0 90.0 91.0 86.0 87.0 88.0 88.0 80.0 87.0 89.0 87.0 87.0 84.0 84.0 83.0 81.0 81.0 89.0 77.0 78.0 78.0 78.0 75.0 75.0 73.0 72.0 72.0 70.0 68.0 70.0 68.0 68.0 69.0 68.0 65.0 61.0 61.0
103.0 92.0 92.0 79.0 96.0 101.0 101.0 101.0 90.0 79.0 55.0 55.0 98.0 110.0 117.0 120.0 120.0 114.0 118.0 119.0 119.0 119.0 119.0 114.0 115.0 117.0 117.0 113.0 108.0 103.0 106.0 106.0 104.0 107.0 106.0 107.0 105.0 105.0 100.0 96.0 97.0 95.0 95.0 98.0 92.0 89.0 89.0 89.0 86.0 85.0 94.0 96.0 96.0 92.0 90.0 84.0 84.0 84.0 83.0 83.0 82.0 82.0 82.0 81.0 79.0 78.0 77.0 77.0 77.0 74.0 77.0 73.0 73.0 72.0 77.0 77.0 67.0 67.0
116.0 109.0 109.0 111.0 106.0 104.0 104.0 110.0 104.0 109.0 85.0 85.0 90.0 104.0 127.0 133.0 133.0 130.0 128.0 126.0 115.0 115.0 112.0 121.0 124.0 124.0 124.0 123.0 122.0 118.0 116.0 116.0 116.0 116.0 115.0 116.0 114.0 114.0 108.0 104.0 105.0 101.0 101.0 104.0 102.0 98.0 96.0 96.0 94.0 94.0 99.0 103.0 103.0 100.0 98.0 93.0 92.0 92.0 92.0 92.0 91.0 89.0 89.0 85.0 83.0 81.0 80.0 80.0 81.0 80.0 84.0 82.0 82.0 86.0 88.0 89.0 87.0 87.0
144.0 142.0 142.0 137.0 132.0 130.0 130.0 121.0 124.0 132.0 99.0 99.0 104.0 111.0 137.0 138.0 138.0 136.0 135.0 132.0 130.0 130.0 127.0 127.0 131.0 132.0 132.0 128.0 126.0 126.0 124.0 124.0 123.0 121.0 120.0 124.0 117.0 117.0 116.0 113.0 109.0 106.0 106.0 103.0 100.0 102.0 101.0 101.0 100.0 99.0 101.0 105.0 105.0 106.0 104.0 101.0 99.0 99.0 101.0 100.0 99.0 96.0 96.0 94.0 88.0 84.0 82.0 82.0 85.0 88.0 95.0 95.0 95.0 96.0 97.0 96.0 94.0 94.0
155.0 145.0 145.0 141.0 129.0 120.0 120.0 115.0 120.0 128.0 109.0 109.0 115.0 113.0 135.0 139.0 139.0 134.0 121.0 125.0 129.0 129.0 123.0 133.0 137.0 137.0 137.0 135.0 133.0 134.0 131.0 131.0 131.0 130.0 129.0 127.0 124.0 124.0 122.0 121.0 116.0 113.0 113.0 109.0 106.0 106.0 105.0 105.0 107.0 107.0 105.0 108.0 108.0 110.0 110.0 104.0 106.0 106.0 108.0 111.0 108.0 104.0 104.0 100.0 91.0 87.0 93.0 93.0 102.0 102.0 103.0 102.0 102.0 100.0 95.0 100.0 100.0 100.0
155.0 145.0 145.0 141.0 129.0 120.0 120.0 115.0 120.0 128.0 109.0 109.0 115.0 113.0 135.0 139.0 139.0 134.0 121.0 125.0 129.0 129.0 123.0 133.0 137.0 137.0 137.0 135.0 133.0 134.0 131.0 131.0 131.0 130.0 129.0 127.0 124.0 124.0 122.0 121.0 116.0 113.0 113.0 109.0 106.0 106.0 105.0 105.0 107.0 107.0 105.0 108.0 108.0 110.0 110.0 104.0 106.0 106.0 108.0 111.0 108.0 104.0 104.0 100.0 91.0 87.0 93.0 93.0 102.0 102.0 103.0 102.0 102.0 100.0 95.0 100.0 100.0 100.0
173.0 157.0 157.0 158.0 147.0 133.0 133.0 118.0 109.0 123.0 124.0 124.0 133.0 130.0 129.0 127.0 127.0 116.0 108.0 112.0 123.0 123.0 116.0 132.0 137.0 139.0 139.0 141.0 137.0 138.0 134.0 134.0 134.0 134.0 130.0 128.0 126.0 126.0 123.0 122.0 120.0 118.0 118.0 116.0 113.0 111.0 109.0 109.0 113.0 113.0 112.0 112.0 112.0 111.0 110.0 107.0 110.0 110.0 115.0 119.0 116.0 110.0 110.0 106.0 100.0 97.0 99.0 99.0 108.0 106.0 102.0 102.0 102.0 101.0 101.0 99.0 105.0 105.0
147.0 157.0 157.0 158.0 152.0 147.0 147.0 121.0 110.0 124.0 109.0 109.0 107.0 128.0 118.0 128.0 128.0 129.0 120.0 113.0 131.0 131.0 136.0 135.0 139.0 147.0 147.0 144.0 142.0 144.0 142.0 142.0 141.0 142.0 139.0 135.0 133.0 133.0 129.0 128.0 128.0 126.0 126.0 122.0 120.0 118.0 116.0 116.0 119.0 122.0 117.0 117.0 117.0 116.0 113.0 109.0 111.0 111.0 117.0 117.0 118.0 113.0 113.0 114.0 110.0 108.0 109.0 109.0 106.0 100.0 98.0 98.0 98.0 100.0 103.0 105.0 104.0 104.0
