KEPLER/4.2/binaries/lib/outreach-2.3.0/workflows/data/garp/NA_ASC/tmx6190_ann.asc
nrows  200
ncols  400
xllcorner  -179.99962860149
yllcorner  6.7208489478326
cellsize  0.4
NODATA_value  -9999
[rows 34 to 67 of 200, columns 156 to 233 of 400]
-128.0 -129.0 -129.0 -126.0 -127.0 -128.0 -128.0 -129.0 -130.0 -131.0 -9999 -9999 -9999 -9999 -9999 -9999 -9999 -9999 -9999 -9999 -9999 -9999 -9999 -9999 -135.0 -136.0 -136.0 -136.0 -136.0 -136.0 -137.0 -137.0 -137.0 -136.0 -9999 -9999 -9999 -9999 -9999 -137.0 -9999 -137.0 -137.0 -137.0 -137.0 -141.0 -141.0 -141.0 -142.0 -140.0 -136.0 -141.0 -141.0 -137.0 -9999 -133.0 -138.0 -138.0 -144.0 -142.0 -141.0 -139.0 -139.0 -140.0 -139.0 -136.0 -133.0 -133.0 -9999 -9999 -9999 -131.0 -131.0 -129.0 -132.0 -134.0 -133.0 -133.0
-121.0 -126.0 -126.0 -130.0 -132.0 -133.0 -133.0 -134.0 -135.0 -135.0 -135.0 -135.0 -135.0 -139.0 -138.0 -130.0 -130.0 -132.0 -129.0 -131.0 -132.0 -132.0 -131.0 -9999 -132.0 -137.0 -137.0 -140.0 -138.0 -136.0 -134.0 -134.0 -133.0 -9999 -9999 -9999 -9999 -9999 -135.0 -135.0 -135.0 -135.0 -135.0 -136.0 -136.0 -136.0 -137.0 -137.0 -136.0 -136.0 -135.0 -134.0 -134.0 -134.0 -9999 -139.0 -135.0 -135.0 -138.0 -137.0 -133.0 -129.0 -129.0 -129.0 -131.0 -135.0 -9999 -9999 -9999 -9999 -127.0 -127.0 -127.0 -130.0 -129.0 -127.0 -124.0 -124.0
-122.0 -123.0 -123.0 -126.0 -128.0 -130.0 -130.0 -131.0 -132.0 -132.0 -134.0 -134.0 -134.0 -135.0 -136.0 -129.0 -129.0 -130.0 -128.0 -129.0 -131.0 -131.0 -130.0 -129.0 -130.0 -129.0 -129.0 -133.0 -134.0 -134.0 -131.0 -131.0 -131.0 -9999 -9999 -9999 -9999 -9999 -9999 -9999 -134.0 -133.0 -133.0 -133.0 -134.0 -134.0 -134.0 -134.0 -134.0 -134.0 -134.0 -134.0 -134.0 -134.0 -136.0 -9999 -130.0 -130.0 -138.0 -138.0 -129.0 -9999 -9999 -9999 -9999 -9999 -9999 -9999 -9999 -9999 -124.0 -125.0 -125.0 -127.0 -126.0 -123.0 -122.0 -122.0
-115.0 -117.0 -117.0 -118.0 -119.0 -122.0 -122.0 -124.0 -126.0 -126.0 -128.0 -128.0 -128.0 -131.0 -131.0 -131.0 -131.0 -130.0 -132.0 -133.0 -132.0 -132.0 -130.0 -128.0 -126.0 -126.0 -126.0 -128.0 -129.0 -130.0 -130.0 -130.0 -129.0 -129.0 -9999 -9999 -9999 -9999 -9999 -9999 -9999 -9999 -9999 -9999 -131.0 -131.0 -132.0 -132.0 -131.0 -131.0 -131.0 -130.0 -130.0 -130.0 -9999 -135.0 -137.0 -137.0 -142.0 -134.0 -130.0 -9999 -9999 -9999 -9999 -9999 -9999 -9999 -9999 -121.0 -123.0 -124.0 -124.0 -125.0 -123.0 -122.0 -121.0 -121.0
-106.0 -109.0 -109.0 -110.0 -112.0 -118.0 -118.0 -120.0 -120.0 -121.0 -122.0 -122.0 -124.0 -124.0 -125.0 -125.0 -125.0 -128.0 -131.0 -131.0 -133.0 -133.0 -131.0 -127.0 -126.0 -126.0 -126.0 -127.0 -127.0 -128.0 -128.0 -128.0 -128.0 -128.0 -129.0 -9999 -9999 -9999 -9999 -9999 -9999 -9999 -9999 -9999 -9999 -9999 -128.0 -128.0 -128.0 -128.0 -9999 -9999 -9999 -9999 -131.0 -137.0 -139.0 -139.0 -139.0 -139.0 -133.0 -128.0 -128.0 -9999 -9999 -9999 -9999 -9999 -9999 -9999 -122.0 -118.0 -118.0 -117.0 -116.0 -114.0 -115.0 -115.0
-106.0 -109.0 -109.0 -110.0 -112.0 -118.0 -118.0 -120.0 -120.0 -121.0 -122.0 -122.0 -124.0 -124.0 -125.0 -125.0 -125.0 -128.0 -131.0 -131.0 -133.0 -133.0 -131.0 -127.0 -126.0 -126.0 -126.0 -127.0 -127.0 -128.0 -128.0 -128.0 -128.0 -128.0 -129.0 -9999 -9999 -9999 -9999 -9999 -9999 -9999 -9999 -9999 -9999 -9999 -128.0 -128.0 -128.0 -128.0 -9999 -9999 -9999 -9999 -131.0 -137.0 -139.0 -139.0 -139.0 -139.0 -133.0 -128.0 -128.0 -9999 -9999 -9999 -9999 -9999 -9999 -9999 -122.0 -118.0 -118.0 -117.0 -116.0 -114.0 -115.0 -115.0
-103.0 -104.0 -104.0 -107.0 -108.0 -110.0 -110.0 -110.0 -114.0 -114.0 -114.0 -114.0 -115.0 -117.0 -120.0 -122.0 -122.0 -124.0 -128.0 -129.0 -129.0 -129.0 -128.0 -125.0 -123.0 -124.0 -124.0 -124.0 -124.0 -125.0 -125.0 -125.0 -125.0 -126.0 -126.0 -125.0 -127.0 -127.0 -127.0 -9999 -9999 -9999 -9999 -124.0 -124.0 -9999 -9999 -9999 -9999 -9999 -9999 -9999 -9999 -123.0 -125.0 -130.0 -135.0 -135.0 -136.0 -137.0 -137.0 -133.0 -133.0 -128.0 -128.0 -9999 -9999 -9999 -9999 -9999 -9999 -117.0 -117.0 -114.0 -113.0 -112.0 -110.0 -110.0
-9999 -99.0 -99.0 -100.0 -101.0 -104.0 -104.0 -106.0 -108.0 -109.0 -110.0 -110.0 -111.0 -111.0 -114.0 -116.0 -116.0 -119.0 -120.0 -123.0 -122.0 -122.0 -122.0 -121.0 -120.0 -120.0 -120.0 -121.0 -121.0 -122.0 -123.0 -123.0 -123.0 -124.0 -124.0 -125.0 -125.0 -125.0 -126.0 -125.0 -124.0 -122.0 -122.0 -121.0 -9999 -9999 -9999 -9999 -9999 -9999 -9999 -9999 -9999 -9999 -123.0 -127.0 -130.0 -130.0 -133.0 -134.0 -134.0 -132.0 -132.0 -127.0 -123.0 -118.0 -9999 -9999 -9999 -9999 -9999 -9999 -9999 -114.0 -113.0 -110.0 -109.0 -109.0
-9999 -94.0 -94.0 -95.0 -99.0 -102.0 -102.0 -104.0 -107.0 -108.0 -112.0 -112.0 -115.0 -114.0 -115.0 -115.0 -115.0 -116.0 -116.0 -117.0 -120.0 -120.0 -120.0 -119.0 -118.0 -118.0 -118.0 -115.0 -115.0 -116.0 -118.0 -118.0 -120.0 -120.0 -121.0 -121.0 -121.0 -121.0 -122.0 -119.0 -122.0 -123.0 -123.0 -119.0 -9999 -9999 -9999 -9999 -9999 -122.0 -122.0 -119.0 -119.0 -119.0 -118.0 -121.0 -120.0 -120.0 -121.0 -123.0 -122.0 -122.0 -122.0 -122.0 -118.0 -9999 -117.0 -117.0 -9999 -9999 -9999 -9999 -9999 -9999 -9999 -9999 -108.0 -108.0
-84.0 -9999 -9999 -9999 -90.0 -92.0 -92.0 -94.0 -95.0 -96.0 -98.0 -98.0 -104.0 -106.0 -106.0 -107.0 -107.0 -109.0 -109.0 -110.0 -114.0 -114.0 -114.0 -113.0 -112.0 -112.0 -112.0 -110.0 -114.0 -111.0 -113.0 -113.0 -116.0 -117.0 -118.0 -118.0 -118.0 -118.0 -118.0 -120.0 -115.0 -115.0 -115.0 -115.0 -115.0 -115.0 -115.0 -115.0 -119.0 -120.0 -121.0 -121.0 -121.0 -120.0 -119.0 -116.0 -115.0 -115.0 -9999 -118.0 -118.0 -119.0 -119.0 -120.0 -117.0 -117.0 -115.0 -115.0 -114.0 -113.0 -9999 -112.0 -112.0 -113.0 -9999 -9999 -9999 -9999
-84.0 -9999 -9999 -9999 -90.0 -92.0 -92.0 -94.0 -95.0 -96.0 -98.0 -98.0 -104.0 -106.0 -106.0 -107.0 -107.0 -109.0 -109.0 -110.0 -114.0 -114.0 -114.0 -113.0 -112.0 -112.0 -112.0 -110.0 -114.0 -111.0 -113.0 -113.0 -116.0 -117.0 -118.0 -118.0 -118.0 -118.0 -118.0 -120.0 -115.0 -115.0 -115.0 -115.0 -115.0 -115.0 -115.0 -115.0 -119.0 -120.0 -121.0 -121.0 -121.0 -120.0 -119.0 -116.0 -115.0 -115.0 -9999 -118.0 -118.0 -119.0 -119.0 -120.0 -117.0 -117.0 -115.0 -115.0 -114.0 -113.0 -9999 -112.0 -112.0 -113.0 -9999 -9999 -9999 -9999
-85.0 -86.0 -86.0 -87.0 -87.0 -88.0 -88.0 -89.0 -90.0 -87.0 -9999 -9999 -94.0 -97.0 -98.0 -99.0 -99.0 -100.0 -101.0 -101.0 -99.0 -99.0 -102.0 -106.0 -106.0 -108.0 -108.0 -104.0 -106.0 -108.0 -109.0 -109.0 -113.0 -110.0 -114.0 -114.0 -114.0 -114.0 -112.0 -112.0 -112.0 -9999 -9999 -9999 -112.0 -112.0 -112.0 -112.0 -112.0 -117.0 -118.0 -118.0 -118.0 -117.0 -117.0 -115.0 -112.0 -112.0 -112.0 -115.0 -113.0 -116.0 -116.0 -119.0 -119.0 -126.0 -123.0 -123.0 -116.0 -9999 -112.0 -117.0 -117.0 -116.0 -111.0 -9999 -9999 -9999
-81.0 -83.0 -83.0 -84.0 -86.0 -87.0 -87.0 -84.0 -83.0 -85.0 -82.0 -82.0 -9999 -9999 -9999 -89.0 -89.0 -90.0 -92.0 -9999 -9999 -9999 -9999 -98.0 -96.0 -98.0 -98.0 -99.0 -101.0 -103.0 -106.0 -106.0 -106.0 -106.0 -108.0 -108.0 -108.0 -108.0 -9999 -9999 -9999 -9999 -9999 -9999 -9999 -9999 -9999 -9999 -108.0 -114.0 -115.0 -115.0 -115.0 -114.0 -110.0 -109.0 -110.0 -110.0 -111.0 -113.0 -115.0 -116.0 -116.0 -117.0 -117.0 -118.0 -117.0 -117.0 -115.0 -111.0 -112.0 -115.0 -115.0 -112.0 -108.0 -107.0 -9999 -9999
-76.0 -77.0 -77.0 -79.0 -80.0 -79.0 -79.0 -78.0 -78.0 -79.0 -81.0 -81.0 -82.0 -89.0 -84.0 -85.0 -85.0 -86.0 -87.0 -90.0 -92.0 -92.0 -92.0 -94.0 -94.0 -96.0 -96.0 -100.0 -102.0 -103.0 -108.0 -108.0 -111.0 -111.0 -111.0 -112.0 -113.0 -113.0 -110.0 -108.0 -109.0 -109.0 -109.0 -110.0 -114.0 -110.0 -110.0 -110.0 -110.0 -111.0 -110.0 -111.0 -111.0 -112.0 -111.0 -107.0 -112.0 -112.0 -115.0 -115.0 -116.0 -118.0 -118.0 -119.0 -120.0 -120.0 -118.0 -118.0 -117.0 -116.0 -115.0 -117.0 -117.0 -117.0 -109.0 -9999 -9999 -9999
-68.0 -69.0 -69.0 -71.0 -73.0 -74.0 -74.0 -75.0 -76.0 -77.0 -79.0 -79.0 -81.0 -82.0 -83.0 -84.0 -84.0 -85.0 -86.0 -88.0 -89.0 -89.0 -90.0 -90.0 -90.0 -88.0 -88.0 -94.0 -96.0 -97.0 -102.0 -102.0 -105.0 -106.0 -108.0 -109.0 -110.0 -110.0 -111.0 -112.0 -113.0 -114.0 -114.0 -115.0 -116.0 -109.0 -109.0 -109.0 -109.0 -110.0 -110.0 -110.0 -110.0 -110.0 -108.0 -108.0 -108.0 -108.0 -113.0 -115.0 -114.0 -114.0 -114.0 -116.0 -117.0 -119.0 -119.0 -119.0 -119.0 -118.0 -119.0 -119.0 -119.0 -116.0 -114.0 -108.0 -101.0 -101.0
-68.0 -69.0 -69.0 -71.0 -73.0 -74.0 -74.0 -75.0 -76.0 -77.0 -79.0 -79.0 -81.0 -82.0 -83.0 -84.0 -84.0 -85.0 -86.0 -88.0 -89.0 -89.0 -90.0 -90.0 -90.0 -88.0 -88.0 -94.0 -96.0 -97.0 -102.0 -102.0 -105.0 -106.0 -108.0 -109.0 -110.0 -110.0 -111.0 -112.0 -113.0 -114.0 -114.0 -115.0 -116.0 -109.0 -109.0 -109.0 -109.0 -110.0 -110.0 -110.0 -110.0 -110.0 -108.0 -108.0 -108.0 -108.0 -113.0 -115.0 -114.0 -114.0 -114.0 -116.0 -117.0 -119.0 -119.0 -119.0 -119.0 -118.0 -119.0 -119.0 -119.0 -116.0 -114.0 -108.0 -101.0 -101.0
-60.0 -69.0 -69.0 -70.0 -72.0 -74.0 -74.0 -76.0 -78.0 -81.0 -82.0 -82.0 -84.0 -85.0 -87.0 -88.0 -88.0 -90.0 -90.0 -91.0 -91.0 -91.0 -92.0 -93.0 -94.0 -92.0 -92.0 -94.0 -95.0 -96.0 -98.0 -98.0 -99.0 -101.0 -102.0 -104.0 -105.0 -105.0 -106.0 -107.0 -109.0 -109.0 -109.0 -109.0 -107.0 -106.0 -106.0 -106.0 -106.0 -107.0 -107.0 -108.0 -108.0 -108.0 -108.0 -107.0 -109.0 -109.0 -115.0 -116.0 -116.0 -117.0 -117.0 -116.0 -112.0 -116.0 -116.0 -116.0 -120.0 -120.0 -118.0 -115.0 -115.0 -114.0 -114.0 -111.0 -107.0 -107.0
-51.0 -61.0 -61.0 -62.0 -64.0 -66.0 -66.0 -68.0 -70.0 -72.0 -73.0 -73.0 -76.0 -78.0 -80.0 -82.0 -82.0 -83.0 -84.0 -85.0 -85.0 -85.0 -85.0 -86.0 -87.0 -86.0 -86.0 -87.0 -88.0 -90.0 -92.0 -92.0 -93.0 -95.0 -97.0 -98.0 -99.0 -99.0 -101.0 -102.0 -103.0 -105.0 -105.0 -104.0 -103.0 -101.0 -102.0 -102.0 -103.0 -103.0 -104.0 -104.0 -104.0 -105.0 -106.0 -106.0 -108.0 -108.0 -112.0 -113.0 -114.0 -116.0 -116.0 -116.0 -112.0 -111.0 -111.0 -111.0 -112.0 -114.0 -112.0 -113.0 -113.0 -111.0 -110.0 -108.0 -103.0 -103.0
-52.0 -53.0 -53.0 -54.0 -56.0 -58.0 -58.0 -60.0 -62.0 -64.0 -66.0 -66.0 -68.0 -69.0 -74.0 -76.0 -76.0 -78.0 -80.0 -81.0 -78.0 -78.0 -79.0 -80.0 -80.0 -82.0 -82.0 -83.0 -85.0 -86.0 -88.0 -88.0 -89.0 -91.0 -93.0 -95.0 -96.0 -96.0 -98.0 -99.0 -99.0 -101.0 -101.0 -100.0 -102.0 -97.0 -97.0 -97.0 -99.0 -99.0 -100.0 -101.0 -101.0 -102.0 -102.0 -101.0 -104.0 -104.0 -108.0 -109.0 -109.0 -109.0 -109.0 -110.0 -110.0 -110.0 -107.0 -107.0 -107.0 -107.0 -101.0 -99.0 -99.0 -101.0 -102.0 -102.0 -98.0 -98.0
-44.0 -45.0 -45.0 -47.0 -48.0 -50.0 -50.0 -52.0 -54.0 -56.0 -58.0 -58.0 -60.0 -62.0 -64.0 -68.0 -68.0 -70.0 -72.0 -74.0 -71.0 -71.0 -72.0 -73.0 -73.0 -75.0 -75.0 -76.0 -78.0 -79.0 -81.0 -81.0 -83.0 -85.0 -87.0 -88.0 -90.0 -90.0 -92.0 -94.0 -94.0 -95.0 -95.0 -95.0 -96.0 -93.0 -94.0 -94.0 -95.0 -96.0 -97.0 -98.0 -98.0 -98.0 -99.0 -98.0 -99.0 -99.0 -100.0 -101.0 -103.0 -104.0 -104.0 -105.0 -106.0 -106.0 -106.0 -106.0 -106.0 -106.0 -107.0 -102.0 -102.0 -97.0 -95.0 -94.0 -91.0 -91.0
-44.0 -45.0 -45.0 -47.0 -48.0 -50.0 -50.0 -52.0 -54.0 -56.0 -58.0 -58.0 -60.0 -62.0 -64.0 -68.0 -68.0 -70.0 -72.0 -74.0 -71.0 -71.0 -72.0 -73.0 -73.0 -75.0 -75.0 -76.0 -78.0 -79.0 -81.0 -81.0 -83.0 -85.0 -87.0 -88.0 -90.0 -90.0 -92.0 -94.0 -94.0 -95.0 -95.0 -95.0 -96.0 -93.0 -94.0 -94.0 -95.0 -96.0 -97.0 -98.0 -98.0 -98.0 -99.0 -98.0 -99.0 -99.0 -100.0 -101.0 -103.0 -104.0 -104.0 -105.0 -106.0 -106.0 -106.0 -106.0 -106.0 -106.0 -107.0 -102.0 -102.0 -97.0 -95.0 -94.0 -91.0 -91.0
-29.0 -32.0 -32.0 -34.0 -36.0 -41.0 -41.0 -44.0 -46.0 -48.0 -50.0 -50.0 -52.0 -54.0 -56.0 -57.0 -57.0 -60.0 -61.0 -63.0 -64.0 -64.0 -65.0 -66.0 -66.0 -67.0 -67.0 -69.0 -71.0 -73.0 -74.0 -74.0 -77.0 -78.0 -80.0 -82.0 -84.0 -84.0 -86.0 -88.0 -88.0 -89.0 -89.0 -86.0 -84.0 -86.0 -86.0 -86.0 -87.0 -89.0 -89.0 -89.0 -89.0 -91.0 -91.0 -93.0 -94.0 -94.0 -95.0 -96.0 -96.0 -97.0 -97.0 -97.0 -97.0 -96.0 -96.0 -96.0 -97.0 -98.0 -100.0 -100.0 -100.0 -98.0 -94.0 -91.0 -88.0 -88.0
-23.0 -23.0 -23.0 -25.0 -28.0 -34.0 -34.0 -36.0 -38.0 -40.0 -42.0 -42.0 -44.0 -46.0 -48.0 -49.0 -49.0 -51.0 -53.0 -55.0 -56.0 -56.0 -57.0 -57.0 -59.0 -60.0 -60.0 -62.0 -64.0 -66.0 -67.0 -67.0 -70.0 -71.0 -74.0 -76.0 -78.0 -78.0 -80.0 -82.0 -82.0 -83.0 -83.0 -82.0 -81.0 -82.0 -82.0 -82.0 -82.0 -83.0 -85.0 -88.0 -88.0 -88.0 -87.0 -84.0 -86.0 -86.0 -87.0 -88.0 -91.0 -92.0 -92.0 -92.0 -92.0 -93.0 -93.0 -93.0 -92.0 -91.0 -90.0 -90.0 -90.0 -88.0 -86.0 -87.0 -9999 -9999
-17.0 -18.0 -18.0 -17.0 -18.0 -23.0 -23.0 -26.0 -28.0 -30.0 -32.0 -32.0 -36.0 -40.0 -43.0 -43.0 -43.0 -45.0 -46.0 -47.0 -49.0 -49.0 -50.0 -50.0 -52.0 -54.0 -54.0 -55.0 -56.0 -59.0 -61.0 -61.0 -63.0 -65.0 -66.0 -67.0 -69.0 -69.0 -71.0 -72.0 -75.0 -75.0 -75.0 -77.0 -78.0 -78.0 -78.0 -78.0 -79.0 -80.0 -81.0 -81.0 -81.0 -82.0 -82.0 -83.0 -84.0 -84.0 -86.0 -87.0 -86.0 -86.0 -86.0 -86.0 -86.0 -85.0 -85.0 -85.0 -85.0 -84.0 -83.0 -9999 -9999 -82.0 -9999 -9999 -79.0 -79.0
-9.0 -10.0 -10.0 -9.0 -10.0 -12.0 -12.0 -16.0 -19.0 -20.0 -23.0 -23.0 -26.0 -30.0 -34.0 -36.0 -36.0 -36.0 -37.0 -39.0 -37.0 -37.0 -39.0 -42.0 -44.0 -46.0 -46.0 -48.0 -49.0 -51.0 -53.0 -53.0 -55.0 -54.0 -59.0 -62.0 -64.0 -64.0 -64.0 -65.0 -66.0 -68.0 -68.0 -72.0 -75.0 -76.0 -77.0 -77.0 -78.0 -76.0 -75.0 -76.0 -76.0 -78.0 -79.0 -79.0 -80.0 -80.0 -82.0 -83.0 -83.0 -82.0 -82.0 -81.0 -82.0 -85.0 -85.0 -85.0 -81.0 -9999 -9999 -9999 -9999 -9999 -9999 -9999 -9999 -9999
-9.0 -10.0 -10.0 -9.0 -10.0 -12.0 -12.0 -16.0 -19.0 -20.0 -23.0 -23.0 -26.0 -30.0 -34.0 -36.0 -36.0 -36.0 -37.0 -39.0 -37.0 -37.0 -39.0 -42.0 -44.0 -46.0 -46.0 -48.0 -49.0 -51.0 -53.0 -53.0 -55.0 -54.0 -59.0 -62.0 -64.0 -64.0 -64.0 -65.0 -66.0 -68.0 -68.0 -72.0 -75.0 -76.0 -77.0 -77.0 -78.0 -76.0 -75.0 -76.0 -76.0 -78.0 -79.0 -79.0 -80.0 -80.0 -82.0 -83.0 -83.0 -82.0 -82.0 -81.0 -82.0 -85.0 -85.0 -85.0 -81.0 -9999 -9999 -9999 -9999 -9999 -9999 -9999 -9999 -9999
-2.0 -3.0 -3.0 -4.0 -1.0 -3.0 -3.0 -6.0 -8.0 -8.0 -13.0 -13.0 -17.0 -20.0 -22.0 -24.0 -24.0 -21.0 -21.0 -23.0 -22.0 -22.0 -24.0 -32.0 -37.0 -41.0 -41.0 -43.0 -44.0 -46.0 -48.0 -48.0 -51.0 -53.0 -56.0 -56.0 -58.0 -58.0 -59.0 -61.0 -62.0 -64.0 -64.0 -67.0 -68.0 -70.0 -71.0 -71.0 -72.0 -69.0 -70.0 -73.0 -73.0 -73.0 -74.0 -74.0 -76.0 -76.0 -77.0 -79.0 -78.0 -78.0 -78.0 -77.0 -76.0 -76.0 -75.0 -75.0 -75.0 -9999 -9999 -9999 -9999 -9999 -9999 -9999 -9999 -9999
7.0 7.0 7.0 5.0 4.0 2.0 2.0 0.0 -1.0 -3.0 -3.0 -3.0 -5.0 -8.0 -9.0 -9.0 -9.0 -11.0 -16.0 -19.0 -21.0 -21.0 -23.0 -26.0 -30.0 -33.0 -33.0 -35.0 -37.0 -38.0 -41.0 -41.0 -43.0 -46.0 -49.0 -49.0 -51.0 -51.0 -52.0 -54.0 -56.0 -60.0 -60.0 -62.0 -63.0 -64.0 -65.0 -65.0 -65.0 -66.0 -66.0 -67.0 -67.0 -68.0 -69.0 -69.0 -70.0 -70.0 -72.0 -73.0 -74.0 -72.0 -72.0 -70.0 -70.0 -9999 -9999 -9999 -9999 -9999 -9999 -9999 -9999 -9999 -9999 -9999 -9999 -9999
16.0 15.0 15.0 13.0 10.0 7.0 7.0 5.0 6.0 6.0 5.0 5.0 3.0 2.0 1.0 -2.0 -2.0 -8.0 -11.0 -15.0 -16.0 -16.0 -17.0 -19.0 -22.0 -24.0 -24.0 -26.0 -28.0 -31.0 -34.0 -34.0 -36.0 -38.0 -42.0 -44.0 -45.0 -45.0 -49.0 -50.0 -54.0 -57.0 -57.0 -58.0 -59.0 -59.0 -60.0 -60.0 -60.0 -62.0 -63.0 -62.0 -62.0 -63.0 -62.0 -64.0 -65.0 -65.0 -67.0 -68.0 -67.0 -65.0 -65.0 -9999 -9999 -9999 -9999 -9999 -9999 -9999 -9999 -9999 -9999 -9999 -9999 -9999 -9999 -9999
24.0 24.0 24.0 21.0 17.0 17.0 17.0 16.0 15.0 13.0 12.0 12.0 9.0 9.0 8.0 6.0 6.0 1.0 -3.0 -6.0 -8.0 -8.0 -10.0 -11.0 -14.0 -18.0 -18.0 -20.0 -22.0 -24.0 -26.0 -26.0 -29.0 -31.0 -34.0 -37.0 -40.0 -40.0 -42.0 -44.0 -48.0 -50.0 -50.0 -53.0 -54.0 -52.0 -53.0 -53.0 -54.0 -56.0 -56.0 -56.0 -56.0 -58.0 -58.0 -60.0 -61.0 -61.0 -62.0 -62.0 -60.0 -9999 -9999 -9999 -9999 -9999 -9999 -9999 -9999 -9999 -9999 -9999 -9999 -9999 -9999 -9999 -9999 -9999
24.0 24.0 24.0 21.0 17.0 17.0 17.0 16.0 15.0 13.0 12.0 12.0 9.0 9.0 8.0 6.0 6.0 1.0 -3.0 -6.0 -8.0 -8.0 -10.0 -11.0 -14.0 -18.0 -18.0 -20.0 -22.0 -24.0 -26.0 -26.0 -29.0 -31.0 -34.0 -37.0 -40.0 -40.0 -42.0 -44.0 -48.0 -50.0 -50.0 -53.0 -54.0 -52.0 -53.0 -53.0 -54.0 -56.0 -56.0 -56.0 -56.0 -58.0 -58.0 -60.0 -61.0 -61.0 -62.0 -62.0 -60.0 -9999 -9999 -9999 -9999 -9999 -9999 -9999 -9999 -9999 -9999 -9999 -9999 -9999 -9999 -9999 -9999 -9999
28.0 25.0 25.0 24.0 23.0 17.0 17.0 17.0 15.0 15.0 15.0 15.0 14.0 14.0 14.0 14.0 14.0 12.0 7.0 4.0 3.0 3.0 -1.0 -5.0 -9.0 -14.0 -14.0 -16.0 -18.0 -20.0 -19.0 -19.0 -22.0 -25.0 -27.0 -28.0 -31.0 -31.0 -34.0 -36.0 -40.0 -42.0 -42.0 -45.0 -46.0 -45.0 -46.0 -46.0 -48.0 -48.0 -49.0 -49.0 -49.0 -51.0 -53.0 -54.0 -53.0 -53.0 -54.0 -53.0 -9999 -9999 -9999 -9999 -9999 -9999 -9999 -9999 -9999 -9999 -9999 -9999 -9999 -9999 -9999 -9999 -9999 -9999
22.0 23.0 23.0 29.0 28.0 25.0 25.0 22.0 21.0 20.0 20.0 20.0 20.0 21.0 22.0 22.0 22.0 19.0 14.0 11.0 10.0 10.0 6.0 3.0 -2.0 -7.0 -7.0 -9.0 -11.0 -12.0 -12.0 -12.0 -15.0 -17.0 -20.0 -24.0 -27.0 -27.0 -28.0 -29.0 -33.0 -38.0 -38.0 -37.0 -37.0 -37.0 -39.0 -39.0 -40.0 -42.0 -42.0 -42.0 -42.0 -43.0 -45.0 -46.0 -47.0 -47.0 -48.0 -9999 -9999 -9999 -9999 -9999 -9999 -9999 -9999 -9999 -9999 -9999 -9999 -9999 -9999 -9999 -9999 -9999 -9999 -9999
27.0 35.0 35.0 36.0 31.0 26.0 26.0 18.0 20.0 24.0 26.0 26.0 25.0 26.0 29.0 28.0 28.0 25.0 20.0 18.0 15.0 15.0 13.0 12.0 8.0 5.0 5.0 2.0 0.0 -1.0 -4.0 -4.0 -7.0 -9.0 -11.0 -16.0 -19.0 -19.0 -22.0 -24.0 -28.0 -30.0 -30.0 -30.0 -28.0 -30.0 -31.0 -31.0 -33.0 -35.0 -36.0 -38.0 -38.0 -38.0 -40.0 -39.0 -40.0 -40.0 -39.0 -9999 -9999 -9999 -9999 -9999 -9999 -9999 -9999 -9999 -9999 -9999 -9999 -9999 -9999 -9999 -9999 -9999 -9999 -9999
