KEPLER/4.2/binaries/lib/outreach-2.3.0/workflows/data/garp/NA_ASC/tmx6190_ann.asc
nrows  200
ncols  400
xllcorner  -179.99962860149
yllcorner  6.7208489478326
cellsize  0.4
NODATA_value  -9999
[rows 136 to 169 of 200, columns 156 to 233 of 400]
-9999 243.0 243.0 213.0 207.0 274.0 274.0 313.0 314.0 313.0 312.0 312.0 317.0 311.0 306.0 290.0 290.0 282.0 261.0 249.0 256.0 256.0 258.0 254.0 249.0 245.0 245.0 243.0 238.0 239.0 244.0 244.0 240.0 229.0 246.0 249.0 250.0 250.0 252.0 253.0 252.0 252.0 252.0 248.0 244.0 247.0 244.0 244.0 245.0 243.0 247.0 247.0 247.0 247.0 247.0 244.0 243.0 243.0 244.0 245.0 246.0 245.0 245.0 244.0 244.0 246.0 248.0 248.0 248.0 247.0 245.0 245.0 245.0 246.0 248.0 247.0 247.0 247.0
-9999 -9999 -9999 240.0 215.0 221.0 221.0 284.0 304.0 307.0 309.0 309.0 310.0 302.0 295.0 271.0 271.0 256.0 248.0 259.0 260.0 260.0 251.0 256.0 257.0 261.0 261.0 262.0 258.0 256.0 244.0 244.0 252.0 241.0 255.0 262.0 263.0 263.0 258.0 255.0 253.0 251.0 251.0 252.0 258.0 255.0 252.0 252.0 248.0 246.0 252.0 253.0 253.0 253.0 252.0 251.0 248.0 248.0 248.0 247.0 247.0 248.0 248.0 247.0 248.0 249.0 249.0 249.0 247.0 247.0 247.0 252.0 252.0 255.0 253.0 250.0 249.0 249.0
-9999 -9999 -9999 241.0 237.0 217.0 217.0 254.0 281.0 -9999 301.0 301.0 313.0 308.0 291.0 284.0 284.0 252.0 252.0 251.0 259.0 259.0 271.0 257.0 266.0 267.0 267.0 273.0 272.0 267.0 262.0 262.0 251.0 255.0 256.0 268.0 270.0 270.0 261.0 254.0 255.0 252.0 252.0 254.0 255.0 255.0 254.0 254.0 253.0 250.0 257.0 255.0 255.0 257.0 257.0 257.0 254.0 254.0 252.0 250.0 249.0 249.0 249.0 249.0 250.0 253.0 253.0 253.0 249.0 249.0 251.0 252.0 252.0 254.0 253.0 252.0 250.0 250.0
-9999 -9999 -9999 241.0 237.0 217.0 217.0 254.0 281.0 -9999 301.0 301.0 313.0 308.0 291.0 284.0 284.0 252.0 252.0 251.0 259.0 259.0 271.0 257.0 266.0 267.0 267.0 273.0 272.0 267.0 262.0 262.0 251.0 255.0 256.0 268.0 270.0 270.0 261.0 254.0 255.0 252.0 252.0 254.0 255.0 255.0 254.0 254.0 253.0 250.0 257.0 255.0 255.0 257.0 257.0 257.0 254.0 254.0 252.0 250.0 249.0 249.0 249.0 249.0 250.0 253.0 253.0 253.0 249.0 249.0 251.0 252.0 252.0 254.0 253.0 252.0 250.0 250.0
-9999 -9999 -9999 -9999 245.0 228.0 228.0 223.0 279.0 -9999 -9999 -9999 306.0 310.0 307.0 298.0 298.0 282.0 267.0 271.0 266.0 266.0 280.0 265.0 264.0 262.0 262.0 272.0 276.0 270.0 259.0 259.0 270.0 266.0 249.0 255.0 264.0 264.0 262.0 261.0 259.0 256.0 256.0 253.0 252.0 253.0 255.0 255.0 257.0 254.0 254.0 260.0 260.0 263.0 263.0 260.0 257.0 257.0 253.0 252.0 251.0 250.0 250.0 251.0 252.0 255.0 254.0 254.0 255.0 255.0 253.0 250.0 250.0 251.0 252.0 251.0 250.0 250.0
-9999 -9999 -9999 -9999 249.0 243.0 243.0 248.0 271.0 286.0 -9999 -9999 -9999 309.0 299.0 291.0 291.0 285.0 276.0 275.0 272.0 272.0 271.0 265.0 247.0 261.0 261.0 270.0 274.0 270.0 271.0 271.0 274.0 273.0 257.0 254.0 257.0 257.0 257.0 266.0 267.0 263.0 263.0 258.0 254.0 253.0 252.0 252.0 250.0 255.0 259.0 264.0 264.0 267.0 268.0 262.0 257.0 257.0 253.0 253.0 253.0 252.0 252.0 253.0 254.0 255.0 256.0 256.0 257.0 256.0 253.0 250.0 250.0 259.0 257.0 256.0 255.0 255.0
-9999 -9999 -9999 -9999 -9999 256.0 256.0 263.0 274.0 288.0 287.0 287.0 -9999 303.0 308.0 300.0 300.0 309.0 300.0 287.0 299.0 299.0 289.0 261.0 228.0 234.0 234.0 250.0 253.0 262.0 275.0 275.0 269.0 290.0 284.0 275.0 278.0 278.0 276.0 276.0 277.0 273.0 273.0 264.0 260.0 259.0 260.0 260.0 258.0 261.0 266.0 268.0 268.0 268.0 266.0 260.0 253.0 253.0 248.0 250.0 252.0 251.0 251.0 252.0 253.0 254.0 256.0 256.0 258.0 254.0 253.0 261.0 261.0 -9999 -9999 -9999 -9999 -9999
-9999 -9999 -9999 -9999 -9999 -9999 -9999 266.0 275.0 270.0 287.0 287.0 290.0 -9999 308.0 315.0 315.0 319.0 331.0 315.0 310.0 310.0 285.0 270.0 242.0 233.0 233.0 242.0 270.0 295.0 280.0 280.0 278.0 286.0 286.0 291.0 286.0 286.0 275.0 258.0 268.0 277.0 277.0 276.0 275.0 277.0 275.0 275.0 272.0 270.0 269.0 269.0 269.0 267.0 263.0 256.0 248.0 248.0 263.0 -9999 -9999 -9999 -9999 -9999 -9999 -9999 260.0 260.0 261.0 255.0 263.0 263.0 263.0 -9999 -9999 -9999 -9999 -9999
-9999 -9999 -9999 -9999 -9999 -9999 -9999 266.0 275.0 270.0 287.0 287.0 290.0 -9999 308.0 315.0 315.0 319.0 331.0 315.0 310.0 310.0 285.0 270.0 242.0 233.0 233.0 242.0 270.0 295.0 280.0 280.0 278.0 286.0 286.0 291.0 286.0 286.0 275.0 258.0 268.0 277.0 277.0 276.0 275.0 277.0 275.0 275.0 272.0 270.0 269.0 269.0 269.0 267.0 263.0 256.0 248.0 248.0 263.0 -9999 -9999 -9999 -9999 -9999 -9999 -9999 260.0 260.0 261.0 255.0 263.0 263.0 263.0 -9999 -9999 -9999 -9999 -9999
-9999 -9999 -9999 -9999 -9999 -9999 -9999 -9999 275.0 284.0 269.0 269.0 299.0 300.0 301.0 319.0 319.0 322.0 320.0 319.0 307.0 307.0 274.0 259.0 242.0 248.0 248.0 233.0 234.0 249.0 270.0 270.0 278.0 279.0 272.0 271.0 283.0 283.0 268.0 256.0 258.0 274.0 274.0 284.0 285.0 285.0 283.0 283.0 277.0 275.0 269.0 267.0 267.0 265.0 262.0 256.0 267.0 267.0 -9999 -9999 -9999 -9999 -9999 -9999 -9999 -9999 -9999 -9999 -9999 -9999 -9999 -9999 -9999 -9999 -9999 -9999 -9999 -9999
-9999 -9999 -9999 -9999 -9999 257.0 257.0 253.0 -9999 280.0 276.0 276.0 281.0 288.0 -9999 311.0 311.0 309.0 309.0 310.0 308.0 308.0 281.0 244.0 245.0 224.0 224.0 224.0 239.0 251.0 266.0 266.0 275.0 274.0 274.0 277.0 278.0 278.0 271.0 256.0 278.0 282.0 282.0 286.0 290.0 289.0 286.0 286.0 283.0 278.0 273.0 270.0 270.0 265.0 272.0 -9999 -9999 -9999 -9999 -9999 -9999 -9999 -9999 -9999 -9999 -9999 -9999 -9999 -9999 -9999 -9999 -9999 -9999 -9999 -9999 -9999 -9999 -9999
-9999 -9999 -9999 -9999 -9999 -9999 -9999 264.0 271.0 283.0 288.0 288.0 285.0 294.0 284.0 -9999 -9999 307.0 318.0 308.0 311.0 311.0 304.0 292.0 267.0 227.0 227.0 219.0 238.0 253.0 264.0 264.0 274.0 277.0 275.0 277.0 284.0 284.0 272.0 263.0 277.0 288.0 288.0 292.0 295.0 293.0 289.0 289.0 283.0 282.0 279.0 272.0 272.0 -9999 -9999 -9999 -9999 -9999 -9999 -9999 -9999 -9999 -9999 -9999 -9999 -9999 -9999 -9999 -9999 -9999 -9999 -9999 -9999 -9999 -9999 -9999 -9999 -9999
-9999 -9999 -9999 -9999 -9999 -9999 -9999 -9999 264.0 275.0 282.0 282.0 291.0 284.0 297.0 -9999 -9999 -9999 319.0 312.0 316.0 316.0 321.0 315.0 296.0 244.0 244.0 223.0 230.0 253.0 261.0 261.0 276.0 278.0 274.0 285.0 290.0 290.0 275.0 279.0 284.0 295.0 295.0 298.0 299.0 296.0 291.0 291.0 284.0 284.0 281.0 281.0 281.0 -9999 -9999 -9999 -9999 -9999 -9999 -9999 -9999 -9999 -9999 -9999 -9999 -9999 -9999 -9999 -9999 -9999 -9999 -9999 -9999 -9999 -9999 -9999 -9999 -9999
-9999 -9999 -9999 -9999 -9999 -9999 -9999 -9999 264.0 275.0 282.0 282.0 291.0 284.0 297.0 -9999 -9999 -9999 319.0 312.0 316.0 316.0 321.0 315.0 296.0 244.0 244.0 223.0 230.0 253.0 261.0 261.0 276.0 278.0 274.0 285.0 290.0 290.0 275.0 279.0 284.0 295.0 295.0 298.0 299.0 296.0 291.0 291.0 284.0 284.0 281.0 281.0 281.0 -9999 -9999 -9999 -9999 -9999 -9999 -9999 -9999 -9999 -9999 -9999 -9999 -9999 -9999 -9999 -9999 -9999 -9999 -9999 -9999 -9999 -9999 -9999 -9999 -9999
-9999 -9999 -9999 -9999 -9999 -9999 -9999 -9999 -9999 -9999 272.0 272.0 293.0 286.0 271.0 293.0 293.0 -9999 -9999 -9999 314.0 314.0 320.0 331.0 324.0 279.0 279.0 221.0 216.0 234.0 247.0 247.0 267.0 280.0 293.0 294.0 290.0 290.0 286.0 284.0 282.0 280.0 280.0 284.0 292.0 297.0 293.0 293.0 287.0 286.0 283.0 284.0 284.0 -9999 -9999 -9999 -9999 -9999 -9999 -9999 -9999 -9999 -9999 -9999 -9999 -9999 -9999 -9999 -9999 -9999 -9999 -9999 -9999 -9999 -9999 -9999 -9999 -9999
-9999 -9999 -9999 -9999 -9999 -9999 -9999 -9999 -9999 -9999 -9999 -9999 -9999 289.0 289.0 285.0 285.0 304.0 -9999 -9999 -9999 -9999 322.0 331.0 320.0 284.0 284.0 244.0 210.0 205.0 241.0 241.0 261.0 279.0 293.0 298.0 292.0 292.0 294.0 280.0 271.0 272.0 272.0 274.0 281.0 288.0 297.0 297.0 293.0 289.0 285.0 287.0 287.0 -9999 -9999 -9999 -9999 -9999 -9999 -9999 -9999 -9999 -9999 -9999 -9999 -9999 -9999 -9999 -9999 -9999 -9999 -9999 -9999 -9999 -9999 -9999 -9999 -9999
-9999 -9999 -9999 -9999 -9999 -9999 -9999 -9999 -9999 -9999 -9999 -9999 -9999 -9999 296.0 293.0 293.0 289.0 314.0 -9999 -9999 -9999 317.0 323.0 332.0 316.0 316.0 261.0 211.0 208.0 229.0 229.0 269.0 273.0 280.0 293.0 299.0 299.0 293.0 287.0 277.0 269.0 269.0 259.0 280.0 294.0 299.0 299.0 296.0 293.0 288.0 283.0 283.0 -9999 -9999 -9999 -9999 -9999 -9999 -9999 -9999 -9999 -9999 -9999 -9999 -9999 -9999 -9999 -9999 -9999 -9999 -9999 -9999 -9999 -9999 -9999 -9999 -9999
-9999 -9999 -9999 -9999 -9999 -9999 -9999 -9999 -9999 -9999 -9999 -9999 -9999 -9999 295.0 291.0 291.0 284.0 302.0 -9999 -9999 -9999 324.0 325.0 327.0 326.0 326.0 303.0 249.0 205.0 231.0 231.0 267.0 281.0 293.0 293.0 283.0 283.0 283.0 286.0 274.0 268.0 268.0 257.0 261.0 293.0 301.0 301.0 305.0 298.0 293.0 291.0 291.0 -9999 -9999 -9999 -9999 -9999 -9999 -9999 -9999 -9999 -9999 -9999 -9999 -9999 -9999 -9999 -9999 -9999 -9999 -9999 -9999 -9999 -9999 -9999 -9999 -9999
-9999 -9999 -9999 -9999 -9999 -9999 -9999 -9999 -9999 -9999 -9999 -9999 -9999 -9999 295.0 291.0 291.0 284.0 302.0 -9999 -9999 -9999 324.0 325.0 327.0 326.0 326.0 303.0 249.0 205.0 231.0 231.0 267.0 281.0 293.0 293.0 283.0 283.0 283.0 286.0 274.0 268.0 268.0 257.0 261.0 293.0 301.0 301.0 305.0 298.0 293.0 291.0 291.0 -9999 -9999 -9999 -9999 -9999 -9999 -9999 -9999 -9999 -9999 -9999 -9999 -9999 -9999 -9999 -9999 -9999 -9999 -9999 -9999 -9999 -9999 -9999 -9999 -9999
-9999 -9999 -9999 -9999 -9999 -9999 -9999 -9999 -9999 -9999 -9999 -9999 -9999 -9999 291.0 271.0 271.0 282.0 279.0 309.0 -9999 -9999 -9999 -9999 324.0 327.0 327.0 327.0 297.0 257.0 222.0 222.0 240.0 268.0 272.0 274.0 280.0 280.0 280.0 279.0 276.0 275.0 275.0 267.0 256.0 275.0 298.0 298.0 298.0 305.0 300.0 -9999 -9999 -9999 -9999 -9999 -9999 -9999 -9999 -9999 -9999 -9999 -9999 -9999 -9999 -9999 -9999 -9999 -9999 -9999 -9999 -9999 -9999 -9999 -9999 -9999 -9999 -9999
-9999 -9999 -9999 -9999 -9999 -9999 -9999 -9999 -9999 -9999 -9999 -9999 -9999 -9999 -9999 291.0 291.0 288.0 287.0 284.0 309.0 309.0 -9999 -9999 -9999 321.0 321.0 326.0 311.0 251.0 228.0 228.0 222.0 240.0 254.0 252.0 263.0 263.0 273.0 279.0 275.0 273.0 273.0 269.0 265.0 264.0 305.0 305.0 312.0 310.0 306.0 -9999 -9999 -9999 -9999 -9999 -9999 -9999 -9999 -9999 -9999 -9999 -9999 -9999 -9999 -9999 -9999 -9999 -9999 -9999 -9999 -9999 -9999 -9999 -9999 -9999 -9999 -9999
-9999 -9999 -9999 -9999 -9999 -9999 -9999 -9999 -9999 -9999 -9999 -9999 -9999 -9999 -9999 -9999 -9999 -9999 301.0 284.0 296.0 296.0 -9999 -9999 -9999 -9999 -9999 -9999 313.0 278.0 255.0 255.0 234.0 230.0 252.0 255.0 269.0 269.0 261.0 275.0 270.0 270.0 270.0 264.0 271.0 234.0 283.0 283.0 311.0 311.0 308.0 -9999 -9999 -9999 -9999 -9999 -9999 -9999 -9999 -9999 -9999 -9999 -9999 -9999 -9999 -9999 -9999 -9999 -9999 -9999 -9999 -9999 -9999 -9999 -9999 -9999 -9999 -9999
-9999 -9999 -9999 -9999 -9999 -9999 -9999 -9999 -9999 -9999 -9999 -9999 -9999 -9999 -9999 -9999 -9999 -9999 -9999 285.0 290.0 290.0 307.0 -9999 -9999 -9999 -9999 -9999 302.0 282.0 270.0 270.0 253.0 247.0 251.0 244.0 250.0 250.0 247.0 268.0 270.0 257.0 257.0 273.0 268.0 257.0 287.0 287.0 309.0 293.0 296.0 -9999 -9999 -9999 -9999 -9999 -9999 -9999 -9999 -9999 -9999 -9999 -9999 -9999 -9999 -9999 -9999 -9999 -9999 -9999 -9999 -9999 -9999 -9999 -9999 -9999 -9999 -9999
-9999 -9999 -9999 -9999 -9999 -9999 -9999 -9999 -9999 -9999 -9999 -9999 -9999 -9999 -9999 -9999 -9999 -9999 -9999 285.0 290.0 290.0 307.0 -9999 -9999 -9999 -9999 -9999 302.0 282.0 270.0 270.0 253.0 247.0 251.0 244.0 250.0 250.0 247.0 268.0 270.0 257.0 257.0 273.0 268.0 257.0 287.0 287.0 309.0 293.0 296.0 -9999 -9999 -9999 -9999 -9999 -9999 -9999 -9999 -9999 -9999 -9999 -9999 -9999 -9999 -9999 -9999 -9999 -9999 -9999 -9999 -9999 -9999 -9999 -9999 -9999 -9999 -9999
-9999 -9999 -9999 -9999 -9999 -9999 -9999 -9999 -9999 -9999 -9999 -9999 -9999 -9999 -9999 -9999 -9999 -9999 -9999 300.0 300.0 300.0 -9999 -9999 -9999 -9999 -9999 -9999 -9999 -9999 285.0 285.0 280.0 267.0 265.0 250.0 238.0 238.0 249.0 252.0 255.0 265.0 265.0 263.0 283.0 281.0 297.0 297.0 310.0 297.0 295.0 -9999 -9999 -9999 -9999 -9999 -9999 -9999 -9999 -9999 -9999 -9999 -9999 -9999 -9999 -9999 -9999 -9999 -9999 -9999 -9999 -9999 -9999 -9999 -9999 -9999 -9999 -9999
-9999 -9999 -9999 -9999 -9999 -9999 -9999 -9999 -9999 -9999 -9999 -9999 -9999 -9999 -9999 -9999 -9999 -9999 -9999 -9999 -9999 -9999 -9999 -9999 -9999 -9999 -9999 -9999 -9999 -9999 313.0 313.0 298.0 289.0 274.0 266.0 264.0 264.0 256.0 264.0 249.0 252.0 252.0 250.0 291.0 286.0 291.0 291.0 301.0 292.0 291.0 -9999 -9999 -9999 -9999 -9999 -9999 -9999 -9999 -9999 -9999 -9999 -9999 -9999 -9999 -9999 -9999 -9999 -9999 -9999 -9999 -9999 -9999 -9999 -9999 -9999 -9999 -9999
-9999 -9999 -9999 -9999 -9999 -9999 -9999 -9999 -9999 -9999 -9999 -9999 -9999 -9999 -9999 -9999 -9999 -9999 -9999 -9999 -9999 -9999 -9999 -9999 -9999 -9999 -9999 -9999 304.0 -9999 316.0 316.0 302.0 297.0 288.0 274.0 260.0 260.0 264.0 267.0 247.0 252.0 252.0 257.0 268.0 299.0 294.0 294.0 303.0 294.0 285.0 -9999 -9999 -9999 -9999 -9999 -9999 -9999 -9999 -9999 -9999 -9999 -9999 -9999 -9999 -9999 -9999 -9999 -9999 -9999 -9999 -9999 -9999 -9999 298.0 297.0 297.0 297.0
-9999 -9999 -9999 -9999 -9999 -9999 -9999 -9999 -9999 -9999 -9999 -9999 -9999 -9999 -9999 -9999 -9999 -9999 -9999 -9999 -9999 -9999 -9999 -9999 -9999 -9999 -9999 -9999 -9999 311.0 -9999 -9999 308.0 287.0 302.0 295.0 274.0 274.0 273.0 274.0 258.0 238.0 238.0 256.0 260.0 298.0 293.0 293.0 300.0 294.0 285.0 291.0 291.0 -9999 -9999 -9999 -9999 -9999 -9999 -9999 -9999 -9999 -9999 -9999 -9999 -9999 -9999 -9999 -9999 302.0 299.0 308.0 308.0 314.0 313.0 310.0 306.0 306.0
-9999 -9999 -9999 -9999 -9999 -9999 -9999 -9999 -9999 -9999 -9999 -9999 -9999 -9999 -9999 -9999 -9999 -9999 -9999 -9999 -9999 -9999 -9999 -9999 -9999 -9999 -9999 -9999 -9999 311.0 -9999 -9999 308.0 287.0 302.0 295.0 274.0 274.0 273.0 274.0 258.0 238.0 238.0 256.0 260.0 298.0 293.0 293.0 300.0 294.0 285.0 291.0 291.0 -9999 -9999 -9999 -9999 -9999 -9999 -9999 -9999 -9999 -9999 -9999 -9999 -9999 -9999 -9999 -9999 302.0 299.0 308.0 308.0 314.0 313.0 310.0 306.0 306.0
-9999 -9999 -9999 -9999 -9999 -9999 -9999 -9999 -9999 -9999 -9999 -9999 -9999 -9999 -9999 -9999 -9999 -9999 -9999 -9999 -9999 -9999 -9999 -9999 -9999 -9999 -9999 -9999 -9999 -9999 -9999 -9999 313.0 265.0 268.0 296.0 286.0 286.0 272.0 262.0 269.0 271.0 271.0 262.0 247.0 248.0 246.0 246.0 255.0 284.0 289.0 287.0 287.0 -9999 -9999 -9999 -9999 -9999 -9999 -9999 -9999 -9999 -9999 -9999 -9999 -9999 -9999 -9999 -9999 315.0 317.0 322.0 322.0 324.0 318.0 313.0 308.0 308.0
-9999 -9999 -9999 -9999 -9999 -9999 -9999 -9999 -9999 -9999 -9999 -9999 -9999 -9999 -9999 -9999 -9999 -9999 -9999 -9999 -9999 -9999 -9999 -9999 -9999 -9999 -9999 -9999 -9999 -9999 318.0 318.0 307.0 272.0 274.0 265.0 262.0 262.0 262.0 274.0 279.0 271.0 271.0 255.0 242.0 237.0 238.0 238.0 226.0 231.0 274.0 288.0 288.0 288.0 -9999 -9999 -9999 -9999 -9999 -9999 -9999 -9999 -9999 -9999 -9999 -9999 -9999 -9999 -9999 325.0 325.0 323.0 323.0 325.0 321.0 315.0 310.0 310.0
-9999 -9999 -9999 -9999 -9999 -9999 -9999 -9999 -9999 -9999 -9999 -9999 -9999 -9999 -9999 -9999 -9999 -9999 -9999 -9999 -9999 -9999 -9999 -9999 -9999 -9999 -9999 -9999 -9999 -9999 -9999 -9999 328.0 312.0 288.0 273.0 266.0 266.0 262.0 242.0 241.0 243.0 243.0 226.0 227.0 219.0 237.0 237.0 225.0 212.0 228.0 217.0 217.0 253.0 293.0 -9999 -9999 -9999 -9999 -9999 -9999 -9999 -9999 -9999 -9999 -9999 -9999 -9999 314.0 322.0 325.0 319.0 319.0 321.0 318.0 314.0 -9999 -9999
-9999 -9999 -9999 -9999 -9999 -9999 -9999 -9999 -9999 -9999 -9999 -9999 -9999 -9999 -9999 -9999 -9999 -9999 -9999 -9999 -9999 -9999 -9999 -9999 -9999 -9999 -9999 -9999 -9999 -9999 -9999 -9999 320.0 321.0 314.0 316.0 300.0 300.0 332.0 294.0 281.0 288.0 288.0 315.0 254.0 207.0 216.0 216.0 211.0 228.0 235.0 219.0 219.0 273.0 300.0 -9999 -9999 -9999 -9999 -9999 -9999 -9999 -9999 -9999 -9999 -9999 317.0 317.0 319.0 323.0 320.0 316.0 316.0 314.0 311.0 309.0 -9999 -9999
-9999 -9999 -9999 -9999 -9999 -9999 -9999 -9999 -9999 -9999 -9999 -9999 -9999 -9999 -9999 -9999 -9999 -9999 -9999 -9999 -9999 -9999 -9999 -9999 -9999 -9999 -9999 -9999 -9999 -9999 -9999 -9999 320.0 321.0 314.0 316.0 300.0 300.0 332.0 294.0 281.0 288.0 288.0 315.0 254.0 207.0 216.0 216.0 211.0 228.0 235.0 219.0 219.0 273.0 300.0 -9999 -9999 -9999 -9999 -9999 -9999 -9999 -9999 -9999 -9999 -9999 317.0 317.0 319.0 323.0 320.0 316.0 316.0 314.0 311.0 309.0 -9999 -9999
