KEPLER/4.2/binaries/lib/outreach-2.3.0/workflows/data/garp/NA_ASC/vap6190_ann.asc
nrows  200
ncols  400
xllcorner  -179.99962860149
yllcorner  6.7208489478326
cellsize  0.4
NODATA_value  -9999
[rows 0 to 34 of 200, columns 320 to 399 of 400]
-9999 -9999 -9999 -9999 -9999 -9999 -9999 -9999 -9999 -9999 -9999 -9999 -9999 -9999 -9999 -9999 -9999 -9999 -9999 -9999 -9999 -9999 -9999 -9999 -9999 -9999 -9999 -9999 -9999 -9999 -9999 -9999 -9999 -9999 -9999 -9999 -9999 -9999 -9999 -9999 -9999 -9999 -9999 -9999 -9999 -9999 -9999 -9999 -9999 -9999 -9999 -9999 -9999 -9999 -9999 -9999 -9999 -9999 -9999 -9999 -9999 -9999 -9999 -9999 -9999 -9999 -9999 -9999 -9999 -9999 -9999 -9999 -9999 -9999 -9999 -9999 -9999 -9999 -9999 -9999
-9999 -9999 -9999 -9999 -9999 -9999 -9999 -9999 -9999 -9999 -9999 -9999 -9999 -9999 -9999 -9999 -9999 -9999 -9999 -9999 -9999 -9999 -9999 -9999 -9999 -9999 -9999 -9999 -9999 -9999 -9999 -9999 -9999 -9999 -9999 -9999 -9999 -9999 -9999 -9999 -9999 -9999 -9999 -9999 -9999 -9999 -9999 -9999 -9999 -9999 -9999 -9999 -9999 -9999 -9999 -9999 -9999 -9999 -9999 -9999 -9999 -9999 -9999 -9999 -9999 -9999 -9999 -9999 -9999 -9999 -9999 -9999 -9999 -9999 -9999 -9999 -9999 -9999 -9999 -9999
-9999 -9999 -9999 -9999 -9999 -9999 -9999 -9999 -9999 -9999 -9999 -9999 -9999 -9999 -9999 -9999 -9999 -9999 -9999 -9999 -9999 -9999 -9999 -9999 -9999 -9999 -9999 -9999 -9999 -9999 -9999 -9999 -9999 -9999 -9999 -9999 -9999 -9999 -9999 -9999 -9999 -9999 -9999 -9999 -9999 -9999 -9999 -9999 -9999 -9999 -9999 -9999 -9999 -9999 -9999 -9999 -9999 -9999 -9999 -9999 -9999 -9999 -9999 -9999 -9999 -9999 -9999 -9999 -9999 -9999 -9999 -9999 -9999 -9999 -9999 -9999 -9999 -9999 -9999 -9999
-9999 -9999 -9999 -9999 -9999 -9999 -9999 -9999 -9999 -9999 -9999 -9999 -9999 -9999 -9999 -9999 -9999 -9999 -9999 -9999 -9999 -9999 -9999 -9999 -9999 -9999 -9999 -9999 -9999 -9999 -9999 -9999 -9999 -9999 -9999 -9999 -9999 -9999 -9999 -9999 -9999 -9999 -9999 -9999 -9999 -9999 -9999 -9999 -9999 -9999 -9999 -9999 -9999 -9999 -9999 -9999 -9999 -9999 -9999 -9999 -9999 -9999 -9999 -9999 -9999 -9999 -9999 -9999 -9999 -9999 -9999 -9999 -9999 -9999 -9999 -9999 -9999 -9999 -9999 -9999
-9999 -9999 -9999 -9999 -9999 -9999 -9999 -9999 -9999 -9999 -9999 -9999 -9999 -9999 -9999 -9999 -9999 -9999 -9999 -9999 -9999 -9999 -9999 -9999 -9999 -9999 -9999 -9999 -9999 -9999 -9999 -9999 -9999 -9999 -9999 -9999 -9999 -9999 -9999 -9999 -9999 -9999 -9999 -9999 -9999 -9999 -9999 -9999 -9999 -9999 -9999 -9999 -9999 -9999 -9999 -9999 -9999 -9999 -9999 -9999 -9999 -9999 -9999 -9999 -9999 -9999 -9999 -9999 -9999 -9999 -9999 -9999 -9999 -9999 -9999 -9999 -9999 -9999 -9999 -9999
-9999 -9999 -9999 -9999 -9999 -9999 -9999 -9999 -9999 -9999 -9999 -9999 -9999 -9999 -9999 -9999 -9999 -9999 -9999 -9999 -9999 -9999 -9999 -9999 -9999 -9999 -9999 -9999 -9999 -9999 -9999 -9999 -9999 -9999 -9999 -9999 -9999 -9999 -9999 -9999 -9999 -9999 -9999 -9999 -9999 -9999 -9999 -9999 -9999 -9999 -9999 -9999 -9999 -9999 -9999 -9999 -9999 -9999 -9999 -9999 -9999 -9999 -9999 -9999 -9999 -9999 -9999 -9999 -9999 -9999 -9999 -9999 -9999 -9999 -9999 -9999 -9999 -9999 -9999 -9999
-9999 -9999 -9999 -9999 -9999 -9999 -9999 -9999 -9999 -9999 -9999 -9999 -9999 -9999 -9999 -9999 -9999 -9999 -9999 -9999 -9999 -9999 -9999 -9999 -9999 -9999 -9999 -9999 -9999 -9999 -9999 -9999 -9999 -9999 -9999 -9999 -9999 -9999 -9999 -9999 -9999 -9999 -9999 -9999 -9999 -9999 -9999 -9999 -9999 -9999 -9999 -9999 -9999 -9999 -9999 -9999 -9999 -9999 -9999 -9999 -9999 -9999 -9999 -9999 -9999 -9999 -9999 -9999 -9999 -9999 -9999 -9999 -9999 -9999 -9999 -9999 -9999 -9999 -9999 -9999
-9999 -9999 -9999 -9999 -9999 -9999 -9999 -9999 -9999 -9999 -9999 -9999 -9999 -9999 -9999 -9999 -9999 -9999 -9999 -9999 -9999 -9999 -9999 -9999 -9999 -9999 -9999 -9999 -9999 -9999 -9999 -9999 -9999 -9999 -9999 -9999 79.0 78.0 73.0 73.0 69.0 64.0 66.0 68.0 68.0 66.0 64.0 62.0 61.0 61.0 63.0 62.0 56.0 63.0 63.0 61.0 60.0 62.0 62.0 62.0 -9999 -9999 -9999 -9999 -9999 -9999 -9999 -9999 -9999 -9999 -9999 -9999 -9999 -9999 -9999 -9999 -9999 -9999 -9999 -9999
-9999 -9999 -9999 -9999 -9999 -9999 -9999 -9999 -9999 -9999 -9999 -9999 -9999 86.0 86.0 88.0 86.0 84.0 81.0 81.0 82.0 17.0 17.0 18.0 18.0 84.0 85.0 83.0 84.0 84.0 86.0 85.0 16.0 15.0 15.0 14.0 15.0 15.0 15.0 15.0 14.0 13.0 14.0 15.0 15.0 15.0 13.0 14.0 15.0 15.0 15.0 16.0 16.0 17.0 17.0 18.0 17.0 18.0 18.0 18.0 18.0 19.0 19.0 53.0 53.0 52.0 51.0 48.0 47.0 47.0 -9999 -9999 -9999 -9999 -9999 -9999 -9999 -9999 -9999 -9999
-9999 -9999 -9999 -9999 -9999 -9999 -9999 -9999 -9999 -9999 -9999 -9999 -9999 86.0 86.0 88.0 86.0 84.0 81.0 81.0 82.0 17.0 17.0 18.0 18.0 84.0 85.0 83.0 84.0 84.0 86.0 85.0 16.0 15.0 15.0 14.0 15.0 15.0 15.0 15.0 14.0 13.0 14.0 15.0 15.0 15.0 13.0 14.0 15.0 15.0 15.0 16.0 16.0 17.0 17.0 18.0 17.0 18.0 18.0 18.0 18.0 19.0 19.0 53.0 53.0 52.0 51.0 48.0 47.0 47.0 -9999 -9999 -9999 -9999 -9999 -9999 -9999 -9999 -9999 -9999
-9999 -9999 -9999 -9999 -9999 -9999 83.0 84.0 87.0 87.0 84.0 18.0 18.0 18.0 18.0 17.0 18.0 17.0 16.0 16.0 16.0 15.0 15.0 16.0 16.0 16.0 16.0 16.0 15.0 15.0 14.0 14.0 14.0 13.0 13.0 13.0 13.0 13.0 15.0 15.0 14.0 13.0 15.0 15.0 15.0 15.0 14.0 14.0 15.0 15.0 13.0 15.0 14.0 15.0 15.0 15.0 16.0 15.0 16.0 16.0 15.0 16.0 17.0 17.0 17.0 17.0 17.0 17.0 18.0 18.0 17.0 18.0 19.0 19.0 19.0 33.0 32.0 32.0 -9999 -9999
75.0 75.0 20.0 19.0 19.0 20.0 21.0 20.0 21.0 21.0 20.0 18.0 18.0 19.0 19.0 19.0 18.0 17.0 16.0 16.0 16.0 15.0 14.0 14.0 14.0 14.0 14.0 15.0 15.0 15.0 14.0 14.0 14.0 13.0 13.0 13.0 13.0 14.0 14.0 14.0 14.0 16.0 16.0 16.0 16.0 16.0 15.0 16.0 17.0 17.0 18.0 18.0 19.0 19.0 19.0 19.0 19.0 19.0 19.0 19.0 19.0 20.0 20.0 19.0 19.0 20.0 19.0 19.0 20.0 20.0 20.0 19.0 19.0 41.0 41.0 37.0 34.0 42.0 41.0 41.0
18.0 19.0 19.0 20.0 20.0 20.0 17.0 17.0 17.0 17.0 16.0 16.0 17.0 18.0 18.0 18.0 19.0 19.0 18.0 18.0 17.0 15.0 14.0 13.0 13.0 12.0 12.0 11.0 10.0 10.0 10.0 10.0 11.0 11.0 11.0 12.0 12.0 13.0 14.0 14.0 14.0 15.0 15.0 16.0 16.0 17.0 18.0 17.0 16.0 16.0 16.0 18.0 18.0 18.0 18.0 17.0 16.0 17.0 17.0 17.0 17.0 18.0 19.0 19.0 19.0 19.0 49.0 20.0 19.0 19.0 18.0 17.0 17.0 19.0 19.0 33.0 37.0 37.0 19.0 19.0
17.0 17.0 17.0 18.0 18.0 18.0 18.0 17.0 17.0 17.0 17.0 17.0 17.0 16.0 16.0 16.0 16.0 16.0 16.0 16.0 16.0 15.0 15.0 14.0 14.0 13.0 11.0 10.0 9.0 9.0 9.0 9.0 9.0 9.0 9.0 10.0 10.0 11.0 12.0 12.0 12.0 13.0 13.0 14.0 14.0 14.0 15.0 15.0 15.0 15.0 16.0 17.0 17.0 18.0 18.0 18.0 18.0 17.0 18.0 18.0 18.0 17.0 18.0 17.0 17.0 17.0 17.0 17.0 16.0 16.0 16.0 17.0 19.0 20.0 20.0 19.0 17.0 17.0 16.0 16.0
17.0 17.0 17.0 18.0 18.0 18.0 18.0 17.0 17.0 17.0 17.0 17.0 17.0 16.0 16.0 16.0 16.0 16.0 16.0 16.0 16.0 15.0 15.0 14.0 14.0 13.0 11.0 10.0 9.0 9.0 9.0 9.0 9.0 9.0 9.0 10.0 10.0 11.0 12.0 12.0 12.0 13.0 13.0 14.0 14.0 14.0 15.0 15.0 15.0 15.0 16.0 17.0 17.0 18.0 18.0 18.0 18.0 17.0 18.0 18.0 18.0 17.0 18.0 17.0 17.0 17.0 17.0 17.0 16.0 16.0 16.0 17.0 19.0 20.0 20.0 19.0 17.0 17.0 16.0 16.0
14.0 14.0 14.0 14.0 14.0 14.0 14.0 14.0 14.0 14.0 13.0 13.0 13.0 13.0 13.0 13.0 13.0 13.0 12.0 12.0 12.0 12.0 11.0 12.0 12.0 11.0 11.0 9.0 8.0 8.0 9.0 8.0 8.0 8.0 8.0 8.0 8.0 9.0 9.0 9.0 10.0 10.0 10.0 10.0 10.0 10.0 10.0 11.0 11.0 11.0 11.0 12.0 12.0 14.0 14.0 14.0 15.0 15.0 16.0 16.0 16.0 17.0 18.0 18.0 18.0 18.0 18.0 18.0 19.0 19.0 17.0 19.0 16.0 13.0 13.0 13.0 13.0 14.0 16.0 16.0
11.0 11.0 11.0 11.0 11.0 11.0 11.0 11.0 10.0 10.0 10.0 10.0 10.0 10.0 10.0 10.0 10.0 10.0 10.0 10.0 10.0 9.0 9.0 9.0 9.0 9.0 9.0 8.0 8.0 8.0 8.0 8.0 8.0 8.0 8.0 8.0 8.0 8.0 9.0 9.0 9.0 9.0 9.0 10.0 10.0 10.0 10.0 10.0 10.0 10.0 10.0 10.0 11.0 12.0 12.0 12.0 13.0 14.0 15.0 15.0 16.0 17.0 17.0 18.0 18.0 19.0 20.0 19.0 19.0 19.0 18.0 16.0 15.0 14.0 14.0 14.0 16.0 15.0 15.0 15.0
9.0 9.0 9.0 9.0 9.0 9.0 8.0 8.0 8.0 8.0 8.0 7.0 8.0 7.0 7.0 7.0 7.0 7.0 7.0 7.0 7.0 7.0 7.0 7.0 7.0 8.0 8.0 8.0 8.0 8.0 8.0 8.0 8.0 8.0 8.0 8.0 8.0 8.0 9.0 9.0 9.0 9.0 9.0 9.0 9.0 10.0 10.0 10.0 11.0 11.0 11.0 11.0 12.0 12.0 12.0 13.0 14.0 14.0 17.0 17.0 16.0 16.0 16.0 17.0 17.0 18.0 17.0 17.0 17.0 17.0 18.0 19.0 18.0 19.0 19.0 19.0 18.0 17.0 20.0 20.0
8.0 8.0 8.0 8.0 8.0 8.0 8.0 8.0 8.0 8.0 7.0 7.0 7.0 7.0 7.0 7.0 7.0 7.0 7.0 7.0 7.0 7.0 7.0 7.0 7.0 7.0 8.0 8.0 8.0 8.0 8.0 8.0 8.0 8.0 8.0 8.0 8.0 8.0 9.0 9.0 9.0 9.0 9.0 10.0 10.0 10.0 10.0 10.0 11.0 11.0 12.0 12.0 12.0 13.0 13.0 13.0 13.0 15.0 16.0 16.0 16.0 16.0 17.0 17.0 17.0 16.0 17.0 16.0 16.0 16.0 17.0 18.0 19.0 20.0 20.0 20.0 21.0 20.0 19.0 19.0
8.0 8.0 8.0 8.0 8.0 8.0 8.0 8.0 8.0 8.0 7.0 7.0 7.0 7.0 7.0 7.0 7.0 7.0 7.0 7.0 7.0 7.0 7.0 7.0 7.0 7.0 8.0 8.0 8.0 8.0 8.0 8.0 8.0 8.0 8.0 8.0 8.0 8.0 9.0 9.0 9.0 9.0 9.0 10.0 10.0 10.0 10.0 10.0 11.0 11.0 12.0 12.0 12.0 13.0 13.0 13.0 13.0 15.0 16.0 16.0 16.0 16.0 17.0 17.0 17.0 16.0 17.0 16.0 16.0 16.0 17.0 18.0 19.0 20.0 20.0 20.0 21.0 20.0 19.0 19.0
7.0 7.0 7.0 7.0 7.0 7.0 7.0 7.0 7.0 7.0 7.0 7.0 7.0 6.0 6.0 6.0 6.0 6.0 6.0 6.0 6.0 7.0 7.0 7.0 7.0 7.0 7.0 8.0 8.0 8.0 8.0 8.0 8.0 8.0 8.0 8.0 8.0 8.0 8.0 8.0 8.0 8.0 9.0 9.0 9.0 9.0 10.0 10.0 11.0 11.0 11.0 11.0 11.0 12.0 12.0 13.0 13.0 13.0 14.0 14.0 14.0 14.0 14.0 13.0 13.0 13.0 13.0 12.0 12.0 12.0 12.0 13.0 14.0 17.0 17.0 17.0 20.0 22.0 33.0 33.0
7.0 7.0 7.0 7.0 7.0 7.0 7.0 7.0 7.0 7.0 7.0 7.0 7.0 7.0 7.0 7.0 7.0 7.0 7.0 7.0 7.0 7.0 7.0 7.0 7.0 7.0 7.0 8.0 8.0 8.0 8.0 8.0 8.0 8.0 8.0 8.0 8.0 8.0 9.0 9.0 8.0 9.0 9.0 9.0 9.0 9.0 10.0 10.0 11.0 11.0 11.0 11.0 12.0 13.0 13.0 13.0 13.0 13.0 13.0 13.0 13.0 14.0 14.0 13.0 13.0 13.0 13.0 12.0 12.0 12.0 12.0 14.0 15.0 18.0 18.0 19.0 22.0 32.0 33.0 33.0
7.0 7.0 7.0 7.0 7.0 7.0 7.0 7.0 7.0 7.0 7.0 7.0 7.0 7.0 7.0 7.0 7.0 7.0 7.0 7.0 7.0 7.0 7.0 7.0 7.0 7.0 8.0 8.0 8.0 8.0 8.0 8.0 8.0 8.0 8.0 8.0 8.0 8.0 8.0 8.0 8.0 9.0 9.0 10.0 10.0 10.0 10.0 11.0 11.0 11.0 11.0 11.0 12.0 12.0 12.0 13.0 13.0 13.0 14.0 14.0 13.0 13.0 13.0 13.0 13.0 13.0 14.0 15.0 16.0 16.0 17.0 18.0 19.0 20.0 20.0 22.0 23.0 22.0 20.0 20.0
8.0 8.0 8.0 7.0 7.0 8.0 7.0 7.0 7.0 7.0 7.0 7.0 7.0 7.0 7.0 7.0 7.0 7.0 7.0 7.0 7.0 7.0 7.0 7.0 7.0 7.0 8.0 8.0 8.0 8.0 8.0 8.0 8.0 8.0 8.0 8.0 8.0 8.0 9.0 9.0 9.0 9.0 9.0 9.0 9.0 10.0 10.0 10.0 11.0 11.0 11.0 11.0 11.0 12.0 12.0 12.0 12.0 13.0 13.0 13.0 12.0 12.0 12.0 12.0 12.0 12.0 12.0 14.0 16.0 16.0 18.0 20.0 22.0 23.0 23.0 23.0 22.0 21.0 20.0 20.0
8.0 8.0 8.0 7.0 7.0 8.0 7.0 7.0 7.0 7.0 7.0 7.0 7.0 7.0 7.0 7.0 7.0 7.0 7.0 7.0 7.0 7.0 7.0 7.0 7.0 7.0 8.0 8.0 8.0 8.0 8.0 8.0 8.0 8.0 8.0 8.0 8.0 8.0 9.0 9.0 9.0 9.0 9.0 9.0 9.0 10.0 10.0 10.0 11.0 11.0 11.0 11.0 11.0 12.0 12.0 12.0 12.0 13.0 13.0 13.0 12.0 12.0 12.0 12.0 12.0 12.0 12.0 14.0 16.0 16.0 18.0 20.0 22.0 23.0 23.0 23.0 22.0 21.0 20.0 20.0
9.0 9.0 9.0 9.0 9.0 8.0 8.0 8.0 8.0 8.0 8.0 7.0 7.0 7.0 7.0 7.0 7.0 6.0 6.0 6.0 6.0 6.0 6.0 6.0 6.0 6.0 7.0 7.0 8.0 8.0 8.0 8.0 8.0 8.0 8.0 8.0 8.0 8.0 8.0 8.0 8.0 8.0 8.0 9.0 9.0 9.0 9.0 9.0 9.0 9.0 9.0 10.0 9.0 10.0 10.0 10.0 10.0 10.0 10.0 10.0 10.0 9.0 9.0 9.0 9.0 9.0 9.0 11.0 16.0 16.0 18.0 21.0 23.0 24.0 24.0 24.0 24.0 24.0 24.0 24.0
10.0 10.0 10.0 10.0 10.0 10.0 9.0 9.0 8.0 8.0 8.0 8.0 8.0 8.0 8.0 7.0 7.0 7.0 6.0 6.0 6.0 6.0 6.0 6.0 6.0 6.0 6.0 7.0 7.0 7.0 7.0 7.0 7.0 7.0 7.0 7.0 7.0 7.0 8.0 8.0 8.0 8.0 8.0 8.0 8.0 8.0 8.0 8.0 8.0 8.0 8.0 8.0 8.0 8.0 8.0 8.0 8.0 8.0 8.0 8.0 8.0 7.0 7.0 6.0 6.0 7.0 9.0 11.0 14.0 14.0 15.0 18.0 18.0 18.0 18.0 21.0 23.0 21.0 22.0 22.0
12.0 12.0 11.0 11.0 11.0 11.0 10.0 11.0 9.0 9.0 8.0 8.0 8.0 7.0 7.0 7.0 7.0 7.0 6.0 6.0 6.0 6.0 6.0 6.0 6.0 6.0 6.0 6.0 6.0 6.0 6.0 6.0 6.0 6.0 6.0 6.0 6.0 6.0 7.0 7.0 6.0 7.0 7.0 7.0 7.0 7.0 8.0 7.0 7.0 7.0 7.0 7.0 7.0 7.0 7.0 7.0 7.0 7.0 7.0 7.0 7.0 7.0 7.0 7.0 7.0 7.0 9.0 10.0 11.0 11.0 12.0 12.0 13.0 16.0 16.0 19.0 18.0 19.0 19.0 19.0
13.0 13.0 12.0 11.0 11.0 11.0 11.0 11.0 9.0 9.0 9.0 8.0 8.0 8.0 8.0 8.0 8.0 7.0 6.0 6.0 6.0 6.0 6.0 6.0 6.0 7.0 6.0 7.0 6.0 6.0 6.0 6.0 6.0 6.0 6.0 6.0 6.0 6.0 6.0 6.0 6.0 6.0 6.0 6.0 6.0 6.0 6.0 7.0 7.0 7.0 7.0 7.0 7.0 7.0 7.0 7.0 7.0 7.0 8.0 8.0 8.0 8.0 8.0 8.0 8.0 8.0 8.0 8.0 8.0 8.0 8.0 10.0 11.0 17.0 17.0 17.0 19.0 21.0 22.0 22.0
13.0 13.0 12.0 11.0 11.0 11.0 11.0 11.0 9.0 9.0 9.0 8.0 8.0 8.0 8.0 8.0 8.0 7.0 6.0 6.0 6.0 6.0 6.0 6.0 6.0 7.0 6.0 7.0 6.0 6.0 6.0 6.0 6.0 6.0 6.0 6.0 6.0 6.0 6.0 6.0 6.0 6.0 6.0 6.0 6.0 6.0 6.0 7.0 7.0 7.0 7.0 7.0 7.0 7.0 7.0 7.0 7.0 7.0 8.0 8.0 8.0 8.0 8.0 8.0 8.0 8.0 8.0 8.0 8.0 8.0 8.0 10.0 11.0 17.0 17.0 17.0 19.0 21.0 22.0 22.0
14.0 12.0 12.0 12.0 12.0 12.0 10.0 9.0 9.0 9.0 8.0 8.0 7.0 7.0 7.0 7.0 6.0 5.0 5.0 5.0 5.0 5.0 5.0 5.0 5.0 5.0 6.0 6.0 6.0 6.0 6.0 6.0 6.0 6.0 6.0 6.0 5.0 6.0 6.0 6.0 6.0 6.0 6.0 6.0 6.0 5.0 5.0 5.0 6.0 6.0 6.0 7.0 7.0 7.0 7.0 7.0 7.0 8.0 9.0 9.0 9.0 9.0 10.0 10.0 10.0 11.0 10.0 9.0 9.0 9.0 10.0 10.0 11.0 15.0 15.0 17.0 21.0 22.0 25.0 25.0
13.0 12.0 12.0 11.0 11.0 11.0 9.0 9.0 9.0 9.0 9.0 8.0 8.0 7.0 7.0 7.0 6.0 6.0 5.0 5.0 5.0 6.0 6.0 6.0 6.0 6.0 6.0 6.0 6.0 6.0 6.0 6.0 6.0 6.0 6.0 6.0 6.0 6.0 6.0 6.0 6.0 6.0 6.0 6.0 6.0 6.0 5.0 6.0 6.0 6.0 6.0 7.0 7.0 7.0 7.0 8.0 8.0 9.0 11.0 11.0 12.0 13.0 14.0 15.0 15.0 16.0 18.0 17.0 17.0 17.0 18.0 17.0 19.0 22.0 22.0 24.0 26.0 24.0 26.0 26.0
14.0 13.0 12.0 11.0 11.0 11.0 10.0 9.0 9.0 9.0 8.0 8.0 8.0 7.0 7.0 7.0 7.0 7.0 7.0 7.0 6.0 6.0 6.0 6.0 6.0 6.0 6.0 6.0 6.0 6.0 6.0 5.0 5.0 5.0 5.0 5.0 5.0 5.0 5.0 5.0 5.0 5.0 5.0 5.0 5.0 5.0 6.0 6.0 5.0 5.0 5.0 6.0 7.0 9.0 9.0 10.0 12.0 14.0 17.0 17.0 16.0 20.0 20.0 20.0 20.0 20.0 23.0 24.0 22.0 22.0 26.0 23.0 21.0 20.0 20.0 24.0 27.0 25.0 27.0 27.0
16.0 15.0 13.0 12.0 12.0 12.0 10.0 10.0 9.0 9.0 9.0 9.0 8.0 7.0 7.0 7.0 7.0 7.0 7.0 7.0 7.0 7.0 7.0 6.0 6.0 6.0 6.0 6.0 5.0 5.0 5.0 4.0 4.0 4.0 4.0 4.0 4.0 4.0 4.0 4.0 4.0 4.0 4.0 5.0 5.0 5.0 6.0 6.0 5.0 5.0 6.0 6.0 7.0 8.0 8.0 10.0 12.0 13.0 17.0 17.0 19.0 21.0 19.0 23.0 23.0 22.0 24.0 23.0 24.0 24.0 26.0 25.0 25.0 28.0 28.0 28.0 27.0 30.0 31.0 31.0
16.0 15.0 13.0 12.0 12.0 12.0 10.0 10.0 9.0 9.0 9.0 9.0 8.0 7.0 7.0 7.0 7.0 7.0 7.0 7.0 7.0 7.0 7.0 6.0 6.0 6.0 6.0 6.0 5.0 5.0 5.0 4.0 4.0 4.0 4.0 4.0 4.0 4.0 4.0 4.0 4.0 4.0 4.0 5.0 5.0 5.0 6.0 6.0 5.0 5.0 6.0 6.0 7.0 8.0 8.0 10.0 12.0 13.0 17.0 17.0 19.0 21.0 19.0 23.0 23.0 22.0 24.0 23.0 24.0 24.0 26.0 25.0 25.0 28.0 28.0 28.0 27.0 30.0 31.0 31.0
