KEPLER/4.2/binaries/lib/outreach-2.3.0/workflows/data/garp/NA_ASC/vap6190_ann.asc
nrows  200
ncols  400
xllcorner  -179.99962860149
yllcorner  6.7208489478326
cellsize  0.4
NODATA_value  -9999
[rows 70 to 104 of 200, columns 240 to 319 of 400]
-9999 -9999 -9999 -9999 -9999 -9999 -9999 -9999 -9999 -9999 -9999 -9999 -9999 -9999 45.0 43.0 42.0 42.0 42.0 42.0 41.0 41.0 41.0 41.0 41.0 41.0 41.0 41.0 41.0 41.0 41.0 41.0 41.0 41.0 41.0 42.0 43.0 43.0 43.0 43.0 47.0 -9999 -9999 -9999 48.0 43.0 42.0 40.0 40.0 37.0 36.0 35.0 39.0 39.0 44.0 -9999 -9999 -9999 -9999 -9999 -9999 -9999 -9999 -9999 -9999 -9999 -9999 -9999 -9999 -9999 -9999 -9999 -9999 -9999 -9999 -9999 -9999 -9999 -9999 -9999
-9999 -9999 -9999 -9999 -9999 -9999 -9999 -9999 -9999 -9999 -9999 -9999 -9999 -9999 -9999 45.0 44.0 43.0 43.0 42.0 42.0 42.0 42.0 42.0 42.0 41.0 42.0 42.0 42.0 42.0 42.0 42.0 42.0 42.0 42.0 42.0 43.0 43.0 43.0 43.0 44.0 44.0 44.0 44.0 43.0 43.0 42.0 40.0 40.0 37.0 37.0 39.0 42.0 42.0 44.0 47.0 -9999 -9999 -9999 -9999 -9999 -9999 -9999 -9999 -9999 -9999 -9999 -9999 -9999 -9999 -9999 -9999 -9999 -9999 -9999 -9999 -9999 -9999 -9999 -9999
-9999 -9999 -9999 -9999 -9999 -9999 -9999 -9999 -9999 -9999 -9999 -9999 -9999 -9999 -9999 -9999 -9999 46.0 46.0 44.0 43.0 43.0 42.0 42.0 42.0 42.0 42.0 42.0 42.0 42.0 42.0 42.0 42.0 42.0 42.0 43.0 44.0 44.0 44.0 44.0 44.0 44.0 44.0 44.0 43.0 43.0 42.0 41.0 41.0 39.0 38.0 39.0 40.0 40.0 42.0 44.0 47.0 -9999 -9999 -9999 -9999 -9999 -9999 -9999 -9999 -9999 -9999 -9999 -9999 -9999 -9999 -9999 -9999 -9999 -9999 -9999 -9999 -9999 -9999 -9999
-9999 -9999 -9999 -9999 -9999 -9999 -9999 -9999 -9999 -9999 -9999 -9999 -9999 -9999 -9999 -9999 -9999 -9999 -9999 46.0 43.0 44.0 43.0 43.0 43.0 43.0 43.0 43.0 43.0 43.0 43.0 43.0 43.0 43.0 42.0 43.0 44.0 44.0 44.0 44.0 44.0 44.0 44.0 44.0 44.0 44.0 43.0 42.0 42.0 41.0 40.0 40.0 41.0 41.0 42.0 44.0 47.0 48.0 48.0 -9999 -9999 -9999 -9999 -9999 -9999 -9999 -9999 -9999 -9999 -9999 -9999 -9999 -9999 -9999 -9999 -9999 -9999 -9999 -9999 -9999
-9999 -9999 -9999 -9999 -9999 -9999 -9999 -9999 -9999 -9999 -9999 -9999 -9999 -9999 -9999 -9999 -9999 -9999 -9999 46.0 43.0 44.0 43.0 43.0 43.0 43.0 43.0 43.0 43.0 43.0 43.0 43.0 43.0 43.0 42.0 43.0 44.0 44.0 44.0 44.0 44.0 44.0 44.0 44.0 44.0 44.0 43.0 42.0 42.0 41.0 40.0 40.0 41.0 41.0 42.0 44.0 47.0 48.0 48.0 -9999 -9999 -9999 -9999 -9999 -9999 -9999 -9999 -9999 -9999 -9999 -9999 -9999 -9999 -9999 -9999 -9999 -9999 -9999 -9999 -9999
-9999 -9999 -9999 -9999 -9999 -9999 -9999 -9999 -9999 -9999 -9999 50.0 51.0 51.0 -9999 -9999 -9999 -9999 -9999 49.0 45.0 44.0 44.0 44.0 44.0 44.0 43.0 44.0 44.0 44.0 44.0 44.0 44.0 44.0 44.0 44.0 43.0 45.0 45.0 45.0 45.0 45.0 44.0 44.0 44.0 44.0 43.0 43.0 43.0 43.0 42.0 41.0 43.0 43.0 43.0 44.0 46.0 53.0 53.0 -9999 -9999 -9999 -9999 -9999 -9999 -9999 -9999 -9999 -9999 -9999 -9999 -9999 -9999 -9999 -9999 -9999 -9999 -9999 -9999 -9999
-9999 -9999 -9999 -9999 -9999 -9999 -9999 -9999 -9999 -9999 -9999 48.0 48.0 48.0 51.0 -9999 -9999 -9999 -9999 49.0 46.0 45.0 45.0 45.0 45.0 45.0 45.0 45.0 45.0 45.0 45.0 45.0 45.0 45.0 45.0 44.0 44.0 45.0 45.0 46.0 45.0 44.0 44.0 44.0 44.0 44.0 44.0 44.0 44.0 44.0 44.0 44.0 44.0 44.0 45.0 46.0 48.0 49.0 49.0 56.0 -9999 -9999 -9999 -9999 -9999 -9999 -9999 -9999 -9999 -9999 -9999 -9999 -9999 -9999 -9999 -9999 -9999 -9999 -9999 -9999
-9999 -9999 -9999 -9999 -9999 -9999 -9999 -9999 -9999 -9999 -9999 54.0 53.0 53.0 -9999 -9999 -9999 49.0 49.0 46.0 46.0 46.0 46.0 46.0 47.0 46.0 46.0 46.0 46.0 46.0 46.0 46.0 45.0 45.0 45.0 45.0 43.0 43.0 43.0 45.0 45.0 44.0 44.0 44.0 44.0 44.0 45.0 45.0 45.0 45.0 44.0 44.0 44.0 44.0 45.0 45.0 47.0 48.0 48.0 50.0 53.0 -9999 -9999 -9999 -9999 -9999 -9999 -9999 -9999 -9999 -9999 -9999 -9999 -9999 -9999 -9999 -9999 -9999 -9999 -9999
52.0 52.0 52.0 52.0 57.0 57.0 -9999 -9999 -9999 -9999 -9999 -9999 -9999 -9999 -9999 51.0 48.0 47.0 47.0 47.0 47.0 47.0 47.0 47.0 46.0 46.0 46.0 46.0 46.0 46.0 46.0 46.0 46.0 46.0 45.0 45.0 44.0 44.0 44.0 45.0 45.0 44.0 45.0 45.0 45.0 44.0 45.0 46.0 46.0 45.0 45.0 45.0 44.0 44.0 45.0 46.0 48.0 49.0 49.0 51.0 52.0 56.0 55.0 55.0 58.0 -9999 -9999 -9999 -9999 -9999 -9999 -9999 -9999 -9999 -9999 -9999 -9999 -9999 -9999 -9999
52.0 52.0 52.0 52.0 57.0 57.0 -9999 -9999 -9999 -9999 -9999 -9999 -9999 -9999 -9999 51.0 48.0 47.0 47.0 47.0 47.0 47.0 47.0 47.0 46.0 46.0 46.0 46.0 46.0 46.0 46.0 46.0 46.0 46.0 45.0 45.0 44.0 44.0 44.0 45.0 45.0 44.0 45.0 45.0 45.0 44.0 45.0 46.0 46.0 45.0 45.0 45.0 44.0 44.0 45.0 46.0 48.0 49.0 49.0 51.0 52.0 56.0 55.0 55.0 58.0 -9999 -9999 -9999 -9999 -9999 -9999 -9999 -9999 -9999 -9999 -9999 -9999 -9999 -9999 -9999
52.0 53.0 53.0 53.0 53.0 53.0 -9999 -9999 -9999 -9999 -9999 56.0 51.0 51.0 51.0 50.0 49.0 48.0 48.0 48.0 48.0 47.0 48.0 48.0 47.0 47.0 47.0 47.0 47.0 47.0 47.0 46.0 48.0 48.0 46.0 46.0 46.0 46.0 46.0 47.0 46.0 46.0 45.0 45.0 45.0 45.0 45.0 46.0 46.0 46.0 46.0 47.0 47.0 47.0 47.0 48.0 49.0 51.0 51.0 51.0 51.0 51.0 52.0 52.0 53.0 53.0 55.0 58.0 58.0 -9999 -9999 -9999 -9999 -9999 -9999 -9999 -9999 -9999 -9999 -9999
54.0 54.0 54.0 54.0 54.0 60.0 -9999 -9999 -9999 -9999 -9999 -9999 52.0 52.0 52.0 51.0 50.0 50.0 50.0 49.0 49.0 48.0 49.0 49.0 49.0 48.0 48.0 48.0 48.0 48.0 48.0 47.0 49.0 49.0 46.0 47.0 47.0 47.0 47.0 47.0 47.0 47.0 46.0 46.0 46.0 46.0 46.0 47.0 47.0 47.0 47.0 48.0 48.0 48.0 49.0 49.0 50.0 51.0 51.0 51.0 51.0 52.0 53.0 53.0 54.0 55.0 56.0 58.0 58.0 -9999 -9999 -9999 -9999 -9999 -9999 -9999 -9999 -9999 -9999 -9999
55.0 55.0 55.0 55.0 55.0 56.0 -9999 -9999 -9999 -9999 -9999 -9999 60.0 60.0 53.0 52.0 51.0 51.0 51.0 51.0 51.0 51.0 51.0 51.0 50.0 50.0 50.0 49.0 49.0 49.0 48.0 47.0 47.0 47.0 47.0 48.0 49.0 49.0 49.0 48.0 44.0 47.0 47.0 47.0 47.0 48.0 48.0 49.0 49.0 49.0 50.0 49.0 49.0 49.0 48.0 48.0 49.0 52.0 52.0 53.0 54.0 56.0 54.0 54.0 52.0 54.0 55.0 58.0 58.0 58.0 60.0 -9999 -9999 -9999 -9999 -9999 -9999 -9999 -9999 -9999
56.0 56.0 56.0 56.0 57.0 57.0 63.0 57.0 57.0 -9999 -9999 61.0 61.0 61.0 55.0 54.0 53.0 53.0 53.0 52.0 53.0 52.0 52.0 52.0 52.0 51.0 51.0 51.0 51.0 50.0 49.0 48.0 47.0 47.0 48.0 49.0 49.0 48.0 48.0 49.0 45.0 47.0 47.0 47.0 48.0 49.0 49.0 49.0 49.0 49.0 50.0 51.0 52.0 52.0 51.0 52.0 52.0 53.0 53.0 54.0 55.0 54.0 51.0 51.0 52.0 54.0 57.0 57.0 57.0 57.0 58.0 62.0 -9999 -9999 -9999 -9999 -9999 -9999 -9999 -9999
56.0 56.0 56.0 56.0 57.0 57.0 63.0 57.0 57.0 -9999 -9999 61.0 61.0 61.0 55.0 54.0 53.0 53.0 53.0 52.0 53.0 52.0 52.0 52.0 52.0 51.0 51.0 51.0 51.0 50.0 49.0 48.0 47.0 47.0 48.0 49.0 49.0 48.0 48.0 49.0 45.0 47.0 47.0 47.0 48.0 49.0 49.0 49.0 49.0 49.0 50.0 51.0 52.0 52.0 51.0 52.0 52.0 53.0 53.0 54.0 55.0 54.0 51.0 51.0 52.0 54.0 57.0 57.0 57.0 57.0 58.0 62.0 -9999 -9999 -9999 -9999 -9999 -9999 -9999 -9999
58.0 58.0 57.0 57.0 58.0 58.0 64.0 63.0 63.0 61.0 -9999 -9999 -9999 -9999 57.0 56.0 55.0 54.0 54.0 54.0 53.0 52.0 52.0 52.0 50.0 50.0 49.0 49.0 49.0 49.0 48.0 46.0 47.0 47.0 48.0 49.0 49.0 50.0 50.0 49.0 49.0 49.0 48.0 48.0 50.0 51.0 50.0 51.0 51.0 51.0 51.0 50.0 51.0 51.0 52.0 53.0 54.0 53.0 53.0 53.0 54.0 52.0 53.0 53.0 55.0 55.0 56.0 56.0 56.0 58.0 58.0 64.0 -9999 -9999 -9999 -9999 -9999 -9999 -9999 -9999
59.0 59.0 59.0 59.0 59.0 59.0 59.0 65.0 65.0 -9999 -9999 -9999 -9999 -9999 65.0 58.0 56.0 56.0 56.0 54.0 54.0 54.0 54.0 54.0 51.0 51.0 50.0 50.0 50.0 50.0 47.0 46.0 48.0 48.0 47.0 51.0 50.0 51.0 51.0 50.0 50.0 50.0 50.0 50.0 51.0 51.0 50.0 50.0 50.0 51.0 52.0 52.0 53.0 53.0 53.0 54.0 54.0 54.0 54.0 55.0 55.0 54.0 55.0 55.0 55.0 57.0 57.0 57.0 57.0 58.0 58.0 61.0 -9999 -9999 -9999 -9999 -9999 -9999 -9999 -9999
60.0 60.0 60.0 60.0 60.0 60.0 60.0 60.0 60.0 61.0 -9999 67.0 66.0 66.0 60.0 58.0 58.0 58.0 58.0 56.0 56.0 56.0 56.0 56.0 55.0 54.0 53.0 53.0 53.0 53.0 53.0 52.0 52.0 52.0 51.0 52.0 52.0 52.0 52.0 53.0 52.0 50.0 50.0 50.0 52.0 52.0 53.0 53.0 53.0 50.0 51.0 53.0 52.0 52.0 54.0 54.0 57.0 55.0 55.0 56.0 57.0 60.0 61.0 61.0 62.0 62.0 61.0 60.0 60.0 62.0 63.0 67.0 67.0 67.0 -9999 -9999 -9999 -9999 -9999 -9999
62.0 61.0 61.0 61.0 61.0 62.0 62.0 62.0 62.0 62.0 62.0 62.0 62.0 62.0 62.0 61.0 60.0 59.0 59.0 58.0 59.0 58.0 57.0 57.0 57.0 57.0 56.0 56.0 56.0 56.0 55.0 53.0 53.0 53.0 52.0 51.0 52.0 53.0 53.0 54.0 53.0 52.0 50.0 50.0 52.0 52.0 53.0 54.0 54.0 52.0 52.0 54.0 53.0 53.0 56.0 55.0 59.0 59.0 59.0 58.0 59.0 62.0 63.0 63.0 65.0 66.0 66.0 66.0 66.0 68.0 66.0 66.0 -9999 -9999 -9999 -9999 -9999 -9999 -9999 -9999
62.0 61.0 61.0 61.0 61.0 62.0 62.0 62.0 62.0 62.0 62.0 62.0 62.0 62.0 62.0 61.0 60.0 59.0 59.0 58.0 59.0 58.0 57.0 57.0 57.0 57.0 56.0 56.0 56.0 56.0 55.0 53.0 53.0 53.0 52.0 51.0 52.0 53.0 53.0 54.0 53.0 52.0 50.0 50.0 52.0 52.0 53.0 54.0 54.0 52.0 52.0 54.0 53.0 53.0 56.0 55.0 59.0 59.0 59.0 58.0 59.0 62.0 63.0 63.0 65.0 66.0 66.0 66.0 66.0 68.0 66.0 66.0 -9999 -9999 -9999 -9999 -9999 -9999 -9999 -9999
64.0 63.0 63.0 63.0 64.0 64.0 63.0 63.0 63.0 63.0 63.0 63.0 63.0 63.0 63.0 63.0 62.0 60.0 60.0 60.0 60.0 59.0 59.0 59.0 58.0 58.0 58.0 58.0 58.0 57.0 56.0 55.0 55.0 55.0 55.0 54.0 50.0 53.0 53.0 55.0 54.0 54.0 54.0 54.0 54.0 54.0 54.0 55.0 55.0 57.0 59.0 59.0 61.0 61.0 62.0 63.0 63.0 64.0 64.0 64.0 63.0 65.0 66.0 66.0 69.0 -9999 -9999 71.0 71.0 65.0 66.0 70.0 -9999 -9999 -9999 -9999 -9999 -9999 -9999 -9999
65.0 64.0 64.0 64.0 65.0 65.0 65.0 65.0 65.0 65.0 64.0 64.0 64.0 64.0 63.0 63.0 62.0 61.0 61.0 61.0 62.0 61.0 61.0 61.0 60.0 60.0 59.0 59.0 59.0 59.0 58.0 56.0 56.0 56.0 56.0 55.0 55.0 56.0 56.0 56.0 56.0 55.0 55.0 55.0 60.0 61.0 62.0 65.0 65.0 66.0 67.0 68.0 68.0 68.0 68.0 68.0 68.0 68.0 68.0 68.0 68.0 69.0 -9999 -9999 -9999 -9999 68.0 67.0 67.0 66.0 69.0 73.0 -9999 -9999 -9999 -9999 -9999 -9999 -9999 -9999
65.0 65.0 65.0 65.0 65.0 64.0 64.0 64.0 64.0 63.0 63.0 65.0 64.0 64.0 64.0 64.0 64.0 63.0 63.0 63.0 63.0 63.0 62.0 62.0 61.0 60.0 63.0 64.0 64.0 64.0 64.0 60.0 60.0 60.0 60.0 59.0 58.0 58.0 58.0 59.0 59.0 58.0 63.0 63.0 69.0 -9999 -9999 -9999 -9999 -9999 70.0 70.0 70.0 70.0 67.0 -9999 -9999 -9999 -9999 -9999 -9999 -9999 -9999 -9999 -9999 71.0 69.0 65.0 65.0 69.0 70.0 73.0 76.0 76.0 76.0 76.0 -9999 -9999 -9999 -9999
65.0 65.0 65.0 65.0 66.0 66.0 65.0 65.0 65.0 65.0 64.0 66.0 66.0 66.0 65.0 64.0 65.0 65.0 65.0 64.0 65.0 64.0 64.0 64.0 63.0 63.0 66.0 65.0 65.0 66.0 66.0 63.0 60.0 60.0 60.0 60.0 60.0 61.0 61.0 64.0 65.0 66.0 66.0 66.0 64.0 55.0 65.0 66.0 66.0 63.0 71.0 73.0 72.0 72.0 72.0 73.0 73.0 -9999 -9999 -9999 -9999 -9999 -9999 -9999 -9999 73.0 69.0 69.0 69.0 68.0 71.0 72.0 76.0 76.0 76.0 75.0 75.0 -9999 -9999 -9999
65.0 65.0 65.0 65.0 66.0 66.0 65.0 65.0 65.0 65.0 64.0 66.0 66.0 66.0 65.0 64.0 65.0 65.0 65.0 64.0 65.0 64.0 64.0 64.0 63.0 63.0 66.0 65.0 65.0 66.0 66.0 63.0 60.0 60.0 60.0 60.0 60.0 61.0 61.0 64.0 65.0 66.0 66.0 66.0 64.0 55.0 65.0 66.0 66.0 63.0 71.0 73.0 72.0 72.0 72.0 73.0 73.0 -9999 -9999 -9999 -9999 -9999 -9999 -9999 -9999 73.0 69.0 69.0 69.0 68.0 71.0 72.0 76.0 76.0 76.0 75.0 75.0 -9999 -9999 -9999
66.0 66.0 67.0 67.0 67.0 67.0 67.0 67.0 67.0 67.0 67.0 67.0 66.0 66.0 66.0 66.0 66.0 66.0 66.0 65.0 65.0 64.0 64.0 64.0 64.0 64.0 63.0 63.0 63.0 66.0 69.0 68.0 64.0 64.0 64.0 61.0 63.0 68.0 68.0 68.0 67.0 69.0 66.0 66.0 62.0 61.0 60.0 62.0 62.0 67.0 72.0 -9999 -9999 -9999 -9999 -9999 -9999 -9999 -9999 -9999 -9999 -9999 72.0 72.0 72.0 71.0 67.0 67.0 67.0 69.0 70.0 73.0 74.0 74.0 74.0 77.0 77.0 79.0 79.0 -9999
68.0 67.0 67.0 67.0 68.0 68.0 68.0 68.0 68.0 68.0 68.0 68.0 68.0 68.0 68.0 68.0 67.0 67.0 67.0 66.0 65.0 66.0 66.0 66.0 66.0 66.0 65.0 66.0 66.0 66.0 68.0 66.0 66.0 66.0 65.0 63.0 69.0 69.0 69.0 70.0 67.0 66.0 67.0 67.0 66.0 68.0 71.0 69.0 69.0 73.0 72.0 -9999 -9999 -9999 -9999 -9999 -9999 -9999 -9999 -9999 -9999 -9999 71.0 71.0 77.0 73.0 69.0 69.0 69.0 71.0 72.0 74.0 75.0 75.0 75.0 76.0 79.0 80.0 80.0 82.0
71.0 70.0 70.0 70.0 71.0 71.0 68.0 68.0 68.0 70.0 72.0 74.0 73.0 73.0 70.0 70.0 70.0 70.0 70.0 69.0 70.0 70.0 71.0 71.0 71.0 70.0 68.0 70.0 70.0 70.0 69.0 66.0 66.0 66.0 60.0 69.0 73.0 71.0 71.0 70.0 68.0 68.0 69.0 69.0 69.0 69.0 74.0 75.0 75.0 77.0 -9999 -9999 -9999 -9999 -9999 -9999 79.0 80.0 80.0 -9999 -9999 -9999 77.0 77.0 75.0 76.0 75.0 75.0 75.0 75.0 76.0 77.0 78.0 78.0 78.0 79.0 79.0 80.0 80.0 83.0
74.0 72.0 72.0 72.0 72.0 73.0 70.0 70.0 70.0 72.0 73.0 73.0 75.0 75.0 73.0 72.0 72.0 72.0 72.0 72.0 72.0 72.0 73.0 73.0 73.0 73.0 72.0 71.0 71.0 70.0 72.0 66.0 66.0 66.0 68.0 74.0 71.0 71.0 71.0 71.0 72.0 72.0 71.0 71.0 70.0 70.0 75.0 77.0 77.0 79.0 -9999 -9999 -9999 -9999 -9999 80.0 81.0 -9999 -9999 74.0 77.0 -9999 -9999 -9999 -9999 -9999 -9999 -9999 -9999 -9999 84.0 83.0 81.0 81.0 83.0 84.0 80.0 80.0 80.0 81.0
74.0 72.0 72.0 72.0 72.0 73.0 70.0 70.0 70.0 72.0 73.0 73.0 75.0 75.0 73.0 72.0 72.0 72.0 72.0 72.0 72.0 72.0 73.0 73.0 73.0 73.0 72.0 71.0 71.0 70.0 72.0 66.0 66.0 66.0 68.0 74.0 71.0 71.0 71.0 71.0 72.0 72.0 71.0 71.0 70.0 70.0 75.0 77.0 77.0 79.0 -9999 -9999 -9999 -9999 -9999 80.0 81.0 -9999 -9999 74.0 77.0 -9999 -9999 -9999 -9999 -9999 -9999 -9999 -9999 -9999 84.0 83.0 81.0 81.0 83.0 84.0 80.0 80.0 80.0 81.0
76.0 75.0 76.0 76.0 75.0 74.0 75.0 75.0 75.0 75.0 76.0 75.0 77.0 77.0 75.0 74.0 74.0 74.0 74.0 75.0 75.0 76.0 76.0 76.0 76.0 75.0 75.0 74.0 74.0 73.0 74.0 73.0 73.0 73.0 73.0 71.0 73.0 72.0 72.0 73.0 74.0 75.0 73.0 73.0 72.0 75.0 77.0 78.0 78.0 82.0 83.0 81.0 81.0 81.0 -9999 -9999 -9999 80.0 80.0 79.0 77.0 -9999 -9999 -9999 -9999 -9999 -9999 -9999 -9999 -9999 87.0 86.0 86.0 86.0 -9999 85.0 87.0 83.0 83.0 90.0
80.0 81.0 81.0 81.0 81.0 81.0 80.0 80.0 80.0 80.0 80.0 80.0 79.0 79.0 78.0 77.0 78.0 78.0 78.0 77.0 78.0 80.0 78.0 78.0 76.0 75.0 77.0 77.0 77.0 77.0 77.0 75.0 73.0 73.0 73.0 74.0 73.0 74.0 74.0 74.0 75.0 77.0 75.0 75.0 76.0 77.0 78.0 80.0 80.0 82.0 84.0 85.0 85.0 85.0 85.0 84.0 84.0 85.0 85.0 82.0 85.0 86.0 -9999 -9999 -9999 -9999 -9999 -9999 -9999 -9999 -9999 -9999 -9999 -9999 -9999 -9999 -9999 92.0 92.0 -9999
84.0 86.0 85.0 85.0 85.0 85.0 84.0 84.0 84.0 84.0 83.0 81.0 79.0 79.0 77.0 77.0 80.0 81.0 81.0 81.0 80.0 80.0 80.0 80.0 81.0 81.0 82.0 82.0 82.0 81.0 79.0 75.0 74.0 74.0 74.0 73.0 76.0 75.0 75.0 77.0 79.0 79.0 79.0 79.0 78.0 78.0 79.0 79.0 79.0 83.0 84.0 85.0 85.0 85.0 87.0 87.0 88.0 87.0 87.0 88.0 88.0 88.0 -9999 -9999 -9999 -9999 -9999 -9999 -9999 -9999 -9999 -9999 -9999 -9999 -9999 -9999 -9999 -9999 -9999 -9999
82.0 83.0 88.0 88.0 90.0 89.0 87.0 87.0 87.0 88.0 86.0 85.0 82.0 82.0 81.0 79.0 81.0 82.0 82.0 83.0 84.0 83.0 82.0 82.0 83.0 83.0 83.0 83.0 83.0 80.0 80.0 78.0 75.0 75.0 73.0 74.0 76.0 77.0 77.0 80.0 80.0 81.0 81.0 81.0 80.0 81.0 82.0 81.0 81.0 86.0 87.0 87.0 86.0 86.0 86.0 87.0 89.0 88.0 88.0 90.0 -9999 -9999 -9999 -9999 -9999 -9999 -9999 -9999 -9999 -9999 -9999 -9999 -9999 -9999 -9999 -9999 -9999 -9999 -9999 -9999
82.0 83.0 88.0 88.0 90.0 89.0 87.0 87.0 87.0 88.0 86.0 85.0 82.0 82.0 81.0 79.0 81.0 82.0 82.0 83.0 84.0 83.0 82.0 82.0 83.0 83.0 83.0 83.0 83.0 80.0 80.0 78.0 75.0 75.0 73.0 74.0 76.0 77.0 77.0 80.0 80.0 81.0 81.0 81.0 80.0 81.0 82.0 81.0 81.0 86.0 87.0 87.0 86.0 86.0 86.0 87.0 89.0 88.0 88.0 90.0 -9999 -9999 -9999 -9999 -9999 -9999 -9999 -9999 -9999 -9999 -9999 -9999 -9999 -9999 -9999 -9999 -9999 -9999 -9999 -9999
