KEPLER/4.2/binaries/lib/outreach-2.3.0/workflows/data/garp/NA_ASC/vap6190_ann.asc
nrows  200
ncols  400
xllcorner  -179.99962860149
yllcorner  6.7208489478326
cellsize  0.4
NODATA_value  -9999
[rows 105 to 139 of 200, columns 160 to 239 of 400]
58.0 48.0 48.0 42.0 42.0 44.0 45.0 45.0 44.0 44.0 44.0 43.0 43.0 43.0 41.0 38.0 35.0 35.0 51.0 62.0 63.0 47.0 47.0 51.0 59.0 64.0 66.0 66.0 66.0 68.0 68.0 71.0 74.0 74.0 74.0 75.0 77.0 78.0 78.0 78.0 78.0 80.0 81.0 81.0 84.0 86.0 84.0 82.0 82.0 83.0 84.0 84.0 85.0 85.0 85.0 85.0 85.0 85.0 85.0 86.0 86.0 87.0 87.0 87.0 85.0 83.0 83.0 83.0 83.0 84.0 84.0 85.0 90.0 90.0 95.0 90.0 84.0 83.0 83.0 81.0
56.0 49.0 49.0 39.0 35.0 39.0 39.0 39.0 39.0 44.0 51.0 50.0 50.0 48.0 39.0 34.0 29.0 29.0 41.0 54.0 63.0 62.0 62.0 38.0 56.0 64.0 65.0 65.0 67.0 67.0 59.0 59.0 73.0 73.0 77.0 77.0 77.0 78.0 78.0 79.0 80.0 82.0 83.0 83.0 84.0 87.0 86.0 84.0 84.0 85.0 85.0 86.0 88.0 88.0 88.0 88.0 88.0 88.0 88.0 87.0 88.0 90.0 90.0 90.0 89.0 88.0 86.0 85.0 85.0 87.0 86.0 86.0 95.0 95.0 96.0 87.0 85.0 83.0 83.0 84.0
64.0 57.0 57.0 44.0 36.0 37.0 40.0 40.0 50.0 58.0 59.0 57.0 57.0 49.0 39.0 34.0 30.0 30.0 30.0 47.0 61.0 60.0 60.0 50.0 58.0 64.0 62.0 62.0 64.0 67.0 68.0 60.0 72.0 72.0 77.0 77.0 79.0 79.0 79.0 80.0 82.0 84.0 85.0 85.0 86.0 88.0 89.0 87.0 87.0 87.0 87.0 87.0 88.0 88.0 89.0 90.0 90.0 89.0 89.0 89.0 90.0 92.0 94.0 94.0 91.0 89.0 89.0 89.0 89.0 88.0 87.0 89.0 96.0 96.0 96.0 89.0 88.0 88.0 88.0 89.0
69.0 64.0 64.0 55.0 55.0 58.0 58.0 58.0 57.0 61.0 60.0 50.0 50.0 47.0 40.0 35.0 25.0 25.0 41.0 55.0 59.0 56.0 56.0 50.0 58.0 61.0 61.0 61.0 66.0 69.0 71.0 74.0 76.0 76.0 77.0 75.0 76.0 77.0 77.0 78.0 80.0 82.0 85.0 85.0 88.0 89.0 91.0 90.0 90.0 91.0 91.0 90.0 91.0 91.0 91.0 92.0 92.0 92.0 92.0 93.0 93.0 93.0 94.0 94.0 93.0 92.0 90.0 90.0 90.0 90.0 89.0 97.0 98.0 98.0 98.0 92.0 91.0 91.0 91.0 92.0
69.0 64.0 64.0 55.0 55.0 58.0 58.0 58.0 57.0 61.0 60.0 50.0 50.0 47.0 40.0 35.0 25.0 25.0 41.0 55.0 59.0 56.0 56.0 50.0 58.0 61.0 61.0 61.0 66.0 69.0 71.0 74.0 76.0 76.0 77.0 75.0 76.0 77.0 77.0 78.0 80.0 82.0 85.0 85.0 88.0 89.0 91.0 90.0 90.0 91.0 91.0 90.0 91.0 91.0 91.0 92.0 92.0 92.0 92.0 93.0 93.0 93.0 94.0 94.0 93.0 92.0 90.0 90.0 90.0 90.0 89.0 97.0 98.0 98.0 98.0 92.0 91.0 91.0 91.0 92.0
58.0 67.0 67.0 68.0 69.0 66.0 64.0 64.0 62.0 60.0 55.0 52.0 52.0 45.0 38.0 42.0 41.0 41.0 28.0 44.0 54.0 51.0 51.0 51.0 58.0 55.0 58.0 58.0 64.0 65.0 67.0 72.0 75.0 75.0 75.0 75.0 76.0 77.0 77.0 78.0 80.0 83.0 86.0 86.0 88.0 91.0 91.0 93.0 93.0 95.0 94.0 94.0 94.0 94.0 94.0 95.0 95.0 95.0 95.0 96.0 96.0 96.0 95.0 95.0 95.0 94.0 93.0 93.0 93.0 92.0 92.0 94.0 101.0 101.0 101.0 95.0 94.0 94.0 94.0 94.0
50.0 54.0 54.0 56.0 56.0 54.0 56.0 56.0 58.0 56.0 58.0 53.0 53.0 50.0 40.0 44.0 47.0 47.0 46.0 43.0 48.0 48.0 48.0 50.0 51.0 50.0 46.0 46.0 61.0 69.0 72.0 72.0 74.0 74.0 76.0 75.0 75.0 77.0 77.0 79.0 81.0 83.0 86.0 86.0 88.0 91.0 91.0 93.0 93.0 96.0 98.0 97.0 96.0 96.0 97.0 98.0 98.0 98.0 98.0 98.0 99.0 99.0 97.0 97.0 97.0 98.0 96.0 96.0 96.0 95.0 95.0 97.0 103.0 103.0 103.0 97.0 96.0 96.0 96.0 95.0
49.0 41.0 41.0 41.0 49.0 51.0 53.0 53.0 60.0 65.0 65.0 55.0 55.0 47.0 46.0 49.0 51.0 51.0 48.0 49.0 50.0 49.0 49.0 47.0 49.0 49.0 51.0 51.0 56.0 66.0 73.0 75.0 78.0 78.0 77.0 78.0 78.0 80.0 80.0 81.0 84.0 86.0 88.0 88.0 90.0 92.0 94.0 96.0 96.0 98.0 100.0 100.0 99.0 99.0 99.0 101.0 101.0 101.0 101.0 101.0 102.0 102.0 101.0 101.0 101.0 101.0 100.0 99.0 99.0 99.0 99.0 99.0 103.0 103.0 99.0 99.0 98.0 98.0 98.0 97.0
44.0 46.0 46.0 49.0 49.0 55.0 66.0 66.0 68.0 69.0 70.0 56.0 56.0 47.0 44.0 45.0 50.0 50.0 46.0 44.0 50.0 50.0 50.0 41.0 42.0 36.0 47.0 47.0 49.0 61.0 67.0 71.0 76.0 76.0 79.0 82.0 83.0 84.0 84.0 85.0 86.0 88.0 91.0 91.0 94.0 96.0 98.0 99.0 99.0 101.0 103.0 103.0 102.0 102.0 102.0 102.0 103.0 104.0 104.0 104.0 104.0 105.0 105.0 105.0 104.0 103.0 103.0 103.0 103.0 103.0 103.0 103.0 103.0 103.0 102.0 101.0 101.0 101.0 101.0 101.0
44.0 46.0 46.0 49.0 49.0 55.0 66.0 66.0 68.0 69.0 70.0 56.0 56.0 47.0 44.0 45.0 50.0 50.0 46.0 44.0 50.0 50.0 50.0 41.0 42.0 36.0 47.0 47.0 49.0 61.0 67.0 71.0 76.0 76.0 79.0 82.0 83.0 84.0 84.0 85.0 86.0 88.0 91.0 91.0 94.0 96.0 98.0 99.0 99.0 101.0 103.0 103.0 102.0 102.0 102.0 102.0 103.0 104.0 104.0 104.0 104.0 105.0 105.0 105.0 104.0 103.0 103.0 103.0 103.0 103.0 103.0 103.0 103.0 103.0 102.0 101.0 101.0 101.0 101.0 101.0
51.0 50.0 50.0 42.0 50.0 56.0 67.0 67.0 69.0 67.0 68.0 56.0 56.0 44.0 24.0 22.0 35.0 35.0 50.0 48.0 55.0 52.0 52.0 42.0 36.0 36.0 34.0 34.0 57.0 69.0 71.0 75.0 79.0 79.0 81.0 83.0 86.0 87.0 87.0 89.0 90.0 92.0 95.0 95.0 96.0 99.0 100.0 102.0 102.0 104.0 105.0 106.0 106.0 106.0 105.0 105.0 105.0 105.0 105.0 107.0 107.0 108.0 107.0 107.0 107.0 106.0 107.0 106.0 106.0 105.0 105.0 106.0 105.0 105.0 106.0 105.0 104.0 103.0 103.0 103.0
49.0 45.0 45.0 45.0 47.0 53.0 65.0 65.0 68.0 61.0 58.0 63.0 63.0 41.0 44.0 55.0 63.0 63.0 60.0 53.0 53.0 47.0 47.0 38.0 34.0 36.0 29.0 29.0 60.0 74.0 76.0 78.0 79.0 79.0 81.0 85.0 89.0 91.0 91.0 93.0 95.0 97.0 98.0 98.0 100.0 102.0 104.0 105.0 105.0 106.0 107.0 109.0 109.0 109.0 109.0 109.0 109.0 109.0 109.0 109.0 109.0 111.0 110.0 110.0 110.0 111.0 110.0 109.0 109.0 109.0 109.0 109.0 109.0 109.0 108.0 107.0 107.0 105.0 105.0 104.0
45.0 46.0 46.0 47.0 40.0 47.0 54.0 54.0 63.0 62.0 54.0 49.0 49.0 39.0 44.0 46.0 57.0 57.0 58.0 46.0 48.0 42.0 42.0 29.0 36.0 26.0 21.0 21.0 54.0 66.0 68.0 75.0 76.0 76.0 81.0 86.0 90.0 91.0 91.0 95.0 97.0 100.0 103.0 103.0 105.0 106.0 108.0 109.0 109.0 110.0 110.0 111.0 112.0 112.0 113.0 112.0 114.0 114.0 114.0 113.0 113.0 114.0 115.0 115.0 115.0 115.0 114.0 113.0 113.0 113.0 112.0 112.0 113.0 113.0 112.0 112.0 110.0 108.0 108.0 107.0
41.0 48.0 48.0 45.0 38.0 40.0 55.0 55.0 56.0 64.0 59.0 53.0 53.0 40.0 56.0 60.0 49.0 49.0 57.0 58.0 50.0 39.0 39.0 32.0 20.0 20.0 28.0 28.0 43.0 60.0 66.0 70.0 75.0 75.0 80.0 85.0 89.0 93.0 93.0 96.0 99.0 103.0 105.0 105.0 108.0 110.0 111.0 112.0 112.0 113.0 114.0 115.0 115.0 115.0 116.0 116.0 117.0 117.0 117.0 117.0 116.0 117.0 117.0 117.0 118.0 119.0 117.0 117.0 117.0 116.0 117.0 117.0 117.0 117.0 115.0 115.0 114.0 112.0 112.0 112.0
41.0 48.0 48.0 45.0 38.0 40.0 55.0 55.0 56.0 64.0 59.0 53.0 53.0 40.0 56.0 60.0 49.0 49.0 57.0 58.0 50.0 39.0 39.0 32.0 20.0 20.0 28.0 28.0 43.0 60.0 66.0 70.0 75.0 75.0 80.0 85.0 89.0 93.0 93.0 96.0 99.0 103.0 105.0 105.0 108.0 110.0 111.0 112.0 112.0 113.0 114.0 115.0 115.0 115.0 116.0 116.0 117.0 117.0 117.0 117.0 116.0 117.0 117.0 117.0 118.0 119.0 117.0 117.0 117.0 116.0 117.0 117.0 117.0 117.0 115.0 115.0 114.0 112.0 112.0 112.0
41.0 48.0 48.0 44.0 43.0 44.0 46.0 46.0 56.0 56.0 42.0 36.0 36.0 48.0 57.0 70.0 64.0 64.0 58.0 45.0 54.0 54.0 54.0 26.0 26.0 26.0 35.0 35.0 40.0 65.0 75.0 74.0 79.0 79.0 83.0 86.0 91.0 96.0 96.0 98.0 101.0 104.0 107.0 107.0 109.0 111.0 114.0 115.0 115.0 114.0 115.0 117.0 118.0 118.0 118.0 118.0 119.0 119.0 119.0 118.0 119.0 120.0 120.0 120.0 122.0 123.0 122.0 121.0 121.0 121.0 120.0 120.0 120.0 120.0 119.0 117.0 118.0 116.0 116.0 116.0
43.0 46.0 46.0 47.0 47.0 44.0 45.0 45.0 50.0 45.0 37.0 32.0 32.0 43.0 60.0 63.0 62.0 62.0 54.0 56.0 49.0 39.0 39.0 27.0 29.0 31.0 41.0 41.0 48.0 71.0 76.0 81.0 84.0 84.0 86.0 90.0 92.0 96.0 96.0 100.0 103.0 107.0 109.0 109.0 111.0 113.0 114.0 115.0 115.0 116.0 118.0 120.0 120.0 120.0 121.0 122.0 122.0 121.0 121.0 121.0 122.0 122.0 122.0 122.0 123.0 125.0 125.0 124.0 124.0 124.0 124.0 123.0 122.0 122.0 121.0 120.0 120.0 119.0 119.0 118.0
46.0 51.0 51.0 50.0 47.0 50.0 48.0 48.0 50.0 44.0 40.0 42.0 42.0 56.0 61.0 60.0 48.0 48.0 60.0 53.0 33.0 26.0 26.0 16.0 24.0 43.0 53.0 53.0 36.0 63.0 73.0 79.0 83.0 83.0 85.0 90.0 95.0 98.0 98.0 102.0 104.0 107.0 110.0 110.0 112.0 115.0 117.0 118.0 118.0 118.0 121.0 123.0 123.0 123.0 124.0 124.0 123.0 122.0 122.0 121.0 122.0 122.0 123.0 123.0 123.0 125.0 128.0 127.0 127.0 126.0 127.0 127.0 126.0 126.0 125.0 123.0 123.0 122.0 122.0 121.0
51.0 53.0 53.0 53.0 56.0 54.0 54.0 54.0 51.0 48.0 48.0 56.0 56.0 59.0 67.0 66.0 66.0 66.0 67.0 62.0 50.0 48.0 48.0 43.0 28.0 36.0 55.0 55.0 43.0 55.0 69.0 72.0 75.0 75.0 83.0 90.0 96.0 100.0 100.0 103.0 107.0 112.0 114.0 114.0 116.0 119.0 121.0 122.0 122.0 122.0 125.0 127.0 127.0 127.0 127.0 126.0 124.0 123.0 123.0 122.0 123.0 124.0 126.0 126.0 127.0 129.0 131.0 131.0 131.0 131.0 129.0 129.0 129.0 129.0 128.0 126.0 125.0 124.0 124.0 123.0
51.0 53.0 53.0 53.0 56.0 54.0 54.0 54.0 51.0 48.0 48.0 56.0 56.0 59.0 67.0 66.0 66.0 66.0 67.0 62.0 50.0 48.0 48.0 43.0 28.0 36.0 55.0 55.0 43.0 55.0 69.0 72.0 75.0 75.0 83.0 90.0 96.0 100.0 100.0 103.0 107.0 112.0 114.0 114.0 116.0 119.0 121.0 122.0 122.0 122.0 125.0 127.0 127.0 127.0 127.0 126.0 124.0 123.0 123.0 122.0 123.0 124.0 126.0 126.0 127.0 129.0 131.0 131.0 131.0 131.0 129.0 129.0 129.0 129.0 128.0 126.0 125.0 124.0 124.0 123.0
66.0 61.0 61.0 52.0 70.0 70.0 59.0 59.0 56.0 56.0 50.0 59.0 59.0 61.0 57.0 51.0 63.0 63.0 52.0 67.0 64.0 69.0 69.0 59.0 48.0 38.0 50.0 50.0 37.0 57.0 59.0 65.0 77.0 77.0 85.0 91.0 97.0 102.0 102.0 106.0 109.0 116.0 119.0 119.0 120.0 123.0 126.0 127.0 127.0 127.0 129.0 131.0 131.0 131.0 130.0 127.0 125.0 127.0 127.0 128.0 129.0 129.0 131.0 131.0 134.0 135.0 135.0 135.0 135.0 133.0 132.0 132.0 131.0 131.0 130.0 130.0 128.0 127.0 127.0 124.0
73.0 52.0 52.0 66.0 68.0 72.0 59.0 59.0 55.0 60.0 57.0 62.0 62.0 62.0 56.0 52.0 57.0 57.0 49.0 59.0 63.0 68.0 68.0 59.0 47.0 54.0 52.0 52.0 41.0 63.0 66.0 72.0 80.0 80.0 87.0 93.0 98.0 103.0 103.0 106.0 109.0 114.0 117.0 117.0 121.0 126.0 128.0 128.0 128.0 131.0 132.0 135.0 134.0 134.0 131.0 130.0 128.0 129.0 129.0 132.0 134.0 135.0 137.0 137.0 138.0 138.0 138.0 138.0 138.0 137.0 135.0 134.0 134.0 134.0 134.0 133.0 131.0 127.0 127.0 125.0
90.0 71.0 71.0 62.0 70.0 68.0 63.0 63.0 68.0 57.0 54.0 54.0 54.0 67.0 64.0 59.0 58.0 58.0 55.0 55.0 57.0 58.0 58.0 59.0 51.0 56.0 47.0 47.0 57.0 67.0 77.0 84.0 86.0 86.0 92.0 96.0 100.0 104.0 104.0 108.0 112.0 116.0 122.0 122.0 123.0 127.0 130.0 132.0 132.0 134.0 136.0 138.0 138.0 138.0 135.0 134.0 133.0 132.0 132.0 133.0 136.0 139.0 142.0 142.0 142.0 141.0 141.0 141.0 141.0 139.0 138.0 137.0 135.0 135.0 136.0 134.0 132.0 128.0 128.0 131.0
90.0 80.0 80.0 72.0 77.0 74.0 64.0 64.0 70.0 63.0 49.0 44.0 44.0 62.0 68.0 66.0 60.0 60.0 59.0 56.0 52.0 52.0 52.0 57.0 64.0 56.0 60.0 60.0 69.0 77.0 84.0 87.0 92.0 92.0 94.0 97.0 102.0 104.0 104.0 110.0 116.0 121.0 124.0 124.0 127.0 130.0 132.0 134.0 134.0 137.0 138.0 140.0 141.0 141.0 142.0 142.0 142.0 143.0 143.0 144.0 143.0 145.0 146.0 146.0 145.0 145.0 144.0 143.0 143.0 142.0 141.0 138.0 137.0 137.0 137.0 136.0 132.0 134.0 134.0 136.0
90.0 80.0 80.0 72.0 77.0 74.0 64.0 64.0 70.0 63.0 49.0 44.0 44.0 62.0 68.0 66.0 60.0 60.0 59.0 56.0 52.0 52.0 52.0 57.0 64.0 56.0 60.0 60.0 69.0 77.0 84.0 87.0 92.0 92.0 94.0 97.0 102.0 104.0 104.0 110.0 116.0 121.0 124.0 124.0 127.0 130.0 132.0 134.0 134.0 137.0 138.0 140.0 141.0 141.0 142.0 142.0 142.0 143.0 143.0 144.0 143.0 145.0 146.0 146.0 145.0 145.0 144.0 143.0 143.0 142.0 141.0 138.0 137.0 137.0 137.0 136.0 132.0 134.0 134.0 136.0
88.0 86.0 86.0 87.0 87.0 87.0 72.0 72.0 65.0 69.0 72.0 74.0 74.0 67.0 64.0 68.0 69.0 69.0 68.0 56.0 51.0 54.0 54.0 64.0 61.0 59.0 63.0 63.0 71.0 81.0 84.0 87.0 91.0 91.0 94.0 99.0 104.0 111.0 111.0 117.0 121.0 126.0 129.0 129.0 130.0 134.0 135.0 138.0 138.0 139.0 142.0 143.0 143.0 143.0 143.0 142.0 143.0 145.0 145.0 147.0 149.0 149.0 150.0 150.0 149.0 149.0 147.0 145.0 145.0 145.0 144.0 142.0 141.0 141.0 140.0 137.0 137.0 138.0 138.0 139.0
89.0 88.0 88.0 96.0 95.0 96.0 86.0 86.0 86.0 78.0 72.0 74.0 74.0 68.0 59.0 64.0 56.0 56.0 57.0 54.0 49.0 53.0 53.0 62.0 61.0 63.0 64.0 64.0 74.0 84.0 90.0 91.0 95.0 95.0 99.0 102.0 106.0 111.0 111.0 119.0 124.0 129.0 133.0 133.0 136.0 139.0 140.0 142.0 142.0 144.0 146.0 148.0 148.0 148.0 148.0 148.0 149.0 151.0 151.0 153.0 153.0 154.0 154.0 154.0 153.0 153.0 151.0 150.0 150.0 149.0 148.0 145.0 144.0 144.0 142.0 141.0 141.0 143.0 143.0 142.0
108.0 102.0 102.0 101.0 104.0 99.0 94.0 94.0 89.0 92.0 94.0 89.0 89.0 82.0 75.0 74.0 61.0 61.0 49.0 56.0 58.0 57.0 57.0 64.0 75.0 76.0 71.0 71.0 73.0 90.0 96.0 94.0 97.0 97.0 101.0 105.0 110.0 114.0 114.0 121.0 125.0 132.0 136.0 136.0 139.0 142.0 143.0 145.0 145.0 148.0 150.0 152.0 153.0 153.0 155.0 156.0 156.0 157.0 157.0 158.0 157.0 157.0 158.0 158.0 158.0 157.0 155.0 154.0 154.0 153.0 152.0 150.0 149.0 149.0 147.0 148.0 145.0 143.0 143.0 143.0
112.0 121.0 121.0 111.0 106.0 100.0 102.0 102.0 102.0 94.0 95.0 96.0 96.0 91.0 79.0 82.0 70.0 70.0 63.0 58.0 55.0 58.0 58.0 74.0 74.0 82.0 64.0 64.0 74.0 93.0 99.0 97.0 100.0 100.0 104.0 108.0 113.0 120.0 120.0 124.0 127.0 133.0 137.0 137.0 141.0 143.0 146.0 149.0 149.0 153.0 154.0 156.0 158.0 158.0 159.0 160.0 161.0 161.0 161.0 162.0 162.0 162.0 162.0 162.0 162.0 161.0 159.0 157.0 157.0 157.0 157.0 156.0 153.0 153.0 153.0 152.0 149.0 149.0 149.0 149.0
112.0 121.0 121.0 111.0 106.0 100.0 102.0 102.0 102.0 94.0 95.0 96.0 96.0 91.0 79.0 82.0 70.0 70.0 63.0 58.0 55.0 58.0 58.0 74.0 74.0 82.0 64.0 64.0 74.0 93.0 99.0 97.0 100.0 100.0 104.0 108.0 113.0 120.0 120.0 124.0 127.0 133.0 137.0 137.0 141.0 143.0 146.0 149.0 149.0 153.0 154.0 156.0 158.0 158.0 159.0 160.0 161.0 161.0 161.0 162.0 162.0 162.0 162.0 162.0 162.0 161.0 159.0 157.0 157.0 157.0 157.0 156.0 153.0 153.0 153.0 152.0 149.0 149.0 149.0 149.0
102.0 120.0 120.0 119.0 115.0 110.0 109.0 109.0 108.0 104.0 100.0 100.0 100.0 99.0 85.0 76.0 83.0 83.0 83.0 76.0 70.0 71.0 71.0 83.0 79.0 89.0 67.0 67.0 79.0 94.0 104.0 102.0 106.0 106.0 111.0 115.0 119.0 123.0 123.0 125.0 130.0 134.0 138.0 138.0 142.0 147.0 149.0 154.0 154.0 157.0 159.0 160.0 162.0 162.0 163.0 165.0 165.0 166.0 166.0 166.0 167.0 167.0 166.0 166.0 166.0 165.0 163.0 161.0 161.0 161.0 162.0 161.0 160.0 160.0 158.0 157.0 155.0 154.0 154.0 155.0
95.0 114.0 114.0 120.0 119.0 115.0 110.0 110.0 109.0 104.0 103.0 98.0 98.0 96.0 87.0 79.0 81.0 81.0 82.0 82.0 82.0 81.0 81.0 83.0 84.0 86.0 91.0 91.0 92.0 91.0 106.0 108.0 111.0 111.0 114.0 118.0 123.0 126.0 126.0 128.0 128.0 135.0 138.0 138.0 144.0 148.0 153.0 157.0 157.0 161.0 164.0 164.0 165.0 165.0 168.0 169.0 170.0 171.0 171.0 171.0 171.0 171.0 171.0 171.0 170.0 169.0 167.0 166.0 166.0 165.0 165.0 165.0 165.0 165.0 164.0 164.0 162.0 162.0 162.0 162.0
103.0 92.0 92.0 118.0 123.0 119.0 116.0 116.0 112.0 103.0 99.0 87.0 87.0 81.0 77.0 75.0 74.0 74.0 71.0 77.0 81.0 87.0 87.0 89.0 90.0 93.0 89.0 89.0 97.0 95.0 107.0 115.0 118.0 118.0 118.0 121.0 124.0 127.0 127.0 131.0 137.0 140.0 144.0 144.0 147.0 151.0 159.0 162.0 162.0 165.0 167.0 170.0 170.0 170.0 172.0 173.0 175.0 176.0 176.0 176.0 176.0 176.0 175.0 175.0 173.0 173.0 171.0 171.0 171.0 171.0 171.0 170.0 170.0 170.0 169.0 168.0 167.0 168.0 168.0 167.0
124.0 93.0 93.0 107.0 132.0 -9999 133.0 133.0 121.0 113.0 99.0 93.0 93.0 75.0 76.0 69.0 70.0 70.0 79.0 73.0 82.0 87.0 87.0 94.0 95.0 95.0 99.0 99.0 95.0 100.0 105.0 117.0 123.0 123.0 121.0 120.0 127.0 130.0 130.0 134.0 139.0 142.0 147.0 147.0 152.0 155.0 165.0 166.0 166.0 169.0 171.0 175.0 176.0 176.0 178.0 179.0 179.0 180.0 180.0 180.0 181.0 181.0 179.0 179.0 177.0 176.0 177.0 176.0 176.0 176.0 175.0 176.0 175.0 175.0 174.0 174.0 174.0 174.0 174.0 174.0
124.0 93.0 93.0 107.0 132.0 -9999 133.0 133.0 121.0 113.0 99.0 93.0 93.0 75.0 76.0 69.0 70.0 70.0 79.0 73.0 82.0 87.0 87.0 94.0 95.0 95.0 99.0 99.0 95.0 100.0 105.0 117.0 123.0 123.0 121.0 120.0 127.0 130.0 130.0 134.0 139.0 142.0 147.0 147.0 152.0 155.0 165.0 166.0 166.0 169.0 171.0 175.0 176.0 176.0 178.0 179.0 179.0 180.0 180.0 180.0 181.0 181.0 179.0 179.0 177.0 176.0 177.0 176.0 176.0 176.0 175.0 176.0 175.0 175.0 174.0 174.0 174.0 174.0 174.0 174.0
