KEPLER/4.2/binaries/lib/outreach-2.3.0/workflows/data/garp/NA_ASC/wet6190_ann.asc
nrows  200
ncols  400
xllcorner  -179.99962860149
yllcorner  6.7208489478326
cellsize  0.4
NODATA_value  -9999
[rows 70 to 104 of 200, columns 156 to 233 of 400]
89.0 94.0 94.0 91.0 88.0 90.0 90.0 93.0 94.0 94.0 95.0 95.0 97.0 99.0 101.0 103.0 103.0 106.0 107.0 107.0 108.0 108.0 109.0 111.0 110.0 110.0 110.0 108.0 105.0 101.0 98.0 98.0 103.0 109.0 114.0 117.0 118.0 118.0 116.0 113.0 111.0 110.0 110.0 109.0 108.0 106.0 106.0 106.0 107.0 109.0 111.0 113.0 113.0 113.0 113.0 115.0 116.0 116.0 118.0 119.0 119.0 108.0 108.0 -9999 -9999 -9999 -9999 -9999 -9999 -9999 -9999 -9999 -9999 -9999 -9999 -9999 -9999 -9999
89.0 92.0 92.0 88.0 84.0 84.0 84.0 86.0 89.0 91.0 93.0 93.0 96.0 99.0 100.0 101.0 101.0 103.0 106.0 108.0 109.0 109.0 109.0 111.0 112.0 111.0 111.0 111.0 108.0 106.0 106.0 106.0 108.0 113.0 118.0 123.0 123.0 123.0 117.0 114.0 111.0 110.0 110.0 109.0 108.0 106.0 107.0 107.0 108.0 109.0 112.0 114.0 114.0 116.0 118.0 118.0 120.0 120.0 121.0 122.0 122.0 120.0 120.0 112.0 -9999 -9999 -9999 -9999 -9999 -9999 -9999 -9999 -9999 -9999 -9999 -9999 -9999 -9999
86.0 87.0 87.0 87.0 88.0 90.0 90.0 88.0 90.0 93.0 96.0 96.0 100.0 103.0 104.0 101.0 101.0 102.0 106.0 109.0 111.0 111.0 111.0 111.0 111.0 113.0 113.0 113.0 111.0 109.0 111.0 111.0 113.0 114.0 119.0 121.0 120.0 120.0 116.0 113.0 110.0 110.0 110.0 109.0 107.0 105.0 105.0 105.0 107.0 109.0 112.0 115.0 115.0 118.0 119.0 121.0 123.0 123.0 124.0 125.0 124.0 123.0 123.0 122.0 -9999 -9999 -9999 -9999 -9999 -9999 -9999 -9999 -9999 -9999 -9999 -9999 -9999 -9999
85.0 85.0 85.0 87.0 90.0 92.0 92.0 90.0 92.0 96.0 98.0 98.0 99.0 100.0 99.0 96.0 96.0 102.0 109.0 110.0 109.0 109.0 107.0 108.0 108.0 110.0 110.0 113.0 111.0 110.0 112.0 112.0 112.0 112.0 115.0 117.0 118.0 118.0 114.0 112.0 110.0 111.0 111.0 110.0 106.0 102.0 102.0 102.0 105.0 109.0 113.0 116.0 116.0 119.0 120.0 122.0 124.0 124.0 126.0 126.0 125.0 125.0 125.0 124.0 117.0 117.0 121.0 121.0 121.0 117.0 -9999 -9999 -9999 -9999 -9999 -9999 -9999 -9999
85.0 85.0 85.0 87.0 90.0 92.0 92.0 90.0 92.0 96.0 98.0 98.0 99.0 100.0 99.0 96.0 96.0 102.0 109.0 110.0 109.0 109.0 107.0 108.0 108.0 110.0 110.0 113.0 111.0 110.0 112.0 112.0 112.0 112.0 115.0 117.0 118.0 118.0 114.0 112.0 110.0 111.0 111.0 110.0 106.0 102.0 102.0 102.0 105.0 109.0 113.0 116.0 116.0 119.0 120.0 122.0 124.0 124.0 126.0 126.0 125.0 125.0 125.0 124.0 117.0 117.0 121.0 121.0 121.0 117.0 -9999 -9999 -9999 -9999 -9999 -9999 -9999 -9999
85.0 86.0 86.0 90.0 92.0 93.0 93.0 92.0 95.0 97.0 96.0 96.0 96.0 97.0 98.0 101.0 101.0 108.0 109.0 107.0 105.0 105.0 103.0 102.0 102.0 103.0 103.0 106.0 107.0 108.0 108.0 108.0 107.0 109.0 111.0 114.0 115.0 115.0 114.0 112.0 112.0 112.0 112.0 109.0 102.0 96.0 98.0 98.0 104.0 109.0 114.0 117.0 117.0 119.0 121.0 123.0 125.0 125.0 126.0 127.0 127.0 126.0 126.0 126.0 125.0 125.0 125.0 125.0 125.0 124.0 122.0 121.0 121.0 120.0 120.0 -9999 -9999 -9999
83.0 91.0 91.0 91.0 93.0 94.0 94.0 96.0 98.0 98.0 95.0 95.0 96.0 96.0 99.0 104.0 104.0 110.0 107.0 105.0 101.0 101.0 98.0 96.0 95.0 95.0 95.0 97.0 100.0 103.0 105.0 105.0 104.0 104.0 106.0 110.0 113.0 113.0 113.0 112.0 111.0 109.0 109.0 107.0 101.0 96.0 98.0 98.0 103.0 110.0 115.0 118.0 118.0 119.0 121.0 123.0 125.0 125.0 127.0 127.0 128.0 127.0 127.0 127.0 127.0 127.0 127.0 127.0 128.0 127.0 125.0 124.0 124.0 122.0 121.0 120.0 -9999 -9999
83.0 86.0 86.0 92.0 93.0 97.0 97.0 100.0 103.0 102.0 98.0 98.0 96.0 96.0 99.0 102.0 102.0 104.0 105.0 103.0 100.0 100.0 96.0 89.0 86.0 86.0 86.0 89.0 94.0 97.0 100.0 100.0 101.0 99.0 100.0 104.0 108.0 108.0 108.0 109.0 107.0 106.0 106.0 103.0 100.0 97.0 99.0 99.0 102.0 109.0 114.0 115.0 115.0 118.0 121.0 122.0 124.0 124.0 126.0 128.0 129.0 130.0 130.0 129.0 129.0 128.0 128.0 128.0 129.0 129.0 128.0 127.0 127.0 126.0 125.0 125.0 124.0 124.0
90.0 91.0 91.0 93.0 94.0 97.0 97.0 101.0 105.0 103.0 99.0 99.0 94.0 96.0 97.0 98.0 98.0 99.0 100.0 100.0 96.0 96.0 91.0 85.0 80.0 79.0 79.0 84.0 88.0 93.0 98.0 98.0 102.0 96.0 95.0 98.0 101.0 101.0 102.0 102.0 101.0 102.0 102.0 100.0 100.0 98.0 98.0 98.0 100.0 103.0 106.0 111.0 111.0 116.0 119.0 121.0 124.0 124.0 126.0 128.0 129.0 130.0 130.0 129.0 130.0 128.0 129.0 129.0 129.0 130.0 130.0 129.0 129.0 128.0 127.0 126.0 125.0 125.0
90.0 91.0 91.0 93.0 94.0 97.0 97.0 101.0 105.0 103.0 99.0 99.0 94.0 96.0 97.0 98.0 98.0 99.0 100.0 100.0 96.0 96.0 91.0 85.0 80.0 79.0 79.0 84.0 88.0 93.0 98.0 98.0 102.0 96.0 95.0 98.0 101.0 101.0 102.0 102.0 101.0 102.0 102.0 100.0 100.0 98.0 98.0 98.0 100.0 103.0 106.0 111.0 111.0 116.0 119.0 121.0 124.0 124.0 126.0 128.0 129.0 130.0 130.0 129.0 130.0 128.0 129.0 129.0 129.0 130.0 130.0 129.0 129.0 128.0 127.0 126.0 125.0 125.0
98.0 95.0 95.0 94.0 97.0 101.0 101.0 98.0 95.0 99.0 100.0 100.0 95.0 95.0 93.0 92.0 92.0 91.0 94.0 97.0 93.0 93.0 86.0 82.0 76.0 76.0 76.0 80.0 86.0 91.0 96.0 96.0 98.0 95.0 94.0 92.0 93.0 93.0 93.0 92.0 94.0 96.0 96.0 97.0 98.0 97.0 97.0 97.0 95.0 94.0 98.0 106.0 106.0 112.0 116.0 121.0 124.0 124.0 125.0 128.0 130.0 130.0 130.0 131.0 131.0 131.0 131.0 131.0 132.0 132.0 132.0 131.0 131.0 131.0 129.0 128.0 126.0 126.0
101.0 96.0 96.0 93.0 96.0 99.0 99.0 92.0 83.0 91.0 95.0 95.0 95.0 93.0 87.0 86.0 86.0 86.0 88.0 94.0 88.0 88.0 81.0 76.0 73.0 72.0 72.0 78.0 84.0 89.0 92.0 92.0 93.0 90.0 90.0 88.0 89.0 89.0 88.0 87.0 86.0 89.0 89.0 95.0 96.0 96.0 96.0 96.0 94.0 94.0 99.0 104.0 104.0 109.0 114.0 118.0 123.0 123.0 125.0 128.0 129.0 130.0 130.0 131.0 131.0 131.0 132.0 132.0 133.0 133.0 134.0 133.0 133.0 132.0 131.0 129.0 128.0 128.0
95.0 91.0 91.0 98.0 99.0 95.0 95.0 92.0 87.0 93.0 94.0 94.0 89.0 85.0 85.0 88.0 88.0 87.0 89.0 89.0 87.0 87.0 82.0 78.0 75.0 73.0 73.0 77.0 84.0 89.0 91.0 91.0 90.0 84.0 83.0 85.0 86.0 86.0 85.0 84.0 82.0 89.0 89.0 94.0 95.0 94.0 95.0 95.0 96.0 98.0 101.0 103.0 103.0 107.0 111.0 116.0 121.0 121.0 125.0 128.0 129.0 130.0 130.0 130.0 131.0 132.0 133.0 133.0 134.0 135.0 134.0 134.0 134.0 133.0 132.0 131.0 129.0 129.0
104.0 97.0 97.0 98.0 100.0 96.0 96.0 92.0 88.0 92.0 93.0 93.0 96.0 86.0 84.0 85.0 85.0 88.0 91.0 92.0 89.0 89.0 87.0 84.0 76.0 74.0 74.0 75.0 84.0 90.0 94.0 94.0 92.0 84.0 83.0 83.0 84.0 84.0 87.0 90.0 84.0 86.0 86.0 90.0 88.0 92.0 93.0 93.0 93.0 95.0 98.0 99.0 99.0 104.0 108.0 113.0 118.0 118.0 122.0 125.0 126.0 128.0 128.0 129.0 130.0 131.0 132.0 132.0 133.0 134.0 133.0 133.0 133.0 134.0 133.0 133.0 131.0 131.0
104.0 97.0 97.0 98.0 100.0 96.0 96.0 92.0 88.0 92.0 93.0 93.0 96.0 86.0 84.0 85.0 85.0 88.0 91.0 92.0 89.0 89.0 87.0 84.0 76.0 74.0 74.0 75.0 84.0 90.0 94.0 94.0 92.0 84.0 83.0 83.0 84.0 84.0 87.0 90.0 84.0 86.0 86.0 90.0 88.0 92.0 93.0 93.0 93.0 95.0 98.0 99.0 99.0 104.0 108.0 113.0 118.0 118.0 122.0 125.0 126.0 128.0 128.0 129.0 130.0 131.0 132.0 132.0 133.0 134.0 133.0 133.0 133.0 134.0 133.0 133.0 131.0 131.0
128.0 132.0 132.0 115.0 101.0 96.0 96.0 95.0 98.0 90.0 91.0 91.0 92.0 84.0 80.0 81.0 81.0 85.0 84.0 84.0 82.0 82.0 82.0 84.0 85.0 74.0 74.0 68.0 77.0 80.0 84.0 84.0 84.0 81.0 78.0 78.0 81.0 81.0 85.0 89.0 89.0 88.0 88.0 88.0 88.0 87.0 88.0 88.0 87.0 92.0 95.0 98.0 98.0 99.0 104.0 109.0 114.0 114.0 119.0 122.0 124.0 127.0 127.0 127.0 128.0 132.0 133.0 133.0 133.0 133.0 134.0 135.0 135.0 135.0 135.0 135.0 135.0 135.0
148.0 148.0 148.0 141.0 117.0 109.0 109.0 96.0 94.0 96.0 92.0 92.0 83.0 74.0 72.0 77.0 77.0 82.0 75.0 72.0 72.0 72.0 71.0 78.0 81.0 73.0 73.0 68.0 76.0 75.0 74.0 74.0 75.0 75.0 76.0 78.0 81.0 81.0 84.0 86.0 86.0 83.0 83.0 86.0 86.0 84.0 82.0 82.0 81.0 83.0 93.0 95.0 95.0 94.0 100.0 106.0 111.0 111.0 115.0 119.0 121.0 124.0 124.0 124.0 126.0 130.0 131.0 131.0 131.0 132.0 133.0 134.0 134.0 135.0 135.0 135.0 134.0 134.0
164.0 153.0 153.0 146.0 140.0 127.0 127.0 109.0 92.0 86.0 82.0 82.0 72.0 65.0 62.0 69.0 69.0 69.0 65.0 64.0 68.0 68.0 68.0 71.0 72.0 66.0 66.0 66.0 70.0 71.0 69.0 69.0 69.0 73.0 82.0 80.0 79.0 79.0 84.0 85.0 82.0 84.0 84.0 87.0 91.0 80.0 76.0 76.0 76.0 79.0 81.0 84.0 84.0 89.0 97.0 105.0 110.0 110.0 114.0 117.0 118.0 119.0 119.0 124.0 126.0 126.0 128.0 128.0 129.0 129.0 132.0 133.0 133.0 134.0 134.0 134.0 132.0 132.0
173.0 165.0 165.0 147.0 139.0 133.0 133.0 116.0 94.0 87.0 78.0 78.0 70.0 66.0 64.0 65.0 65.0 63.0 61.0 59.0 65.0 65.0 69.0 70.0 67.0 64.0 64.0 68.0 68.0 67.0 66.0 66.0 67.0 74.0 75.0 79.0 81.0 81.0 87.0 87.0 80.0 83.0 83.0 86.0 89.0 79.0 74.0 74.0 76.0 77.0 78.0 81.0 81.0 86.0 92.0 102.0 107.0 107.0 110.0 113.0 115.0 116.0 116.0 119.0 123.0 124.0 125.0 125.0 126.0 128.0 130.0 132.0 132.0 133.0 132.0 132.0 130.0 130.0
173.0 165.0 165.0 147.0 139.0 133.0 133.0 116.0 94.0 87.0 78.0 78.0 70.0 66.0 64.0 65.0 65.0 63.0 61.0 59.0 65.0 65.0 69.0 70.0 67.0 64.0 64.0 68.0 68.0 67.0 66.0 66.0 67.0 74.0 75.0 79.0 81.0 81.0 87.0 87.0 80.0 83.0 83.0 86.0 89.0 79.0 74.0 74.0 76.0 77.0 78.0 81.0 81.0 86.0 92.0 102.0 107.0 107.0 110.0 113.0 115.0 116.0 116.0 119.0 123.0 124.0 125.0 125.0 126.0 128.0 130.0 132.0 132.0 133.0 132.0 132.0 130.0 130.0
163.0 159.0 159.0 146.0 125.0 126.0 126.0 126.0 107.0 81.0 68.0 68.0 66.0 68.0 67.0 62.0 62.0 63.0 63.0 59.0 64.0 64.0 66.0 63.0 61.0 65.0 65.0 66.0 66.0 67.0 66.0 66.0 66.0 71.0 74.0 76.0 78.0 78.0 82.0 81.0 78.0 80.0 80.0 84.0 83.0 81.0 74.0 74.0 78.0 78.0 77.0 82.0 82.0 92.0 84.0 93.0 100.0 100.0 105.0 109.0 112.0 111.0 111.0 116.0 121.0 123.0 124.0 124.0 126.0 127.0 127.0 129.0 129.0 130.0 130.0 129.0 128.0 128.0
154.0 150.0 150.0 144.0 139.0 115.0 115.0 125.0 113.0 87.0 66.0 66.0 64.0 68.0 71.0 68.0 68.0 69.0 68.0 64.0 62.0 62.0 62.0 63.0 64.0 75.0 75.0 70.0 65.0 66.0 69.0 69.0 69.0 71.0 72.0 74.0 76.0 76.0 79.0 79.0 74.0 77.0 77.0 77.0 76.0 77.0 75.0 75.0 79.0 85.0 82.0 79.0 79.0 78.0 81.0 86.0 94.0 94.0 102.0 107.0 109.0 109.0 109.0 113.0 118.0 122.0 120.0 120.0 120.0 121.0 122.0 125.0 125.0 127.0 126.0 126.0 126.0 126.0
148.0 147.0 147.0 147.0 137.0 114.0 114.0 125.0 113.0 89.0 69.0 69.0 66.0 75.0 71.0 66.0 66.0 65.0 69.0 66.0 63.0 63.0 64.0 65.0 66.0 68.0 68.0 67.0 65.0 65.0 64.0 64.0 64.0 67.0 69.0 73.0 74.0 74.0 74.0 70.0 68.0 69.0 69.0 70.0 73.0 75.0 76.0 76.0 79.0 84.0 84.0 82.0 82.0 79.0 81.0 85.0 92.0 92.0 101.0 108.0 107.0 108.0 108.0 111.0 112.0 114.0 114.0 114.0 115.0 116.0 117.0 119.0 119.0 119.0 119.0 121.0 123.0 123.0
134.0 136.0 136.0 139.0 131.0 117.0 117.0 114.0 114.0 103.0 80.0 80.0 69.0 70.0 68.0 63.0 63.0 63.0 67.0 64.0 58.0 58.0 58.0 58.0 61.0 63.0 63.0 62.0 62.0 63.0 63.0 63.0 64.0 67.0 71.0 72.0 74.0 74.0 74.0 65.0 63.0 67.0 67.0 68.0 71.0 74.0 81.0 81.0 87.0 84.0 87.0 80.0 80.0 78.0 81.0 83.0 91.0 91.0 99.0 106.0 108.0 109.0 109.0 110.0 111.0 111.0 109.0 109.0 110.0 111.0 113.0 115.0 115.0 114.0 116.0 116.0 116.0 116.0
134.0 136.0 136.0 139.0 131.0 117.0 117.0 114.0 114.0 103.0 80.0 80.0 69.0 70.0 68.0 63.0 63.0 63.0 67.0 64.0 58.0 58.0 58.0 58.0 61.0 63.0 63.0 62.0 62.0 63.0 63.0 63.0 64.0 67.0 71.0 72.0 74.0 74.0 74.0 65.0 63.0 67.0 67.0 68.0 71.0 74.0 81.0 81.0 87.0 84.0 87.0 80.0 80.0 78.0 81.0 83.0 91.0 91.0 99.0 106.0 108.0 109.0 109.0 110.0 111.0 111.0 109.0 109.0 110.0 111.0 113.0 115.0 115.0 114.0 116.0 116.0 116.0 116.0
116.0 123.0 123.0 130.0 122.0 115.0 115.0 109.0 112.0 109.0 100.0 100.0 76.0 71.0 69.0 66.0 66.0 67.0 67.0 63.0 59.0 59.0 58.0 58.0 59.0 61.0 61.0 61.0 64.0 66.0 66.0 66.0 67.0 69.0 72.0 74.0 77.0 77.0 75.0 70.0 66.0 67.0 67.0 67.0 72.0 77.0 81.0 81.0 85.0 86.0 84.0 81.0 81.0 80.0 81.0 85.0 91.0 91.0 98.0 105.0 108.0 110.0 110.0 112.0 114.0 116.0 113.0 113.0 110.0 109.0 110.0 112.0 112.0 110.0 108.0 115.0 109.0 109.0
104.0 111.0 111.0 114.0 116.0 115.0 115.0 110.0 111.0 108.0 100.0 100.0 89.0 80.0 75.0 71.0 71.0 71.0 69.0 65.0 65.0 65.0 64.0 61.0 61.0 63.0 63.0 65.0 68.0 68.0 68.0 68.0 69.0 70.0 73.0 75.0 76.0 76.0 75.0 72.0 70.0 70.0 70.0 70.0 73.0 77.0 80.0 80.0 83.0 85.0 83.0 81.0 81.0 81.0 83.0 88.0 92.0 92.0 98.0 102.0 106.0 109.0 109.0 112.0 114.0 115.0 113.0 113.0 111.0 111.0 111.0 111.0 111.0 111.0 111.0 112.0 114.0 114.0
91.0 96.0 96.0 101.0 106.0 107.0 107.0 108.0 107.0 103.0 102.0 102.0 94.0 87.0 80.0 78.0 78.0 76.0 71.0 68.0 67.0 67.0 66.0 65.0 65.0 65.0 65.0 68.0 71.0 71.0 72.0 72.0 72.0 73.0 75.0 75.0 76.0 76.0 75.0 73.0 73.0 73.0 73.0 75.0 77.0 78.0 80.0 80.0 82.0 84.0 83.0 83.0 83.0 82.0 85.0 88.0 92.0 92.0 97.0 101.0 105.0 108.0 108.0 110.0 112.0 113.0 113.0 113.0 111.0 110.0 108.0 109.0 109.0 109.0 110.0 111.0 114.0 114.0
87.0 93.0 93.0 98.0 105.0 108.0 108.0 110.0 108.0 104.0 103.0 103.0 96.0 91.0 84.0 80.0 80.0 80.0 78.0 74.0 71.0 71.0 72.0 69.0 69.0 69.0 69.0 72.0 72.0 73.0 73.0 73.0 74.0 75.0 76.0 76.0 77.0 77.0 76.0 74.0 75.0 75.0 75.0 76.0 78.0 79.0 80.0 80.0 81.0 82.0 83.0 83.0 83.0 83.0 85.0 89.0 93.0 93.0 96.0 99.0 103.0 106.0 106.0 108.0 110.0 112.0 110.0 110.0 104.0 106.0 106.0 108.0 108.0 110.0 115.0 113.0 114.0 114.0
87.0 93.0 93.0 98.0 105.0 108.0 108.0 110.0 108.0 104.0 103.0 103.0 96.0 91.0 84.0 80.0 80.0 80.0 78.0 74.0 71.0 71.0 72.0 69.0 69.0 69.0 69.0 72.0 72.0 73.0 73.0 73.0 74.0 75.0 76.0 76.0 77.0 77.0 76.0 74.0 75.0 75.0 75.0 76.0 78.0 79.0 80.0 80.0 81.0 82.0 83.0 83.0 83.0 83.0 85.0 89.0 93.0 93.0 96.0 99.0 103.0 106.0 106.0 108.0 110.0 112.0 110.0 110.0 104.0 106.0 106.0 108.0 108.0 110.0 115.0 113.0 114.0 114.0
82.0 89.0 89.0 92.0 97.0 103.0 103.0 107.0 108.0 105.0 101.0 101.0 94.0 89.0 85.0 83.0 83.0 83.0 82.0 79.0 77.0 77.0 78.0 74.0 73.0 74.0 74.0 74.0 75.0 75.0 76.0 76.0 77.0 77.0 78.0 78.0 78.0 78.0 78.0 77.0 76.0 77.0 77.0 78.0 79.0 79.0 80.0 80.0 81.0 81.0 81.0 82.0 82.0 83.0 86.0 89.0 92.0 92.0 95.0 98.0 101.0 105.0 105.0 106.0 107.0 109.0 109.0 109.0 107.0 106.0 110.0 112.0 112.0 115.0 119.0 122.0 114.0 114.0
88.0 88.0 88.0 90.0 93.0 96.0 96.0 104.0 106.0 102.0 102.0 102.0 99.0 91.0 88.0 83.0 83.0 81.0 81.0 81.0 77.0 77.0 76.0 77.0 77.0 76.0 76.0 77.0 78.0 77.0 77.0 77.0 78.0 78.0 78.0 79.0 78.0 78.0 78.0 78.0 77.0 77.0 77.0 78.0 78.0 79.0 80.0 80.0 79.0 80.0 80.0 81.0 81.0 83.0 85.0 89.0 92.0 92.0 93.0 96.0 99.0 102.0 102.0 103.0 105.0 106.0 107.0 107.0 108.0 110.0 111.0 113.0 113.0 116.0 119.0 123.0 124.0 124.0
88.0 91.0 91.0 92.0 95.0 101.0 101.0 102.0 102.0 103.0 100.0 100.0 98.0 94.0 88.0 84.0 84.0 81.0 82.0 81.0 79.0 79.0 78.0 79.0 79.0 78.0 78.0 79.0 81.0 80.0 79.0 79.0 79.0 80.0 80.0 80.0 79.0 79.0 79.0 77.0 77.0 77.0 77.0 77.0 77.0 77.0 78.0 78.0 77.0 79.0 80.0 83.0 83.0 82.0 85.0 87.0 90.0 90.0 92.0 94.0 96.0 99.0 99.0 100.0 103.0 105.0 106.0 106.0 107.0 108.0 110.0 112.0 112.0 114.0 116.0 118.0 120.0 120.0
87.0 95.0 95.0 93.0 97.0 99.0 99.0 101.0 102.0 100.0 96.0 96.0 97.0 90.0 88.0 87.0 87.0 89.0 86.0 89.0 89.0 89.0 80.0 83.0 85.0 81.0 81.0 81.0 83.0 82.0 82.0 82.0 80.0 81.0 80.0 80.0 79.0 79.0 78.0 77.0 77.0 77.0 77.0 75.0 76.0 76.0 76.0 76.0 77.0 78.0 80.0 82.0 82.0 83.0 84.0 86.0 89.0 89.0 91.0 92.0 95.0 98.0 98.0 99.0 101.0 102.0 102.0 102.0 104.0 106.0 107.0 110.0 110.0 110.0 112.0 114.0 115.0 115.0
87.0 95.0 95.0 93.0 97.0 99.0 99.0 101.0 102.0 100.0 96.0 96.0 97.0 90.0 88.0 87.0 87.0 89.0 86.0 89.0 89.0 89.0 80.0 83.0 85.0 81.0 81.0 81.0 83.0 82.0 82.0 82.0 80.0 81.0 80.0 80.0 79.0 79.0 78.0 77.0 77.0 77.0 77.0 75.0 76.0 76.0 76.0 76.0 77.0 78.0 80.0 82.0 82.0 83.0 84.0 86.0 89.0 89.0 91.0 92.0 95.0 98.0 98.0 99.0 101.0 102.0 102.0 102.0 104.0 106.0 107.0 110.0 110.0 110.0 112.0 114.0 115.0 115.0
