KEPLER/4.2/binaries/lib/outreach-2.3.0/workflows/data/garp/NA_ASC/wet6190_ann.asc
nrows  200
ncols  400
xllcorner  -179.99962860149
yllcorner  6.7208489478326
cellsize  0.4
NODATA_value  -9999
[rows 0 to 34 of 200, columns 234 to 311 of 400]
-9999 -9999 -9999 -9999 -9999 -9999 -9999 -9999 -9999 -9999 -9999 -9999 -9999 -9999 -9999 -9999 -9999 -9999 -9999 -9999 -9999 -9999 -9999 -9999 -9999 -9999 -9999 -9999 -9999 -9999 -9999 -9999 -9999 -9999 -9999 -9999 -9999 -9999 -9999 -9999 -9999 -9999 -9999 -9999 -9999 -9999 -9999 -9999 -9999 -9999 -9999 -9999 -9999 -9999 -9999 -9999 -9999 -9999 -9999 -9999 -9999 -9999 -9999 -9999 -9999 -9999 -9999 -9999 -9999 -9999 -9999 -9999 -9999 -9999 -9999 -9999 -9999 -9999
-9999 -9999 -9999 -9999 -9999 -9999 -9999 -9999 -9999 -9999 -9999 -9999 -9999 -9999 -9999 -9999 -9999 -9999 -9999 -9999 -9999 -9999 -9999 -9999 -9999 -9999 -9999 -9999 -9999 -9999 -9999 -9999 -9999 -9999 -9999 -9999 -9999 -9999 -9999 -9999 -9999 -9999 -9999 -9999 -9999 -9999 -9999 -9999 -9999 -9999 -9999 -9999 -9999 -9999 -9999 -9999 -9999 -9999 -9999 -9999 -9999 -9999 -9999 -9999 -9999 -9999 -9999 -9999 -9999 -9999 -9999 -9999 -9999 -9999 -9999 -9999 -9999 -9999
-9999 -9999 -9999 -9999 -9999 -9999 -9999 -9999 -9999 -9999 -9999 -9999 -9999 -9999 -9999 -9999 -9999 -9999 -9999 -9999 -9999 -9999 -9999 -9999 -9999 -9999 -9999 -9999 -9999 -9999 -9999 -9999 -9999 -9999 -9999 -9999 -9999 -9999 -9999 -9999 -9999 -9999 -9999 -9999 -9999 -9999 -9999 -9999 -9999 -9999 -9999 -9999 -9999 -9999 -9999 -9999 -9999 -9999 -9999 -9999 -9999 -9999 -9999 -9999 -9999 -9999 -9999 -9999 -9999 -9999 -9999 -9999 -9999 -9999 -9999 -9999 -9999 -9999
-9999 -9999 -9999 -9999 -9999 -9999 -9999 -9999 -9999 -9999 -9999 -9999 -9999 -9999 -9999 -9999 -9999 -9999 -9999 -9999 -9999 -9999 -9999 -9999 -9999 -9999 -9999 -9999 -9999 -9999 -9999 -9999 -9999 -9999 -9999 -9999 -9999 -9999 -9999 -9999 -9999 -9999 -9999 -9999 -9999 -9999 -9999 -9999 -9999 -9999 -9999 -9999 -9999 -9999 -9999 -9999 -9999 -9999 -9999 -9999 -9999 -9999 -9999 -9999 -9999 -9999 -9999 -9999 -9999 -9999 -9999 -9999 -9999 -9999 -9999 -9999 -9999 -9999
-9999 -9999 -9999 -9999 -9999 -9999 -9999 -9999 -9999 -9999 -9999 -9999 -9999 -9999 -9999 -9999 -9999 -9999 -9999 -9999 -9999 -9999 -9999 -9999 -9999 -9999 -9999 -9999 -9999 -9999 -9999 -9999 -9999 -9999 -9999 -9999 -9999 -9999 -9999 -9999 -9999 -9999 -9999 -9999 -9999 -9999 -9999 -9999 -9999 -9999 -9999 -9999 -9999 -9999 -9999 -9999 -9999 -9999 -9999 -9999 -9999 -9999 -9999 -9999 -9999 -9999 -9999 -9999 -9999 -9999 -9999 -9999 -9999 -9999 -9999 -9999 -9999 -9999
-9999 -9999 -9999 -9999 -9999 -9999 -9999 -9999 -9999 -9999 -9999 -9999 -9999 -9999 -9999 -9999 -9999 -9999 -9999 -9999 -9999 -9999 -9999 -9999 -9999 -9999 -9999 -9999 -9999 -9999 -9999 -9999 -9999 -9999 -9999 -9999 -9999 -9999 -9999 -9999 -9999 -9999 -9999 -9999 -9999 -9999 -9999 -9999 -9999 -9999 -9999 -9999 -9999 -9999 -9999 -9999 -9999 -9999 -9999 -9999 -9999 -9999 -9999 -9999 -9999 -9999 -9999 -9999 -9999 -9999 -9999 -9999 -9999 -9999 -9999 -9999 -9999 -9999
-9999 -9999 -9999 -9999 -9999 -9999 -9999 -9999 -9999 -9999 -9999 -9999 -9999 -9999 -9999 -9999 -9999 -9999 -9999 -9999 -9999 -9999 -9999 -9999 -9999 -9999 -9999 -9999 -9999 -9999 -9999 -9999 -9999 -9999 -9999 -9999 -9999 -9999 -9999 -9999 -9999 -9999 -9999 -9999 -9999 -9999 -9999 -9999 -9999 -9999 -9999 -9999 -9999 -9999 -9999 -9999 -9999 -9999 -9999 -9999 -9999 -9999 -9999 -9999 -9999 -9999 -9999 -9999 -9999 -9999 -9999 -9999 -9999 -9999 -9999 -9999 -9999 -9999
-9999 -9999 -9999 -9999 -9999 -9999 -9999 -9999 -9999 -9999 -9999 -9999 -9999 -9999 -9999 -9999 -9999 -9999 -9999 -9999 -9999 -9999 -9999 -9999 -9999 -9999 -9999 -9999 -9999 -9999 -9999 -9999 -9999 -9999 -9999 -9999 -9999 -9999 -9999 -9999 -9999 -9999 -9999 -9999 -9999 -9999 -9999 -9999 -9999 -9999 -9999 -9999 -9999 -9999 -9999 -9999 -9999 -9999 -9999 -9999 -9999 -9999 -9999 -9999 -9999 -9999 -9999 -9999 -9999 -9999 -9999 -9999 -9999 -9999 -9999 -9999 -9999 -9999
-9999 -9999 -9999 -9999 -9999 -9999 -9999 -9999 -9999 -9999 -9999 -9999 -9999 -9999 -9999 -9999 -9999 -9999 -9999 -9999 -9999 -9999 -9999 -9999 -9999 -9999 -9999 -9999 -9999 -9999 -9999 -9999 -9999 -9999 -9999 -9999 59.0 60.0 -9999 -9999 62.0 61.0 61.0 -9999 -9999 -9999 -9999 -9999 -9999 -9999 -9999 -9999 -9999 -9999 -9999 -9999 -9999 -9999 -9999 -9999 -9999 -9999 -9999 -9999 -9999 -9999 -9999 -9999 -9999 -9999 -9999 -9999 -9999 -9999 -9999 -9999 -9999 -9999
-9999 -9999 -9999 -9999 -9999 -9999 -9999 -9999 -9999 -9999 -9999 -9999 -9999 -9999 -9999 -9999 -9999 -9999 -9999 -9999 -9999 -9999 -9999 -9999 -9999 -9999 -9999 -9999 -9999 -9999 -9999 -9999 -9999 -9999 -9999 -9999 59.0 60.0 -9999 -9999 62.0 61.0 61.0 -9999 -9999 -9999 -9999 -9999 -9999 -9999 -9999 -9999 -9999 -9999 -9999 -9999 -9999 -9999 -9999 -9999 -9999 -9999 -9999 -9999 -9999 -9999 -9999 -9999 -9999 -9999 -9999 -9999 -9999 -9999 -9999 -9999 -9999 -9999
-9999 -9999 -9999 -9999 -9999 -9999 -9999 -9999 -9999 -9999 -9999 55.0 57.0 57.0 57.0 58.0 62.0 62.0 66.0 66.0 63.0 65.0 65.0 65.0 65.0 63.0 65.0 69.0 67.0 67.0 67.0 66.0 64.0 64.0 64.0 69.0 70.0 71.0 72.0 72.0 72.0 70.0 71.0 71.0 71.0 69.0 71.0 71.0 75.0 75.0 76.0 77.0 77.0 76.0 76.0 76.0 78.0 79.0 79.0 79.0 -9999 80.0 -9999 -9999 -9999 -9999 -9999 -9999 -9999 -9999 -9999 -9999 -9999 -9999 -9999 -9999 -9999 -9999
54.0 58.0 60.0 60.0 60.0 60.0 59.0 55.0 59.0 59.0 63.0 62.0 64.0 64.0 64.0 66.0 69.0 69.0 74.0 74.0 79.0 83.0 89.0 90.0 90.0 77.0 77.0 77.0 83.0 83.0 86.0 86.0 81.0 81.0 81.0 84.0 87.0 86.0 86.0 86.0 86.0 85.0 82.0 80.0 80.0 76.0 77.0 83.0 84.0 84.0 86.0 87.0 87.0 86.0 86.0 86.0 86.0 85.0 85.0 85.0 85.0 85.0 85.0 83.0 83.0 -9999 -9999 82.0 -9999 -9999 82.0 83.0 83.0 79.0 79.0 79.0 80.0 77.0
63.0 65.0 65.0 67.0 67.0 71.0 75.0 80.0 84.0 84.0 85.0 83.0 80.0 78.0 78.0 79.0 81.0 78.0 78.0 78.0 87.0 91.0 89.0 86.0 86.0 88.0 91.0 88.0 87.0 87.0 85.0 82.0 76.0 74.0 74.0 74.0 73.0 71.0 69.0 69.0 67.0 63.0 64.0 65.0 65.0 67.0 68.0 70.0 71.0 71.0 71.0 74.0 77.0 78.0 78.0 78.0 80.0 81.0 81.0 81.0 82.0 -9999 83.0 84.0 84.0 85.0 85.0 83.0 82.0 82.0 83.0 82.0 84.0 84.0 84.0 85.0 85.0 86.0
65.0 65.0 64.0 65.0 65.0 68.0 70.0 76.0 80.0 80.0 83.0 84.0 87.0 87.0 87.0 87.0 85.0 79.0 73.0 73.0 70.0 74.0 73.0 73.0 73.0 75.0 73.0 72.0 75.0 75.0 74.0 74.0 73.0 73.0 73.0 72.0 72.0 68.0 66.0 66.0 65.0 65.0 65.0 69.0 69.0 68.0 67.0 70.0 71.0 71.0 70.0 72.0 73.0 75.0 75.0 76.0 81.0 83.0 82.0 82.0 83.0 80.0 82.0 82.0 82.0 90.0 93.0 93.0 92.0 92.0 93.0 92.0 92.0 90.0 90.0 90.0 89.0 89.0
65.0 65.0 64.0 65.0 65.0 68.0 70.0 76.0 80.0 80.0 83.0 84.0 87.0 87.0 87.0 87.0 85.0 79.0 73.0 73.0 70.0 74.0 73.0 73.0 73.0 75.0 73.0 72.0 75.0 75.0 74.0 74.0 73.0 73.0 73.0 72.0 72.0 68.0 66.0 66.0 65.0 65.0 65.0 69.0 69.0 68.0 67.0 70.0 71.0 71.0 70.0 72.0 73.0 75.0 75.0 76.0 81.0 83.0 82.0 82.0 83.0 80.0 82.0 82.0 82.0 90.0 93.0 93.0 92.0 92.0 93.0 92.0 92.0 90.0 90.0 90.0 89.0 89.0
59.0 57.0 58.0 62.0 62.0 66.0 66.0 65.0 69.0 69.0 71.0 68.0 71.0 68.0 68.0 68.0 65.0 63.0 65.0 65.0 69.0 69.0 71.0 75.0 75.0 76.0 76.0 79.0 76.0 76.0 79.0 81.0 86.0 84.0 84.0 82.0 80.0 76.0 71.0 71.0 75.0 78.0 76.0 75.0 75.0 73.0 68.0 70.0 69.0 69.0 69.0 71.0 69.0 72.0 72.0 78.0 82.0 86.0 83.0 83.0 86.0 90.0 91.0 88.0 88.0 83.0 82.0 87.0 89.0 89.0 93.0 93.0 97.0 99.0 99.0 100.0 99.0 99.0
55.0 56.0 57.0 57.0 57.0 57.0 57.0 55.0 57.0 57.0 60.0 64.0 68.0 71.0 71.0 74.0 78.0 82.0 83.0 83.0 85.0 84.0 86.0 89.0 89.0 89.0 89.0 86.0 84.0 84.0 83.0 82.0 78.0 74.0 74.0 74.0 72.0 70.0 68.0 68.0 65.0 64.0 72.0 73.0 73.0 -9999 -9999 -9999 63.0 63.0 68.0 70.0 72.0 73.0 73.0 77.0 78.0 79.0 82.0 82.0 85.0 85.0 87.0 88.0 88.0 88.0 87.0 87.0 88.0 88.0 91.0 92.0 93.0 94.0 94.0 97.0 99.0 101.0
56.0 57.0 56.0 56.0 56.0 57.0 59.0 62.0 66.0 66.0 68.0 65.0 65.0 69.0 69.0 71.0 76.0 76.0 79.0 79.0 76.0 80.0 78.0 77.0 77.0 77.0 78.0 74.0 73.0 73.0 71.0 72.0 73.0 72.0 72.0 71.0 69.0 67.0 66.0 66.0 63.0 -9999 -9999 -9999 -9999 -9999 -9999 -9999 -9999 -9999 -9999 -9999 -9999 -9999 -9999 71.0 76.0 77.0 81.0 81.0 85.0 86.0 90.0 93.0 93.0 96.0 97.0 99.0 100.0 100.0 101.0 101.0 101.0 102.0 102.0 103.0 104.0 104.0
59.0 58.0 57.0 56.0 56.0 60.0 61.0 65.0 68.0 68.0 70.0 70.0 66.0 70.0 70.0 71.0 75.0 78.0 80.0 80.0 75.0 78.0 72.0 71.0 71.0 67.0 66.0 65.0 66.0 66.0 65.0 66.0 66.0 -9999 -9999 -9999 -9999 -9999 -9999 -9999 -9999 -9999 -9999 62.0 62.0 62.0 64.0 65.0 67.0 67.0 68.0 69.0 69.0 73.0 73.0 76.0 80.0 83.0 86.0 86.0 88.0 93.0 96.0 98.0 98.0 100.0 101.0 102.0 104.0 104.0 106.0 106.0 108.0 107.0 107.0 108.0 109.0 110.0
59.0 58.0 57.0 56.0 56.0 60.0 61.0 65.0 68.0 68.0 70.0 70.0 66.0 70.0 70.0 71.0 75.0 78.0 80.0 80.0 75.0 78.0 72.0 71.0 71.0 67.0 66.0 65.0 66.0 66.0 65.0 66.0 66.0 -9999 -9999 -9999 -9999 -9999 -9999 -9999 -9999 -9999 -9999 62.0 62.0 62.0 64.0 65.0 67.0 67.0 68.0 69.0 69.0 73.0 73.0 76.0 80.0 83.0 86.0 86.0 88.0 93.0 96.0 98.0 98.0 100.0 101.0 102.0 104.0 104.0 106.0 106.0 108.0 107.0 107.0 108.0 109.0 110.0
62.0 62.0 62.0 65.0 65.0 63.0 62.0 63.0 64.0 64.0 66.0 68.0 69.0 72.0 72.0 82.0 89.0 91.0 90.0 90.0 85.0 80.0 80.0 79.0 79.0 77.0 73.0 70.0 67.0 67.0 61.0 -9999 -9999 -9999 -9999 -9999 61.0 61.0 62.0 62.0 59.0 61.0 63.0 65.0 65.0 66.0 67.0 71.0 73.0 73.0 75.0 77.0 82.0 86.0 86.0 89.0 91.0 95.0 98.0 98.0 99.0 101.0 102.0 104.0 104.0 105.0 106.0 108.0 109.0 109.0 110.0 111.0 112.0 112.0 112.0 114.0 114.0 114.0
61.0 63.0 64.0 67.0 67.0 64.0 66.0 68.0 68.0 68.0 69.0 69.0 70.0 76.0 76.0 85.0 90.0 87.0 88.0 88.0 84.0 83.0 80.0 80.0 80.0 75.0 77.0 71.0 63.0 63.0 -9999 -9999 -9999 -9999 -9999 60.0 65.0 71.0 72.0 72.0 72.0 71.0 71.0 72.0 72.0 76.0 78.0 80.0 83.0 83.0 87.0 89.0 91.0 94.0 94.0 96.0 98.0 100.0 102.0 102.0 105.0 107.0 108.0 110.0 110.0 111.0 112.0 113.0 113.0 113.0 115.0 115.0 117.0 117.0 117.0 117.0 117.0 118.0
60.0 60.0 60.0 62.0 62.0 65.0 67.0 66.0 66.0 66.0 67.0 69.0 71.0 79.0 79.0 86.0 83.0 81.0 79.0 79.0 73.0 67.0 67.0 67.0 67.0 64.0 67.0 -9999 -9999 -9999 -9999 -9999 -9999 -9999 -9999 -9999 65.0 63.0 60.0 60.0 63.0 60.0 60.0 64.0 64.0 69.0 71.0 73.0 73.0 73.0 76.0 79.0 79.0 83.0 83.0 87.0 92.0 98.0 100.0 100.0 104.0 106.0 109.0 111.0 111.0 113.0 114.0 114.0 115.0 115.0 117.0 117.0 118.0 119.0 119.0 118.0 119.0 119.0
64.0 65.0 64.0 66.0 66.0 67.0 67.0 69.0 70.0 70.0 70.0 70.0 69.0 72.0 72.0 77.0 78.0 79.0 77.0 77.0 67.0 63.0 -9999 -9999 -9999 -9999 -9999 -9999 -9999 -9999 -9999 -9999 -9999 -9999 -9999 -9999 60.0 61.0 60.0 60.0 61.0 63.0 59.0 63.0 63.0 65.0 68.0 67.0 69.0 69.0 68.0 70.0 75.0 79.0 79.0 84.0 91.0 97.0 100.0 100.0 102.0 105.0 108.0 110.0 110.0 113.0 113.0 114.0 114.0 114.0 116.0 117.0 118.0 119.0 119.0 119.0 120.0 120.0
64.0 65.0 64.0 66.0 66.0 67.0 67.0 69.0 70.0 70.0 70.0 70.0 69.0 72.0 72.0 77.0 78.0 79.0 77.0 77.0 67.0 63.0 -9999 -9999 -9999 -9999 -9999 -9999 -9999 -9999 -9999 -9999 -9999 -9999 -9999 -9999 60.0 61.0 60.0 60.0 61.0 63.0 59.0 63.0 63.0 65.0 68.0 67.0 69.0 69.0 68.0 70.0 75.0 79.0 79.0 84.0 91.0 97.0 100.0 100.0 102.0 105.0 108.0 110.0 110.0 113.0 113.0 114.0 114.0 114.0 116.0 117.0 118.0 119.0 119.0 119.0 120.0 120.0
69.0 73.0 75.0 75.0 75.0 72.0 70.0 74.0 72.0 72.0 75.0 76.0 73.0 77.0 77.0 78.0 83.0 78.0 73.0 73.0 73.0 73.0 66.0 -9999 -9999 -9999 -9999 -9999 -9999 -9999 -9999 -9999 -9999 -9999 -9999 -9999 -9999 -9999 60.0 60.0 63.0 58.0 59.0 59.0 59.0 61.0 64.0 68.0 70.0 70.0 76.0 78.0 81.0 85.0 85.0 89.0 90.0 93.0 95.0 95.0 97.0 98.0 102.0 103.0 103.0 105.0 107.0 109.0 111.0 111.0 112.0 113.0 114.0 116.0 116.0 117.0 118.0 118.0
63.0 65.0 66.0 66.0 66.0 65.0 65.0 66.0 68.0 68.0 71.0 74.0 69.0 70.0 70.0 75.0 78.0 76.0 75.0 75.0 66.0 -9999 -9999 -9999 -9999 -9999 -9999 -9999 -9999 -9999 -9999 -9999 -9999 -9999 -9999 -9999 -9999 -9999 -9999 -9999 -9999 -9999 61.0 61.0 61.0 58.0 62.0 65.0 66.0 66.0 69.0 70.0 72.0 75.0 75.0 77.0 76.0 78.0 79.0 79.0 80.0 81.0 85.0 87.0 87.0 93.0 95.0 99.0 101.0 101.0 105.0 108.0 110.0 112.0 112.0 114.0 114.0 115.0
-9999 -9999 -9999 65.0 65.0 67.0 73.0 75.0 76.0 76.0 81.0 83.0 84.0 79.0 79.0 75.0 72.0 -9999 67.0 67.0 -9999 -9999 -9999 -9999 -9999 -9999 -9999 -9999 -9999 -9999 -9999 -9999 -9999 -9999 -9999 -9999 -9999 -9999 -9999 -9999 -9999 -9999 -9999 -9999 -9999 -9999 -9999 -9999 69.0 69.0 68.0 -9999 -9999 -9999 -9999 -9999 -9999 -9999 -9999 -9999 -9999 -9999 -9999 -9999 -9999 -9999 89.0 87.0 86.0 86.0 90.0 92.0 99.0 103.0 103.0 107.0 110.0 111.0
68.0 68.0 71.0 73.0 73.0 75.0 82.0 87.0 90.0 90.0 92.0 95.0 94.0 89.0 89.0 87.0 84.0 76.0 -9999 -9999 -9999 -9999 -9999 -9999 -9999 -9999 -9999 -9999 -9999 -9999 -9999 -9999 -9999 -9999 -9999 -9999 -9999 -9999 -9999 -9999 -9999 -9999 -9999 -9999 -9999 -9999 -9999 -9999 -9999 -9999 -9999 -9999 -9999 -9999 -9999 -9999 -9999 -9999 -9999 -9999 -9999 -9999 -9999 -9999 -9999 -9999 -9999 -9999 -9999 -9999 -9999 85.0 91.0 95.0 95.0 100.0 104.0 107.0
68.0 68.0 71.0 73.0 73.0 75.0 82.0 87.0 90.0 90.0 92.0 95.0 94.0 89.0 89.0 87.0 84.0 76.0 -9999 -9999 -9999 -9999 -9999 -9999 -9999 -9999 -9999 -9999 -9999 -9999 -9999 -9999 -9999 -9999 -9999 -9999 -9999 -9999 -9999 -9999 -9999 -9999 -9999 -9999 -9999 -9999 -9999 -9999 -9999 -9999 -9999 -9999 -9999 -9999 -9999 -9999 -9999 -9999 -9999 -9999 -9999 -9999 -9999 -9999 -9999 -9999 -9999 -9999 -9999 -9999 -9999 85.0 91.0 95.0 95.0 100.0 104.0 107.0
69.0 72.0 73.0 73.0 73.0 74.0 74.0 73.0 75.0 75.0 79.0 84.0 87.0 82.0 82.0 77.0 76.0 69.0 -9999 -9999 -9999 -9999 -9999 -9999 -9999 -9999 -9999 -9999 -9999 -9999 -9999 -9999 -9999 -9999 -9999 -9999 -9999 -9999 -9999 -9999 -9999 -9999 -9999 -9999 -9999 -9999 -9999 -9999 -9999 -9999 -9999 -9999 -9999 -9999 -9999 -9999 -9999 -9999 -9999 -9999 -9999 -9999 -9999 -9999 -9999 -9999 -9999 -9999 -9999 -9999 -9999 -9999 90.0 89.0 89.0 92.0 98.0 103.0
66.0 67.0 69.0 69.0 69.0 -9999 -9999 -9999 -9999 -9999 -9999 75.0 78.0 -9999 -9999 -9999 -9999 -9999 -9999 -9999 -9999 -9999 -9999 -9999 -9999 -9999 -9999 -9999 -9999 -9999 -9999 -9999 -9999 -9999 -9999 -9999 -9999 -9999 -9999 -9999 -9999 -9999 -9999 -9999 -9999 -9999 -9999 -9999 -9999 -9999 -9999 -9999 -9999 -9999 -9999 -9999 -9999 -9999 -9999 -9999 -9999 -9999 -9999 -9999 -9999 -9999 -9999 -9999 -9999 -9999 -9999 -9999 -9999 89.0 89.0 91.0 95.0 100.0
66.0 67.0 68.0 70.0 70.0 -9999 -9999 75.0 76.0 76.0 76.0 76.0 77.0 75.0 75.0 74.0 82.0 81.0 79.0 79.0 81.0 82.0 75.0 -9999 -9999 -9999 -9999 -9999 -9999 -9999 -9999 -9999 -9999 -9999 -9999 -9999 -9999 -9999 -9999 -9999 -9999 -9999 -9999 -9999 -9999 -9999 -9999 -9999 -9999 -9999 -9999 -9999 -9999 -9999 -9999 -9999 -9999 -9999 -9999 -9999 -9999 -9999 -9999 -9999 -9999 -9999 -9999 -9999 -9999 -9999 -9999 -9999 -9999 -9999 -9999 90.0 91.0 96.0
68.0 68.0 71.0 70.0 70.0 73.0 76.0 77.0 81.0 81.0 84.0 84.0 85.0 84.0 84.0 83.0 88.0 89.0 94.0 94.0 101.0 100.0 90.0 86.0 86.0 78.0 68.0 -9999 -9999 -9999 -9999 -9999 -9999 -9999 -9999 -9999 -9999 -9999 -9999 -9999 -9999 -9999 -9999 -9999 -9999 -9999 -9999 -9999 -9999 -9999 -9999 -9999 -9999 -9999 -9999 -9999 -9999 -9999 -9999 -9999 -9999 -9999 -9999 -9999 -9999 -9999 -9999 -9999 -9999 -9999 -9999 -9999 -9999 -9999 -9999 -9999 92.0 92.0
68.0 68.0 71.0 70.0 70.0 73.0 76.0 77.0 81.0 81.0 84.0 84.0 85.0 84.0 84.0 83.0 88.0 89.0 94.0 94.0 101.0 100.0 90.0 86.0 86.0 78.0 68.0 -9999 -9999 -9999 -9999 -9999 -9999 -9999 -9999 -9999 -9999 -9999 -9999 -9999 -9999 -9999 -9999 -9999 -9999 -9999 -9999 -9999 -9999 -9999 -9999 -9999 -9999 -9999 -9999 -9999 -9999 -9999 -9999 -9999 -9999 -9999 -9999 -9999 -9999 -9999 -9999 -9999 -9999 -9999 -9999 -9999 -9999 -9999 -9999 -9999 92.0 92.0
