KEPLER/4.2/binaries/lib/outreach-2.3.0/workflows/data/garp/NA_ASC/wet6190_ann.asc
nrows  200
ncols  400
xllcorner  -179.99962860149
yllcorner  6.7208489478326
cellsize  0.4
NODATA_value  -9999
[rows 35 to 69 of 200, columns 156 to 233 of 400]
62.0 62.0 62.0 61.0 60.0 59.0 59.0 58.0 58.0 56.0 69.0 69.0 53.0 53.0 50.0 47.0 47.0 64.0 62.0 44.0 44.0 44.0 43.0 -9999 57.0 46.0 46.0 48.0 47.0 47.0 47.0 47.0 47.0 -9999 -9999 -9999 -9999 -9999 59.0 52.0 53.0 53.0 53.0 62.0 63.0 57.0 59.0 59.0 60.0 61.0 62.0 63.0 63.0 65.0 -9999 63.0 68.0 68.0 70.0 69.0 67.0 64.0 64.0 64.0 63.0 60.0 -9999 -9999 -9999 -9999 59.0 61.0 61.0 64.0 64.0 64.0 64.0 64.0
62.0 62.0 62.0 62.0 61.0 60.0 60.0 59.0 58.0 57.0 56.0 56.0 54.0 52.0 52.0 47.0 47.0 48.0 47.0 46.0 46.0 46.0 46.0 45.0 59.0 46.0 46.0 48.0 50.0 50.0 50.0 50.0 51.0 -9999 -9999 -9999 -9999 -9999 -9999 -9999 62.0 52.0 52.0 54.0 55.0 55.0 57.0 57.0 58.0 59.0 60.0 61.0 61.0 63.0 63.0 -9999 64.0 64.0 68.0 68.0 63.0 -9999 -9999 -9999 -9999 -9999 -9999 -9999 -9999 -9999 61.0 61.0 61.0 63.0 63.0 63.0 64.0 64.0
62.0 61.0 61.0 61.0 60.0 60.0 60.0 58.0 57.0 56.0 55.0 55.0 54.0 52.0 51.0 50.0 50.0 49.0 50.0 49.0 48.0 48.0 48.0 47.0 46.0 47.0 47.0 49.0 51.0 53.0 53.0 53.0 53.0 54.0 -9999 -9999 -9999 -9999 -9999 -9999 -9999 -9999 -9999 -9999 65.0 54.0 55.0 55.0 56.0 57.0 58.0 59.0 59.0 60.0 -9999 64.0 65.0 65.0 68.0 63.0 59.0 -9999 -9999 -9999 -9999 -9999 -9999 -9999 -9999 58.0 60.0 61.0 61.0 61.0 62.0 62.0 63.0 63.0
61.0 61.0 61.0 61.0 60.0 60.0 60.0 59.0 58.0 56.0 54.0 54.0 53.0 51.0 50.0 50.0 50.0 49.0 51.0 49.0 50.0 50.0 49.0 48.0 49.0 51.0 51.0 53.0 54.0 55.0 57.0 57.0 57.0 57.0 62.0 -9999 -9999 -9999 -9999 -9999 -9999 -9999 -9999 -9999 -9999 -9999 65.0 65.0 54.0 54.0 -9999 -9999 -9999 -9999 60.0 63.0 64.0 64.0 65.0 65.0 62.0 60.0 60.0 -9999 -9999 -9999 -9999 -9999 -9999 -9999 59.0 58.0 58.0 58.0 58.0 59.0 60.0 60.0
61.0 61.0 61.0 61.0 60.0 60.0 60.0 59.0 58.0 56.0 54.0 54.0 53.0 51.0 50.0 50.0 50.0 49.0 51.0 49.0 50.0 50.0 49.0 48.0 49.0 51.0 51.0 53.0 54.0 55.0 57.0 57.0 57.0 57.0 62.0 -9999 -9999 -9999 -9999 -9999 -9999 -9999 -9999 -9999 -9999 -9999 65.0 65.0 54.0 54.0 -9999 -9999 -9999 -9999 60.0 63.0 64.0 64.0 65.0 65.0 62.0 60.0 60.0 -9999 -9999 -9999 -9999 -9999 -9999 -9999 59.0 58.0 58.0 58.0 58.0 59.0 60.0 60.0
62.0 61.0 61.0 61.0 61.0 60.0 60.0 59.0 58.0 55.0 54.0 54.0 52.0 50.0 50.0 50.0 50.0 50.0 51.0 50.0 50.0 50.0 51.0 50.0 51.0 53.0 53.0 55.0 57.0 58.0 61.0 61.0 61.0 61.0 60.0 57.0 65.0 65.0 66.0 -9999 -9999 -9999 -9999 67.0 67.0 -9999 -9999 -9999 -9999 -9999 -9999 -9999 -9999 63.0 57.0 60.0 62.0 62.0 63.0 62.0 63.0 61.0 61.0 59.0 58.0 -9999 -9999 -9999 -9999 -9999 -9999 61.0 61.0 57.0 57.0 57.0 57.0 57.0
-9999 73.0 73.0 72.0 62.0 61.0 61.0 61.0 59.0 56.0 54.0 54.0 52.0 50.0 50.0 50.0 50.0 50.0 50.0 51.0 50.0 50.0 50.0 51.0 52.0 55.0 55.0 57.0 61.0 62.0 65.0 65.0 65.0 66.0 63.0 61.0 58.0 58.0 56.0 52.0 50.0 68.0 68.0 68.0 -9999 -9999 -9999 -9999 -9999 -9999 -9999 -9999 -9999 -9999 56.0 58.0 59.0 59.0 61.0 61.0 60.0 60.0 60.0 58.0 57.0 56.0 -9999 -9999 -9999 -9999 -9999 -9999 -9999 61.0 64.0 57.0 57.0 57.0
-9999 73.0 73.0 62.0 64.0 64.0 64.0 64.0 63.0 60.0 57.0 57.0 55.0 53.0 53.0 53.0 53.0 52.0 52.0 51.0 52.0 52.0 52.0 53.0 55.0 57.0 57.0 59.0 63.0 66.0 69.0 69.0 71.0 69.0 67.0 63.0 59.0 59.0 55.0 69.0 49.0 49.0 49.0 69.0 -9999 -9999 -9999 -9999 -9999 51.0 52.0 66.0 66.0 65.0 64.0 55.0 56.0 56.0 56.0 56.0 55.0 55.0 55.0 56.0 55.0 -9999 57.0 57.0 -9999 -9999 -9999 -9999 -9999 -9999 -9999 -9999 68.0 68.0
73.0 -9999 -9999 -9999 75.0 67.0 67.0 66.0 64.0 59.0 55.0 55.0 53.0 51.0 52.0 52.0 52.0 53.0 53.0 52.0 52.0 52.0 52.0 52.0 56.0 58.0 58.0 61.0 73.0 67.0 72.0 72.0 76.0 74.0 70.0 65.0 60.0 60.0 56.0 52.0 72.0 71.0 71.0 71.0 71.0 71.0 70.0 70.0 51.0 52.0 53.0 54.0 54.0 55.0 55.0 64.0 62.0 62.0 -9999 56.0 54.0 55.0 55.0 57.0 57.0 57.0 56.0 56.0 57.0 58.0 -9999 57.0 57.0 64.0 -9999 -9999 -9999 -9999
73.0 -9999 -9999 -9999 75.0 67.0 67.0 66.0 64.0 59.0 55.0 55.0 53.0 51.0 52.0 52.0 52.0 53.0 53.0 52.0 52.0 52.0 52.0 52.0 56.0 58.0 58.0 61.0 73.0 67.0 72.0 72.0 76.0 74.0 70.0 65.0 60.0 60.0 56.0 52.0 72.0 71.0 71.0 71.0 71.0 71.0 70.0 70.0 51.0 52.0 53.0 54.0 54.0 55.0 55.0 64.0 62.0 62.0 -9999 56.0 54.0 55.0 55.0 57.0 57.0 57.0 56.0 56.0 57.0 58.0 -9999 57.0 57.0 64.0 -9999 -9999 -9999 -9999
66.0 66.0 66.0 66.0 69.0 72.0 72.0 71.0 69.0 77.0 -9999 -9999 50.0 51.0 52.0 54.0 54.0 54.0 54.0 53.0 50.0 50.0 50.0 78.0 78.0 77.0 77.0 63.0 67.0 72.0 75.0 75.0 75.0 74.0 75.0 74.0 75.0 75.0 75.0 73.0 74.0 -9999 -9999 -9999 73.0 72.0 72.0 72.0 71.0 52.0 53.0 55.0 55.0 56.0 57.0 57.0 64.0 64.0 62.0 57.0 60.0 58.0 58.0 60.0 60.0 63.0 62.0 62.0 59.0 -9999 58.0 60.0 60.0 59.0 58.0 -9999 -9999 -9999
69.0 70.0 70.0 72.0 75.0 78.0 78.0 79.0 75.0 68.0 78.0 78.0 -9999 -9999 -9999 80.0 80.0 80.0 81.0 -9999 -9999 -9999 -9999 79.0 59.0 63.0 63.0 65.0 69.0 73.0 76.0 76.0 76.0 74.0 77.0 77.0 77.0 77.0 -9999 -9999 -9999 -9999 -9999 -9999 -9999 -9999 -9999 -9999 73.0 55.0 55.0 57.0 57.0 58.0 69.0 67.0 66.0 66.0 65.0 59.0 60.0 61.0 61.0 61.0 62.0 62.0 62.0 62.0 61.0 60.0 60.0 61.0 61.0 59.0 58.0 70.0 -9999 -9999
72.0 73.0 73.0 76.0 79.0 82.0 82.0 85.0 81.0 73.0 67.0 67.0 62.0 83.0 60.0 61.0 61.0 62.0 62.0 62.0 62.0 62.0 62.0 83.0 82.0 68.0 68.0 72.0 74.0 76.0 80.0 80.0 80.0 79.0 75.0 72.0 69.0 69.0 63.0 58.0 56.0 55.0 55.0 55.0 57.0 56.0 57.0 57.0 57.0 58.0 58.0 59.0 59.0 62.0 61.0 69.0 63.0 63.0 64.0 64.0 65.0 65.0 65.0 66.0 66.0 66.0 65.0 65.0 65.0 64.0 63.0 65.0 65.0 64.0 61.0 -9999 -9999 -9999
74.0 75.0 75.0 78.0 80.0 83.0 83.0 85.0 83.0 78.0 74.0 74.0 70.0 68.0 68.0 68.0 68.0 70.0 70.0 70.0 69.0 69.0 70.0 70.0 70.0 71.0 71.0 74.0 76.0 78.0 80.0 80.0 80.0 80.0 78.0 75.0 72.0 72.0 70.0 66.0 65.0 64.0 64.0 63.0 64.0 61.0 61.0 61.0 62.0 63.0 63.0 64.0 64.0 65.0 65.0 65.0 65.0 65.0 68.0 68.0 68.0 68.0 68.0 68.0 68.0 69.0 69.0 69.0 69.0 68.0 69.0 68.0 68.0 67.0 66.0 63.0 61.0 61.0
74.0 75.0 75.0 78.0 80.0 83.0 83.0 85.0 83.0 78.0 74.0 74.0 70.0 68.0 68.0 68.0 68.0 70.0 70.0 70.0 69.0 69.0 70.0 70.0 70.0 71.0 71.0 74.0 76.0 78.0 80.0 80.0 80.0 80.0 78.0 75.0 72.0 72.0 70.0 66.0 65.0 64.0 64.0 63.0 64.0 61.0 61.0 61.0 62.0 63.0 63.0 64.0 64.0 65.0 65.0 65.0 65.0 65.0 68.0 68.0 68.0 68.0 68.0 68.0 68.0 69.0 69.0 69.0 69.0 68.0 69.0 68.0 68.0 67.0 66.0 63.0 61.0 61.0
75.0 78.0 78.0 80.0 82.0 84.0 84.0 85.0 85.0 83.0 81.0 81.0 79.0 78.0 78.0 78.0 78.0 79.0 79.0 79.0 79.0 79.0 79.0 79.0 79.0 79.0 79.0 80.0 82.0 82.0 83.0 83.0 82.0 81.0 79.0 77.0 74.0 74.0 72.0 70.0 69.0 68.0 68.0 66.0 65.0 65.0 65.0 65.0 66.0 67.0 68.0 68.0 68.0 70.0 70.0 70.0 71.0 71.0 73.0 73.0 73.0 73.0 73.0 72.0 70.0 71.0 70.0 70.0 72.0 72.0 71.0 70.0 70.0 70.0 70.0 68.0 67.0 67.0
76.0 78.0 78.0 80.0 82.0 84.0 84.0 85.0 86.0 84.0 83.0 83.0 83.0 83.0 83.0 84.0 84.0 85.0 86.0 86.0 85.0 85.0 84.0 84.0 85.0 83.0 83.0 83.0 84.0 84.0 84.0 84.0 84.0 82.0 81.0 79.0 78.0 78.0 76.0 74.0 72.0 72.0 72.0 71.0 70.0 69.0 70.0 70.0 71.0 71.0 72.0 73.0 73.0 74.0 75.0 74.0 75.0 75.0 77.0 76.0 76.0 76.0 76.0 76.0 74.0 72.0 72.0 72.0 73.0 73.0 72.0 73.0 73.0 72.0 72.0 71.0 69.0 69.0
78.0 79.0 79.0 80.0 82.0 84.0 84.0 85.0 85.0 86.0 86.0 86.0 86.0 86.0 88.0 89.0 89.0 91.0 93.0 94.0 91.0 91.0 90.0 89.0 88.0 88.0 88.0 88.0 88.0 87.0 87.0 87.0 86.0 85.0 84.0 83.0 81.0 81.0 80.0 79.0 78.0 76.0 76.0 76.0 76.0 73.0 74.0 74.0 74.0 76.0 77.0 78.0 78.0 78.0 79.0 78.0 79.0 79.0 79.0 79.0 78.0 78.0 78.0 77.0 77.0 76.0 74.0 74.0 74.0 74.0 72.0 70.0 70.0 71.0 72.0 73.0 72.0 72.0
79.0 79.0 79.0 80.0 81.0 83.0 83.0 85.0 86.0 87.0 87.0 87.0 88.0 89.0 90.0 93.0 93.0 96.0 98.0 98.0 95.0 95.0 93.0 92.0 92.0 91.0 91.0 90.0 90.0 89.0 89.0 89.0 88.0 87.0 86.0 85.0 84.0 84.0 83.0 82.0 80.0 80.0 80.0 80.0 79.0 78.0 78.0 78.0 79.0 80.0 81.0 82.0 82.0 83.0 84.0 83.0 83.0 83.0 81.0 80.0 80.0 79.0 79.0 79.0 79.0 78.0 78.0 78.0 78.0 78.0 78.0 76.0 76.0 74.0 73.0 74.0 73.0 73.0
79.0 79.0 79.0 80.0 81.0 83.0 83.0 85.0 86.0 87.0 87.0 87.0 88.0 89.0 90.0 93.0 93.0 96.0 98.0 98.0 95.0 95.0 93.0 92.0 92.0 91.0 91.0 90.0 90.0 89.0 89.0 89.0 88.0 87.0 86.0 85.0 84.0 84.0 83.0 82.0 80.0 80.0 80.0 80.0 79.0 78.0 78.0 78.0 79.0 80.0 81.0 82.0 82.0 83.0 84.0 83.0 83.0 83.0 81.0 80.0 80.0 79.0 79.0 79.0 79.0 78.0 78.0 78.0 78.0 78.0 78.0 76.0 76.0 74.0 73.0 74.0 73.0 73.0
78.0 78.0 78.0 79.0 80.0 82.0 82.0 84.0 87.0 88.0 90.0 90.0 91.0 92.0 93.0 95.0 95.0 97.0 98.0 99.0 98.0 98.0 98.0 96.0 95.0 93.0 93.0 92.0 92.0 91.0 91.0 91.0 90.0 89.0 88.0 88.0 86.0 86.0 86.0 85.0 84.0 83.0 83.0 81.0 80.0 81.0 81.0 81.0 81.0 83.0 83.0 84.0 84.0 86.0 87.0 86.0 85.0 85.0 84.0 82.0 81.0 80.0 80.0 79.0 79.0 78.0 78.0 78.0 78.0 78.0 79.0 79.0 79.0 78.0 77.0 76.0 87.0 87.0
78.0 78.0 78.0 78.0 80.0 82.0 82.0 85.0 87.0 89.0 91.0 91.0 93.0 94.0 96.0 97.0 97.0 99.0 100.0 101.0 100.0 100.0 100.0 98.0 97.0 96.0 96.0 95.0 94.0 93.0 93.0 93.0 92.0 91.0 90.0 90.0 89.0 89.0 89.0 88.0 87.0 87.0 87.0 85.0 85.0 84.0 85.0 85.0 85.0 86.0 87.0 89.0 89.0 90.0 91.0 89.0 87.0 87.0 84.0 83.0 83.0 81.0 81.0 80.0 80.0 80.0 81.0 81.0 80.0 80.0 80.0 80.0 80.0 79.0 79.0 88.0 -9999 -9999
78.0 78.0 78.0 78.0 79.0 81.0 81.0 85.0 88.0 90.0 92.0 92.0 95.0 97.0 99.0 100.0 100.0 101.0 102.0 103.0 103.0 103.0 102.0 101.0 100.0 99.0 99.0 98.0 96.0 95.0 94.0 94.0 93.0 93.0 92.0 92.0 91.0 91.0 91.0 89.0 90.0 89.0 89.0 89.0 89.0 89.0 88.0 88.0 89.0 90.0 90.0 91.0 91.0 91.0 92.0 91.0 89.0 89.0 88.0 86.0 84.0 83.0 83.0 82.0 82.0 82.0 81.0 81.0 81.0 81.0 86.0 -9999 -9999 88.0 -9999 -9999 92.0 92.0
78.0 78.0 78.0 78.0 79.0 82.0 82.0 86.0 89.0 91.0 93.0 93.0 95.0 98.0 100.0 102.0 102.0 103.0 104.0 104.0 103.0 103.0 103.0 103.0 102.0 100.0 100.0 100.0 97.0 97.0 96.0 96.0 95.0 93.0 93.0 94.0 94.0 94.0 92.0 92.0 101.0 100.0 100.0 92.0 93.0 93.0 93.0 93.0 94.0 92.0 92.0 93.0 93.0 93.0 93.0 92.0 91.0 91.0 89.0 87.0 85.0 85.0 85.0 84.0 84.0 86.0 86.0 86.0 84.0 -9999 -9999 -9999 -9999 -9999 -9999 -9999 -9999 -9999
78.0 78.0 78.0 78.0 79.0 82.0 82.0 86.0 89.0 91.0 93.0 93.0 95.0 98.0 100.0 102.0 102.0 103.0 104.0 104.0 103.0 103.0 103.0 103.0 102.0 100.0 100.0 100.0 97.0 97.0 96.0 96.0 95.0 93.0 93.0 94.0 94.0 94.0 92.0 92.0 101.0 100.0 100.0 92.0 93.0 93.0 93.0 93.0 94.0 92.0 92.0 93.0 93.0 93.0 93.0 92.0 91.0 91.0 89.0 87.0 85.0 85.0 85.0 84.0 84.0 86.0 86.0 86.0 84.0 -9999 -9999 -9999 -9999 -9999 -9999 -9999 -9999 -9999
77.0 78.0 78.0 80.0 81.0 84.0 84.0 88.0 91.0 92.0 94.0 94.0 96.0 98.0 100.0 102.0 102.0 102.0 102.0 103.0 102.0 102.0 102.0 104.0 104.0 103.0 103.0 102.0 100.0 99.0 98.0 98.0 98.0 97.0 97.0 97.0 96.0 96.0 96.0 96.0 95.0 95.0 95.0 95.0 96.0 96.0 96.0 96.0 96.0 94.0 94.0 95.0 95.0 95.0 94.0 93.0 91.0 91.0 90.0 88.0 87.0 86.0 86.0 86.0 86.0 86.0 89.0 89.0 90.0 -9999 -9999 -9999 -9999 -9999 -9999 -9999 -9999 -9999
77.0 77.0 77.0 80.0 84.0 88.0 88.0 91.0 86.0 87.0 94.0 94.0 95.0 98.0 100.0 100.0 100.0 102.0 104.0 105.0 106.0 106.0 106.0 106.0 105.0 104.0 104.0 102.0 102.0 100.0 99.0 99.0 99.0 99.0 99.0 98.0 98.0 98.0 98.0 98.0 98.0 99.0 99.0 99.0 99.0 98.0 99.0 99.0 98.0 98.0 97.0 97.0 97.0 96.0 95.0 93.0 92.0 92.0 90.0 89.0 88.0 87.0 87.0 89.0 90.0 -9999 -9999 -9999 -9999 -9999 -9999 -9999 -9999 -9999 -9999 -9999 -9999 -9999
75.0 76.0 76.0 81.0 86.0 91.0 91.0 94.0 87.0 87.0 87.0 87.0 88.0 98.0 100.0 102.0 102.0 105.0 106.0 108.0 108.0 108.0 108.0 107.0 106.0 104.0 104.0 102.0 101.0 100.0 99.0 99.0 99.0 100.0 100.0 101.0 101.0 101.0 102.0 102.0 103.0 102.0 102.0 103.0 102.0 101.0 101.0 101.0 101.0 101.0 100.0 99.0 99.0 98.0 96.0 95.0 93.0 93.0 90.0 88.0 88.0 91.0 91.0 -9999 -9999 -9999 -9999 -9999 -9999 -9999 -9999 -9999 -9999 -9999 -9999 -9999 -9999 -9999
74.0 76.0 76.0 81.0 88.0 87.0 87.0 86.0 87.0 87.0 88.0 88.0 97.0 99.0 101.0 104.0 104.0 106.0 108.0 109.0 109.0 109.0 109.0 108.0 106.0 105.0 105.0 104.0 102.0 100.0 100.0 100.0 100.0 100.0 102.0 103.0 104.0 104.0 104.0 105.0 106.0 105.0 105.0 106.0 105.0 103.0 103.0 103.0 102.0 102.0 102.0 101.0 101.0 101.0 99.0 98.0 96.0 96.0 93.0 89.0 92.0 -9999 -9999 -9999 -9999 -9999 -9999 -9999 -9999 -9999 -9999 -9999 -9999 -9999 -9999 -9999 -9999 -9999
74.0 76.0 76.0 81.0 88.0 87.0 87.0 86.0 87.0 87.0 88.0 88.0 97.0 99.0 101.0 104.0 104.0 106.0 108.0 109.0 109.0 109.0 109.0 108.0 106.0 105.0 105.0 104.0 102.0 100.0 100.0 100.0 100.0 100.0 102.0 103.0 104.0 104.0 104.0 105.0 106.0 105.0 105.0 106.0 105.0 103.0 103.0 103.0 102.0 102.0 102.0 101.0 101.0 101.0 99.0 98.0 96.0 96.0 93.0 89.0 92.0 -9999 -9999 -9999 -9999 -9999 -9999 -9999 -9999 -9999 -9999 -9999 -9999 -9999 -9999 -9999 -9999 -9999
76.0 78.0 78.0 81.0 86.0 96.0 96.0 96.0 96.0 96.0 97.0 97.0 98.0 101.0 103.0 105.0 105.0 106.0 108.0 109.0 108.0 108.0 109.0 108.0 108.0 108.0 108.0 106.0 103.0 102.0 100.0 100.0 101.0 102.0 103.0 104.0 105.0 105.0 106.0 106.0 107.0 107.0 107.0 107.0 106.0 105.0 104.0 104.0 104.0 104.0 104.0 103.0 103.0 102.0 102.0 100.0 98.0 98.0 95.0 94.0 -9999 -9999 -9999 -9999 -9999 -9999 -9999 -9999 -9999 -9999 -9999 -9999 -9999 -9999 -9999 -9999 -9999 -9999
80.0 81.0 81.0 82.0 86.0 91.0 91.0 94.0 96.0 97.0 98.0 98.0 100.0 101.0 104.0 106.0 106.0 107.0 109.0 109.0 109.0 109.0 110.0 109.0 110.0 108.0 108.0 106.0 103.0 101.0 99.0 99.0 100.0 103.0 105.0 108.0 109.0 109.0 109.0 108.0 109.0 109.0 109.0 108.0 107.0 106.0 106.0 106.0 106.0 106.0 106.0 105.0 105.0 105.0 105.0 103.0 102.0 102.0 101.0 -9999 -9999 -9999 -9999 -9999 -9999 -9999 -9999 -9999 -9999 -9999 -9999 -9999 -9999 -9999 -9999 -9999 -9999 -9999
84.0 81.0 81.0 82.0 86.0 90.0 90.0 95.0 96.0 96.0 97.0 97.0 100.0 102.0 104.0 106.0 106.0 108.0 109.0 110.0 110.0 110.0 110.0 110.0 109.0 107.0 107.0 104.0 101.0 98.0 97.0 97.0 100.0 104.0 107.0 110.0 111.0 111.0 112.0 111.0 111.0 110.0 110.0 109.0 107.0 106.0 107.0 107.0 107.0 108.0 108.0 108.0 108.0 108.0 108.0 108.0 107.0 107.0 102.0 -9999 -9999 -9999 -9999 -9999 -9999 -9999 -9999 -9999 -9999 -9999 -9999 -9999 -9999 -9999 -9999 -9999 -9999 -9999
85.0 86.0 86.0 88.0 90.0 94.0 94.0 97.0 98.0 100.0 97.0 97.0 99.0 101.0 103.0 105.0 105.0 107.0 109.0 109.0 93.0 93.0 95.0 107.0 105.0 105.0 105.0 102.0 99.0 95.0 93.0 93.0 99.0 104.0 110.0 113.0 115.0 115.0 114.0 113.0 112.0 110.0 110.0 110.0 108.0 107.0 107.0 107.0 107.0 109.0 110.0 111.0 111.0 110.0 111.0 112.0 111.0 111.0 105.0 -9999 -9999 -9999 -9999 -9999 -9999 -9999 -9999 -9999 -9999 -9999 -9999 -9999 -9999 -9999 -9999 -9999 -9999 -9999
85.0 86.0 86.0 88.0 90.0 94.0 94.0 97.0 98.0 100.0 97.0 97.0 99.0 101.0 103.0 105.0 105.0 107.0 109.0 109.0 93.0 93.0 95.0 107.0 105.0 105.0 105.0 102.0 99.0 95.0 93.0 93.0 99.0 104.0 110.0 113.0 115.0 115.0 114.0 113.0 112.0 110.0 110.0 110.0 108.0 107.0 107.0 107.0 107.0 109.0 110.0 111.0 111.0 110.0 111.0 112.0 111.0 111.0 105.0 -9999 -9999 -9999 -9999 -9999 -9999 -9999 -9999 -9999 -9999 -9999 -9999 -9999 -9999 -9999 -9999 -9999 -9999 -9999
