KEPLER/4.2/binaries/lib/outreach-2.3.0/workflows/data/garp/NA_ASC/wet6190_ann.asc
nrows  200
ncols  400
xllcorner  -179.99962860149
yllcorner  6.7208489478326
cellsize  0.4
NODATA_value  -9999
[rows 35 to 69 of 200, columns 78 to 155 of 400]
-9999 -9999 -9999 -9999 -9999 -9999 -9999 -9999 -9999 -9999 -9999 -9999 -9999 -9999 -9999 -9999 -9999 -9999 -9999 -9999 -9999 -9999 -9999 -9999 -9999 -9999 -9999 -9999 -9999 -9999 -9999 -9999 -9999 -9999 -9999 -9999 -9999 -9999 -9999 -9999 -9999 -9999 -9999 -9999 -9999 -9999 -9999 -9999 -9999 -9999 -9999 -9999 -9999 -9999 -9999 -9999 -9999 -9999 -9999 -9999 -9999 68.0 69.0 70.0 69.0 69.0 69.0 69.0 68.0 67.0 67.0 67.0 66.0 65.0 64.0 64.0 63.0 62.0
-9999 -9999 -9999 -9999 -9999 -9999 -9999 -9999 -9999 -9999 -9999 -9999 -9999 -9999 -9999 -9999 -9999 -9999 -9999 -9999 -9999 -9999 -9999 -9999 -9999 -9999 -9999 -9999 -9999 -9999 -9999 -9999 -9999 -9999 -9999 -9999 -9999 -9999 -9999 -9999 -9999 -9999 -9999 -9999 -9999 -9999 -9999 -9999 -9999 -9999 -9999 -9999 -9999 -9999 -9999 -9999 -9999 -9999 60.0 69.0 69.0 70.0 71.0 72.0 71.0 71.0 71.0 69.0 68.0 67.0 67.0 66.0 65.0 70.0 70.0 70.0 68.0 62.0
-9999 -9999 -9999 -9999 -9999 -9999 -9999 -9999 -9999 -9999 -9999 -9999 -9999 -9999 -9999 -9999 -9999 -9999 -9999 -9999 -9999 -9999 -9999 -9999 -9999 -9999 -9999 -9999 -9999 -9999 -9999 -9999 -9999 -9999 -9999 -9999 -9999 -9999 -9999 -9999 -9999 -9999 -9999 -9999 -9999 -9999 -9999 -9999 -9999 -9999 -9999 -9999 -9999 -9999 -9999 -9999 -9999 -9999 61.0 61.0 61.0 62.0 74.0 74.0 74.0 74.0 72.0 70.0 69.0 66.0 66.0 65.0 71.0 -9999 69.0 69.0 62.0 62.0
-9999 -9999 -9999 -9999 -9999 -9999 -9999 -9999 -9999 -9999 -9999 -9999 -9999 -9999 -9999 -9999 -9999 -9999 -9999 -9999 -9999 -9999 -9999 -9999 -9999 -9999 -9999 -9999 -9999 -9999 -9999 -9999 -9999 -9999 -9999 -9999 -9999 -9999 -9999 -9999 -9999 -9999 -9999 -9999 -9999 -9999 -9999 -9999 -9999 -9999 -9999 -9999 -9999 -9999 -9999 -9999 -9999 -9999 -9999 -9999 -9999 -9999 -9999 66.0 75.0 75.0 74.0 70.0 70.0 69.0 69.0 71.0 -9999 -9999 -9999 -9999 -9999 70.0
-9999 -9999 -9999 -9999 -9999 -9999 -9999 -9999 -9999 -9999 -9999 -9999 -9999 -9999 -9999 -9999 -9999 -9999 -9999 -9999 -9999 -9999 -9999 -9999 -9999 -9999 -9999 -9999 -9999 -9999 -9999 -9999 -9999 -9999 -9999 -9999 -9999 -9999 -9999 -9999 -9999 -9999 -9999 -9999 -9999 -9999 -9999 -9999 -9999 -9999 -9999 -9999 -9999 -9999 -9999 -9999 -9999 -9999 -9999 -9999 -9999 -9999 -9999 66.0 75.0 75.0 74.0 70.0 70.0 69.0 69.0 71.0 -9999 -9999 -9999 -9999 -9999 70.0
-9999 -9999 -9999 -9999 -9999 -9999 -9999 -9999 -9999 -9999 -9999 -9999 -9999 -9999 -9999 -9999 -9999 -9999 -9999 -9999 -9999 -9999 -9999 -9999 -9999 -9999 -9999 -9999 -9999 -9999 -9999 -9999 -9999 -9999 -9999 -9999 -9999 -9999 -9999 -9999 -9999 -9999 -9999 -9999 -9999 -9999 -9999 -9999 -9999 -9999 -9999 -9999 67.0 -9999 -9999 -9999 -9999 -9999 -9999 -9999 -9999 -9999 -9999 -9999 -9999 -9999 -9999 -9999 -9999 -9999 -9999 -9999 -9999 -9999 -9999 -9999 -9999 71.0
69.0 67.0 65.0 64.0 70.0 70.0 69.0 59.0 67.0 -9999 -9999 -9999 -9999 66.0 66.0 66.0 -9999 -9999 -9999 -9999 -9999 -9999 -9999 -9999 -9999 -9999 -9999 -9999 -9999 -9999 -9999 -9999 -9999 -9999 -9999 -9999 -9999 -9999 -9999 -9999 -9999 -9999 -9999 -9999 -9999 -9999 68.0 68.0 68.0 -9999 -9999 -9999 68.0 60.0 64.0 64.0 -9999 -9999 -9999 -9999 -9999 -9999 -9999 -9999 -9999 -9999 -9999 -9999 -9999 -9999 -9999 -9999 -9999 -9999 -9999 -9999 -9999 -9999
71.0 70.0 67.0 66.0 65.0 65.0 63.0 62.0 59.0 58.0 58.0 56.0 56.0 55.0 54.0 54.0 53.0 51.0 51.0 67.0 67.0 67.0 67.0 67.0 67.0 67.0 -9999 -9999 -9999 -9999 -9999 -9999 -9999 68.0 -9999 -9999 -9999 68.0 69.0 69.0 69.0 70.0 69.0 63.0 61.0 61.0 59.0 57.0 56.0 53.0 54.0 54.0 60.0 64.0 68.0 68.0 72.0 70.0 -9999 69.0 69.0 87.0 69.0 -9999 70.0 70.0 76.0 72.0 68.0 64.0 64.0 73.0 -9999 -9999 -9999 -9999 -9999 -9999
74.0 72.0 70.0 68.0 67.0 67.0 66.0 63.0 62.0 62.0 62.0 60.0 60.0 57.0 55.0 55.0 54.0 53.0 53.0 52.0 52.0 54.0 54.0 53.0 56.0 56.0 58.0 68.0 -9999 -9999 -9999 -9999 -9999 71.0 73.0 73.0 75.0 78.0 78.0 75.0 75.0 72.0 71.0 69.0 67.0 67.0 64.0 61.0 62.0 61.0 62.0 62.0 65.0 69.0 72.0 72.0 74.0 79.0 83.0 85.0 85.0 87.0 86.0 84.0 81.0 81.0 77.0 75.0 72.0 68.0 68.0 64.0 63.0 63.0 63.0 63.0 63.0 74.0
74.0 72.0 70.0 68.0 67.0 67.0 66.0 63.0 62.0 62.0 62.0 60.0 60.0 57.0 55.0 55.0 54.0 53.0 53.0 52.0 52.0 54.0 54.0 53.0 56.0 56.0 58.0 68.0 -9999 -9999 -9999 -9999 -9999 71.0 73.0 73.0 75.0 78.0 78.0 75.0 75.0 72.0 71.0 69.0 67.0 67.0 64.0 61.0 62.0 61.0 62.0 62.0 65.0 69.0 72.0 72.0 74.0 79.0 83.0 85.0 85.0 87.0 86.0 84.0 81.0 81.0 77.0 75.0 72.0 68.0 68.0 64.0 63.0 63.0 63.0 63.0 63.0 74.0
76.0 74.0 70.0 72.0 70.0 70.0 68.0 66.0 64.0 62.0 62.0 61.0 61.0 60.0 58.0 58.0 58.0 57.0 57.0 55.0 55.0 56.0 55.0 56.0 59.0 59.0 60.0 63.0 66.0 69.0 69.0 70.0 72.0 74.0 76.0 76.0 80.0 84.0 88.0 88.0 88.0 83.0 78.0 75.0 72.0 72.0 69.0 66.0 64.0 64.0 65.0 65.0 67.0 71.0 74.0 74.0 78.0 82.0 84.0 86.0 86.0 87.0 87.0 85.0 82.0 82.0 79.0 75.0 71.0 68.0 68.0 66.0 65.0 65.0 66.0 66.0 67.0 66.0
80.0 79.0 75.0 73.0 73.0 73.0 68.0 68.0 66.0 65.0 65.0 63.0 62.0 60.0 59.0 59.0 59.0 59.0 58.0 57.0 57.0 56.0 58.0 60.0 62.0 62.0 63.0 66.0 68.0 70.0 70.0 73.0 75.0 76.0 79.0 79.0 83.0 90.0 97.0 97.0 97.0 91.0 85.0 81.0 77.0 77.0 75.0 72.0 70.0 69.0 70.0 70.0 72.0 75.0 78.0 78.0 81.0 83.0 86.0 88.0 88.0 88.0 87.0 86.0 83.0 83.0 80.0 77.0 74.0 72.0 72.0 70.0 68.0 69.0 68.0 68.0 68.0 68.0
79.0 75.0 74.0 74.0 74.0 74.0 69.0 69.0 65.0 64.0 64.0 63.0 64.0 63.0 63.0 63.0 61.0 61.0 60.0 61.0 61.0 61.0 62.0 64.0 65.0 65.0 67.0 69.0 72.0 71.0 71.0 72.0 75.0 80.0 82.0 82.0 85.0 91.0 97.0 98.0 98.0 94.0 90.0 85.0 83.0 83.0 79.0 77.0 75.0 75.0 75.0 75.0 77.0 79.0 82.0 82.0 84.0 87.0 88.0 89.0 89.0 89.0 88.0 86.0 85.0 85.0 82.0 79.0 77.0 74.0 74.0 73.0 71.0 71.0 71.0 71.0 71.0 71.0
85.0 82.0 78.0 77.0 75.0 75.0 72.0 70.0 70.0 67.0 67.0 67.0 65.0 65.0 64.0 64.0 64.0 64.0 64.0 64.0 64.0 64.0 66.0 66.0 68.0 68.0 70.0 72.0 74.0 76.0 76.0 78.0 80.0 82.0 84.0 84.0 87.0 92.0 96.0 97.0 97.0 95.0 92.0 89.0 86.0 86.0 84.0 82.0 80.0 80.0 79.0 79.0 81.0 83.0 86.0 86.0 88.0 90.0 91.0 91.0 91.0 91.0 90.0 89.0 86.0 86.0 84.0 81.0 79.0 77.0 77.0 75.0 74.0 73.0 73.0 73.0 73.0 73.0
85.0 82.0 78.0 77.0 75.0 75.0 72.0 70.0 70.0 67.0 67.0 67.0 65.0 65.0 64.0 64.0 64.0 64.0 64.0 64.0 64.0 64.0 66.0 66.0 68.0 68.0 70.0 72.0 74.0 76.0 76.0 78.0 80.0 82.0 84.0 84.0 87.0 92.0 96.0 97.0 97.0 95.0 92.0 89.0 86.0 86.0 84.0 82.0 80.0 80.0 79.0 79.0 81.0 83.0 86.0 86.0 88.0 90.0 91.0 91.0 91.0 91.0 90.0 89.0 86.0 86.0 84.0 81.0 79.0 77.0 77.0 75.0 74.0 73.0 73.0 73.0 73.0 73.0
87.0 85.0 83.0 81.0 79.0 79.0 76.0 74.0 72.0 70.0 70.0 69.0 67.0 67.0 66.0 66.0 66.0 66.0 66.0 67.0 67.0 66.0 67.0 68.0 71.0 71.0 73.0 75.0 77.0 79.0 79.0 81.0 84.0 86.0 88.0 88.0 90.0 93.0 96.0 97.0 97.0 96.0 94.0 92.0 90.0 90.0 87.0 86.0 84.0 84.0 84.0 84.0 85.0 87.0 91.0 91.0 92.0 94.0 94.0 94.0 94.0 93.0 92.0 90.0 88.0 88.0 86.0 83.0 81.0 79.0 79.0 80.0 80.0 75.0 74.0 74.0 74.0 74.0
89.0 87.0 85.0 83.0 81.0 81.0 78.0 76.0 73.0 72.0 72.0 71.0 70.0 69.0 69.0 69.0 68.0 69.0 69.0 70.0 70.0 69.0 70.0 71.0 73.0 73.0 76.0 78.0 80.0 82.0 82.0 85.0 87.0 88.0 90.0 90.0 92.0 95.0 96.0 97.0 97.0 97.0 96.0 94.0 93.0 93.0 91.0 90.0 88.0 88.0 87.0 87.0 89.0 92.0 95.0 95.0 97.0 98.0 98.0 97.0 97.0 95.0 93.0 92.0 89.0 89.0 88.0 85.0 83.0 81.0 81.0 80.0 80.0 80.0 80.0 80.0 81.0 79.0
91.0 90.0 88.0 84.0 82.0 82.0 80.0 78.0 73.0 73.0 73.0 71.0 71.0 71.0 71.0 71.0 70.0 71.0 70.0 72.0 72.0 71.0 75.0 75.0 74.0 74.0 78.0 81.0 83.0 85.0 85.0 87.0 89.0 91.0 93.0 93.0 95.0 96.0 97.0 98.0 98.0 98.0 98.0 97.0 96.0 96.0 96.0 94.0 93.0 92.0 93.0 93.0 94.0 98.0 101.0 101.0 102.0 102.0 101.0 99.0 99.0 97.0 96.0 94.0 92.0 92.0 90.0 86.0 83.0 82.0 82.0 82.0 81.0 79.0 78.0 78.0 77.0 77.0
94.0 93.0 90.0 88.0 84.0 84.0 82.0 78.0 76.0 75.0 75.0 76.0 72.0 72.0 72.0 72.0 72.0 74.0 73.0 74.0 74.0 74.0 76.0 76.0 78.0 78.0 79.0 82.0 85.0 88.0 88.0 88.0 92.0 94.0 95.0 95.0 97.0 98.0 98.0 98.0 98.0 99.0 94.0 99.0 100.0 100.0 99.0 99.0 99.0 99.0 99.0 99.0 101.0 102.0 105.0 105.0 107.0 105.0 103.0 101.0 101.0 99.0 97.0 95.0 93.0 93.0 87.0 85.0 85.0 86.0 86.0 84.0 82.0 81.0 79.0 79.0 79.0 78.0
94.0 93.0 90.0 88.0 84.0 84.0 82.0 78.0 76.0 75.0 75.0 76.0 72.0 72.0 72.0 72.0 72.0 74.0 73.0 74.0 74.0 74.0 76.0 76.0 78.0 78.0 79.0 82.0 85.0 88.0 88.0 88.0 92.0 94.0 95.0 95.0 97.0 98.0 98.0 98.0 98.0 99.0 94.0 99.0 100.0 100.0 99.0 99.0 99.0 99.0 99.0 99.0 101.0 102.0 105.0 105.0 107.0 105.0 103.0 101.0 101.0 99.0 97.0 95.0 93.0 93.0 87.0 85.0 85.0 86.0 86.0 84.0 82.0 81.0 79.0 79.0 79.0 78.0
97.0 94.0 92.0 91.0 87.0 87.0 84.0 79.0 78.0 76.0 76.0 76.0 74.0 72.0 73.0 73.0 77.0 76.0 77.0 77.0 77.0 79.0 78.0 76.0 80.0 80.0 81.0 81.0 82.0 87.0 87.0 90.0 89.0 86.0 93.0 93.0 94.0 97.0 94.0 98.0 98.0 99.0 101.0 100.0 102.0 102.0 102.0 103.0 103.0 104.0 105.0 105.0 106.0 107.0 108.0 108.0 109.0 107.0 105.0 103.0 103.0 100.0 98.0 97.0 94.0 94.0 93.0 91.0 89.0 87.0 87.0 86.0 85.0 83.0 81.0 81.0 80.0 78.0
99.0 96.0 94.0 91.0 87.0 87.0 84.0 81.0 79.0 78.0 78.0 77.0 77.0 79.0 79.0 79.0 80.0 78.0 79.0 82.0 82.0 80.0 81.0 80.0 82.0 82.0 81.0 82.0 82.0 86.0 86.0 91.0 95.0 96.0 98.0 98.0 95.0 97.0 98.0 96.0 96.0 101.0 100.0 104.0 104.0 104.0 105.0 101.0 107.0 109.0 109.0 109.0 110.0 111.0 111.0 111.0 110.0 108.0 107.0 104.0 104.0 101.0 100.0 98.0 96.0 96.0 94.0 93.0 91.0 90.0 90.0 88.0 86.0 85.0 83.0 83.0 81.0 80.0
100.0 98.0 94.0 91.0 88.0 88.0 86.0 84.0 80.0 77.0 77.0 79.0 80.0 81.0 82.0 82.0 83.0 83.0 83.0 84.0 84.0 84.0 84.0 85.0 83.0 83.0 87.0 89.0 92.0 93.0 93.0 95.0 98.0 100.0 99.0 99.0 98.0 99.0 100.0 102.0 102.0 102.0 97.0 99.0 105.0 105.0 108.0 109.0 111.0 112.0 113.0 113.0 114.0 114.0 113.0 113.0 112.0 110.0 108.0 105.0 105.0 102.0 100.0 98.0 97.0 97.0 95.0 94.0 93.0 92.0 92.0 90.0 88.0 86.0 83.0 83.0 81.0 79.0
102.0 99.0 97.0 93.0 90.0 90.0 87.0 86.0 82.0 81.0 81.0 82.0 82.0 84.0 85.0 85.0 88.0 88.0 89.0 89.0 89.0 89.0 88.0 86.0 88.0 88.0 88.0 90.0 92.0 94.0 94.0 95.0 96.0 97.0 92.0 92.0 97.0 96.0 99.0 100.0 100.0 98.0 104.0 106.0 109.0 109.0 110.0 112.0 114.0 116.0 117.0 117.0 117.0 117.0 116.0 116.0 113.0 111.0 109.0 106.0 106.0 103.0 101.0 98.0 98.0 98.0 96.0 96.0 95.0 94.0 94.0 92.0 89.0 86.0 83.0 83.0 80.0 79.0
102.0 99.0 97.0 93.0 90.0 90.0 87.0 86.0 82.0 81.0 81.0 82.0 82.0 84.0 85.0 85.0 88.0 88.0 89.0 89.0 89.0 89.0 88.0 86.0 88.0 88.0 88.0 90.0 92.0 94.0 94.0 95.0 96.0 97.0 92.0 92.0 97.0 96.0 99.0 100.0 100.0 98.0 104.0 106.0 109.0 109.0 110.0 112.0 114.0 116.0 117.0 117.0 117.0 117.0 116.0 116.0 113.0 111.0 109.0 106.0 106.0 103.0 101.0 98.0 98.0 98.0 96.0 96.0 95.0 94.0 94.0 92.0 89.0 86.0 83.0 83.0 80.0 79.0
104.0 101.0 98.0 95.0 91.0 91.0 88.0 85.0 82.0 82.0 82.0 83.0 86.0 88.0 90.0 90.0 91.0 94.0 95.0 95.0 95.0 94.0 91.0 89.0 88.0 88.0 86.0 85.0 90.0 92.0 92.0 90.0 91.0 93.0 95.0 95.0 94.0 97.0 97.0 100.0 100.0 102.0 104.0 108.0 110.0 110.0 113.0 115.0 117.0 119.0 120.0 120.0 120.0 119.0 118.0 118.0 116.0 114.0 110.0 108.0 108.0 104.0 101.0 98.0 97.0 97.0 97.0 97.0 97.0 96.0 96.0 94.0 90.0 87.0 84.0 84.0 80.0 78.0
105.0 103.0 100.0 97.0 94.0 94.0 90.0 87.0 83.0 83.0 83.0 88.0 92.0 94.0 96.0 96.0 97.0 98.0 99.0 99.0 99.0 99.0 97.0 94.0 90.0 90.0 88.0 84.0 86.0 87.0 87.0 85.0 85.0 89.0 90.0 90.0 92.0 93.0 98.0 101.0 101.0 104.0 107.0 110.0 113.0 113.0 115.0 118.0 120.0 121.0 122.0 122.0 123.0 122.0 119.0 119.0 116.0 114.0 111.0 108.0 108.0 104.0 101.0 98.0 96.0 96.0 96.0 97.0 98.0 98.0 98.0 96.0 93.0 89.0 85.0 85.0 82.0 78.0
105.0 103.0 102.0 100.0 98.0 98.0 95.0 92.0 90.0 90.0 90.0 93.0 96.0 100.0 102.0 102.0 103.0 104.0 105.0 106.0 106.0 104.0 101.0 97.0 91.0 91.0 87.0 83.0 83.0 85.0 85.0 85.0 85.0 88.0 92.0 92.0 93.0 96.0 98.0 101.0 101.0 101.0 108.0 111.0 114.0 114.0 117.0 120.0 122.0 124.0 125.0 125.0 125.0 123.0 120.0 120.0 116.0 113.0 110.0 107.0 107.0 104.0 101.0 99.0 97.0 97.0 97.0 98.0 99.0 101.0 101.0 97.0 92.0 88.0 84.0 84.0 80.0 77.0
106.0 106.0 106.0 103.0 103.0 103.0 100.0 99.0 98.0 98.0 98.0 101.0 103.0 106.0 109.0 109.0 113.0 113.0 112.0 111.0 111.0 109.0 107.0 104.0 98.0 98.0 93.0 90.0 87.0 86.0 86.0 87.0 88.0 91.0 95.0 95.0 96.0 97.0 98.0 101.0 101.0 105.0 109.0 113.0 116.0 116.0 119.0 123.0 124.0 125.0 126.0 126.0 124.0 122.0 119.0 119.0 115.0 112.0 109.0 106.0 106.0 104.0 101.0 98.0 95.0 95.0 95.0 97.0 98.0 99.0 99.0 96.0 91.0 88.0 83.0 83.0 79.0 76.0
106.0 106.0 106.0 103.0 103.0 103.0 100.0 99.0 98.0 98.0 98.0 101.0 103.0 106.0 109.0 109.0 113.0 113.0 112.0 111.0 111.0 109.0 107.0 104.0 98.0 98.0 93.0 90.0 87.0 86.0 86.0 87.0 88.0 91.0 95.0 95.0 96.0 97.0 98.0 101.0 101.0 105.0 109.0 113.0 116.0 116.0 119.0 123.0 124.0 125.0 126.0 126.0 124.0 122.0 119.0 119.0 115.0 112.0 109.0 106.0 106.0 104.0 101.0 98.0 95.0 95.0 95.0 97.0 98.0 99.0 99.0 96.0 91.0 88.0 83.0 83.0 79.0 76.0
108.0 109.0 107.0 105.0 102.0 102.0 101.0 105.0 105.0 106.0 106.0 108.0 111.0 114.0 116.0 116.0 119.0 121.0 122.0 121.0 121.0 118.0 116.0 113.0 109.0 109.0 105.0 99.0 94.0 91.0 91.0 92.0 94.0 96.0 98.0 98.0 98.0 98.0 99.0 102.0 102.0 107.0 111.0 114.0 117.0 117.0 121.0 124.0 126.0 126.0 125.0 125.0 122.0 120.0 117.0 117.0 115.0 111.0 109.0 105.0 105.0 104.0 100.0 94.0 92.0 92.0 95.0 97.0 98.0 97.0 97.0 95.0 91.0 88.0 84.0 84.0 80.0 78.0
113.0 113.0 112.0 106.0 105.0 105.0 104.0 104.0 104.0 106.0 106.0 118.0 121.0 124.0 127.0 127.0 130.0 131.0 134.0 133.0 133.0 133.0 131.0 126.0 123.0 123.0 116.0 111.0 106.0 102.0 102.0 101.0 102.0 104.0 103.0 103.0 103.0 99.0 99.0 103.0 103.0 110.0 112.0 115.0 118.0 118.0 123.0 127.0 128.0 127.0 124.0 124.0 119.0 117.0 115.0 115.0 113.0 110.0 108.0 105.0 105.0 103.0 98.0 93.0 92.0 92.0 95.0 97.0 98.0 97.0 97.0 94.0 91.0 87.0 84.0 84.0 82.0 81.0
115.0 118.0 -9999 108.0 -9999 -9999 -9999 -9999 -9999 -9999 -9999 110.0 -9999 -9999 -9999 -9999 -9999 -9999 128.0 129.0 129.0 161.0 167.0 170.0 154.0 154.0 141.0 131.0 122.0 120.0 120.0 113.0 114.0 114.0 113.0 113.0 109.0 104.0 100.0 105.0 105.0 109.0 114.0 116.0 120.0 120.0 124.0 128.0 131.0 128.0 122.0 122.0 117.0 115.0 112.0 112.0 111.0 110.0 109.0 106.0 106.0 102.0 98.0 97.0 97.0 97.0 99.0 100.0 98.0 95.0 95.0 92.0 89.0 87.0 85.0 85.0 83.0 83.0
-9999 -9999 -9999 -9999 -9999 -9999 -9999 -9999 -9999 -9999 -9999 -9999 -9999 -9999 -9999 -9999 -9999 -9999 -9999 -9999 -9999 -9999 -9999 145.0 142.0 142.0 163.0 154.0 138.0 133.0 133.0 130.0 132.0 135.0 133.0 133.0 120.0 115.0 111.0 111.0 111.0 113.0 115.0 116.0 119.0 119.0 123.0 129.0 133.0 128.0 123.0 123.0 119.0 114.0 112.0 112.0 112.0 110.0 109.0 107.0 107.0 104.0 101.0 101.0 102.0 102.0 103.0 102.0 99.0 95.0 95.0 92.0 88.0 86.0 84.0 84.0 84.0 84.0
-9999 -9999 -9999 -9999 -9999 -9999 -9999 -9999 -9999 -9999 -9999 -9999 -9999 -9999 -9999 -9999 -9999 -9999 -9999 -9999 -9999 -9999 -9999 145.0 142.0 142.0 163.0 154.0 138.0 133.0 133.0 130.0 132.0 135.0 133.0 133.0 120.0 115.0 111.0 111.0 111.0 113.0 115.0 116.0 119.0 119.0 123.0 129.0 133.0 128.0 123.0 123.0 119.0 114.0 112.0 112.0 112.0 110.0 109.0 107.0 107.0 104.0 101.0 101.0 102.0 102.0 103.0 102.0 99.0 95.0 95.0 92.0 88.0 86.0 84.0 84.0 84.0 84.0
